935604.793286516 1916233.61677642
935605.740808177 1916233.628798
935605.7560994928 1916233.6279914782
935605.7714091464 1916233.6271588292
935605.7867371377 1916233.6263000534
935605.8020834668 1916233.6254151503
935605.8174481336 1916233.6245041203
935605.8328311382 1916233.6235669632
935605.8482324805 1916233.622603679
935605.8636521606 1916233.621614268
935605.8790901785 1916233.6205987302
935605.8945465342 1916233.619557065
935605.9100212274 1916233.6184892727
935605.9255142587 1916233.6173953535
935605.9410256275 1916233.6162753073
935605.9565553342 1916233.615129134
935605.9721033785 1916233.6139568337
935605.9876697608 1916233.6127584064
935606.0032544807 1916233.611533852
935606.0188575384 1916233.6102831706
935606.0344789338 1916233.6090063623
935606.0501186671 1916233.6077034269
935606.0657767379 1916233.6063743646
935606.0814531466 1916233.605019175
935606.097147893 1916233.6036378585
935606.1128609774 1916233.602230415
935606.1285923993 1916233.6007968443
935606.144342159 1916233.5993371469
935606.1601102565 1916233.5978513225
935606.1758966919 1916233.5963393708
935606.1917014648 1916233.594801292
935606.2075245756 1916233.5932370864
935606.2233660241 1916233.5916467535
935606.2392258104 1916233.590030294
935606.2551039344 1916233.5883877072
935606.2710003962 1916233.5867189935
935606.2869151958 1916233.5850241526
935606.302848333 1916233.5833031847
935606.3187998082 1916233.5815560897
935606.3347696209 1916233.5797828678
935606.3507577716 1916233.577983519
935606.3667642599 1916233.5761580432
935606.3827890861 1916233.57430644
935606.3988322498 1916233.57242871
935606.4148937515 1916233.570524853
935606.4309735908 1916233.568594869
935606.447071768 1916233.566638758
935606.4631882829 1916233.5646565198
935606.4793231356 1916233.5626481548
935606.4954763259 1916233.5606136625
935606.5116478541 1916233.5585530433
935606.52783772 1916233.556466297
935606.5440459237 1916233.554353424
935606.5602724651 1916233.5522144237
935606.5765173443 1916233.5500492963
935606.5927805613 1916233.547858042
935606.609062116 1916233.5456406607
935606.6253620085 1916233.5433971523
935606.6416802387 1916233.5411275171
935606.6580168066 1916233.5388317546
935606.6743717124 1916233.536509865
935606.6907449559 1916233.5341618485
935606.7071365372 1916233.531787705
935606.7235464561 1916233.5293874345
935606.739974713 1916233.526961037
935606.7564213075 1916233.5245085123
935606.7728862398 1916233.5220298609
935606.7893695098 1916233.519525082
935606.8058711175 1916233.5169941764
935606.8223910631 1916233.5144371437
935606.8389293463 1916233.511853984
935606.8554859675 1916233.5092446974
935606.8720609263 1916233.5066092836
935606.888654223 1916233.5039477427
935606.9052658572 1916233.5012600748
935606.9218958294 1916233.49854628
935606.9385441391 1916233.4958063583
935606.9552107868 1916233.4930403093
935606.9718957721 1916233.4902481332
935606.9885990953 1916233.4874298302
935607.0053207561 1916233.4845854002
935607.0220607548 1916233.4817148433
935607.0388190912 1916233.4788181593
935607.0555957655 1916233.4758953482
935607.0723907773 1916233.47294641
935607.089204127 1916233.469971345
935607.1060358144 1916233.4669701527
935607.1228858397 1916233.4639428335
935607.1397542026 1916233.4608893876
935607.1566409033 1916233.4578098143
935607.1735459417 1916233.454704114
935607.190469318 1916233.4515722867
935607.2074110319 1916233.4484143322
935607.2243710837 1916233.445230251
935607.2413494731 1916233.4420200428
935607.2583462005 1916233.4387837073
935607.2753612654 1916233.4355212448
935607.2923946682 1916233.4322326554
935607.3094464086 1916233.4289179388
935607.326516487 1916233.4255770952
935607.343604903 1916233.422210125
935607.3607116567 1916233.4188170275
935607.3778367484 1916233.4153978028
935607.3949801776 1916233.411952451
935607.4121419447 1916233.4084809725
935607.4293220495 1916233.404983367
935607.4465204921 1916233.4014596343
935607.4637372724 1916233.3979097747
935607.4809723906 1916233.3943337877
935607.4982258463 1916233.390731674
935607.51549764 1916233.3871034333
935607.5327877713 1916233.3834490655
935607.5500962406 1916233.3797685707
935607.5674230474 1916233.3760619487
935607.584768192 1916233.3723291997
935607.6021316744 1916233.3685703238
935607.6195134947 1916233.3647853208
935607.6369136525 1916233.360974191
935607.6543321483 1916233.357136934
935607.6717689816 1916233.35327355
935607.6892241528 1916233.349384039
935607.7066976618 1916233.3454684007
935607.7241895085 1916233.3415266355
935607.7416996929 1916233.3375587435
935607.7592282152 1916233.3335647243
935607.7767750751 1916233.3295445782
935607.7943402729 1916233.325498305
935607.8119238083 1916233.3214259045
935607.8295256816 1916233.3173273774
935607.8471458926 1916233.3132027232
935607.8647844414 1916233.3090519418
935607.8824413278 1916233.3048750334
935607.9001165521 1916233.300671998
935607.9178101142 1916233.2964428356
935607.935522014 1916233.2921875461
935607.9532522515 1916233.2879061298
935607.9710008268 1916233.2835985862
935607.9887677399 1916233.2792649157
935608.0065529906 1916233.2749051182
935608.0243565793 1916233.2705191935
935608.0421785056 1916233.266107142
935608.0600187697 1916233.2616689636
935608.0778773716 1916233.257204658
935608.0957543112 1916233.252714225
935608.1136495885 1916233.2481976654
935608.1315632036 1916233.2436549787
935608.1494951565 1916233.2390861649
935608.1674454472 1916233.2344912242
935608.1854140755 1916233.2298701564
935608.2034010418 1916233.2252229615
935608.2214063456 1916233.2205496395
935608.2394299874 1916233.2158501907
935608.2574719667 1916233.2111246148
935608.2755322839 1916233.206372912
935608.2936109388 1916233.201595082
935608.3117079316 1916233.196791125
935608.329823262 1916233.191961041
935608.3479569303 1916233.1871048298
935608.3661089363 1916233.1822224916
935608.38427928 1916233.1773140267
935608.4024679614 1916233.1723794346
935608.4206749807 1916233.1674187153
935608.4389003377 1916233.1624318692
935608.4571440325 1916233.157418896
935608.475406065 1916233.1523797957
935608.4936864353 1916233.1473145685
935608.5119851433 1916233.1422232143
935608.530302189 1916233.137105733
935608.5486375726 1916233.1319621245
935608.5669912938 1916233.1267923892
935608.585363353 1916233.1215965266
935608.6037537497 1916233.1163745373
935608.6221624843 1916233.111126421
935608.6405895567 1916233.1058521774
935608.6590349668 1916233.1005518069
935608.6774987146 1916233.0952253093
935608.6959808003 1916233.0898726848
935608.7144812236 1916233.0844939332
935608.7329999848 1916233.0790890546
935608.7515370835 1916233.073658049
935608.7700925203 1916233.0682009163
935608.7886662947 1916233.0627176566
935608.8072584069 1916233.0572082698
935608.8258688566 1916233.0516727562
935608.8444976445 1916233.0461111155
935608.8631447698 1916233.0405233477
935608.881810233 1916233.0349094528
935608.9004940339 1916233.0292694308
935608.9191961726 1916233.023603282
935608.937916649 1916233.0179110062
935608.9566554633 1916233.0121926032
935608.9754126152 1916233.0064480733
935608.994188105 1916233.0006774163
935609.0129819325 1916232.9948806323
935609.0317940977 1916232.989057721
935609.0506246007 1916232.9832086833
935609.0694734416 1916232.9773335182
935609.08834062 1916232.971432226
935609.1072261364 1916232.9655048067
935609.1261299903 1916232.9595512606
935609.1450521821 1916232.9535715873
935609.1639927116 1916232.9475657872
935609.1829515789 1916232.94153386
935609.201928784 1916232.9354758058
935609.2209243268 1916232.9293916244
935609.2399382074 1916232.923281316
935609.2589704257 1916232.9171448809
935609.2780209818 1916232.9109823185
935609.2970898756 1916232.904793629
935609.3161771073 1916232.8985788124
935609.3352826766 1916232.892337869
935609.3544065838 1916232.8860707984
935609.3735488285 1916232.879777601
935609.3927094113 1916232.8734582765
935609.4118883316 1916232.867112825
935609.4310855898 1916232.8607412463
935609.4503011857 1916232.8543435405
935609.4695351194 1916232.847919708
935609.4887873908 1916232.8414697484
935609.508058 1916232.8349936616
935609.5273469469 1916232.828491448
935609.5466542316 1916232.821963107
935609.5659798541 1916232.8154086394
935609.5853238143 1916232.8088280444
935609.6046861123 1916232.8022213227
935609.624066748 1916232.7955884738
935609.6434657214 1916232.7889294978
935609.6628830327 1916232.782244395
935609.6823186817 1916232.775533165
935609.7017726685 1916232.7687958078
935609.7212449929 1916232.7620323242
935609.7407356553 1916232.755242713
935609.7602446553 1916232.748426975
935609.779771993 1916232.7415851098
935609.7993176685 1916232.7347171176
935609.8188816818 1916232.7278229985
935609.838464033 1916232.7209027526
935609.8580647217 1916232.7139563793
935609.8776837484 1916232.7069838792
935609.8973211126 1916232.6999852518
935609.9169768147 1916232.6929604975
935609.9366508545 1916232.685909616
935609.9563432322 1916232.678832608
935609.9760539475 1916232.6717294727
935609.9957830007 1916232.6646002103
935610.0155303915 1916232.6574448207
935610.0352961202 1916232.6502633044
935610.0550801866 1916232.6430556609
935610.0748825908 1916232.6358218906
935610.0947033326 1916232.628561993
935610.1145424123 1916232.6212759684
935610.1343998297 1916232.6139638168
935610.1542755848 1916232.606625538
935610.1741696778 1916232.5992611325
935610.1940821086 1916232.5918706001
935610.214012877 1916232.5844539404
935610.2339619831 1916232.5770111536
935610.2539294271 1916232.56954224
935610.2739152089 1916232.562047199
935610.2939193284 1916232.5545260313
935610.3139417856 1916232.5469787368
935610.3339825807 1916232.5394053147
935610.3540417133 1916232.5318057658
935610.3741191839 1916232.52418009
935610.3942149922 1916232.516528287
935610.4143291381 1916232.508850357
935610.434461622 1916232.5011463002
935610.4546124435 1916232.4934161163
935610.4747816027 1916232.4856598051
935610.4949690999 1916232.477877367
935610.5151749346 1916232.470068802
935610.5353991073 1916232.46223411
935610.5556416175 1916232.454373291
935610.5759024656 1916232.4464863448
935610.5961816515 1916232.4385732715
935610.616479175 1916232.4306340714
935610.6367950365 1916232.4226687439
935610.6571292354 1916232.41467729
935610.6774817724 1916232.4066597086
935610.697852647 1916232.3986160003
935610.7182418595 1916232.390546165
935610.7386494096 1916232.3824502025
935610.7590752975 1916232.374328113
935610.7795195231 1916232.3661798968
935610.7999820865 1916232.3580055533
935610.8204629878 1916232.349805083
935610.8409622267 1916232.3415784852
935610.8614798035 1916232.3333257607
935610.8820157178 1916232.325046909
935610.90256997 1916232.3167419308
935610.92314256 1916232.308410825
935610.9437334877 1916232.3000535923
935610.9643427532 1916232.2916702328
935610.9849703563 1916232.283260746
935611.0056162974 1916232.2748251322
935611.0262805761 1916232.2663633917
935611.0469631926 1916232.2578755238
935611.067664147 1916232.249361529
935611.0883834389 1916232.2408214072
935611.1091210687 1916232.2322551582
935611.1298770363 1916232.2236627827
935611.1506513415 1916232.2150442796
935611.1714439846 1916232.2063996496
935611.1922549655 1916232.1977288928
935611.213084284 1916232.1890320086
935611.2339319403 1916232.1803089976
935611.2547979344 1916232.1715598598
935611.2756822663 1916232.1627845946
935611.2965849359 1916232.1539832025
935611.3175059431 1916232.1451556834
935611.3384452884 1916232.1363020372
935611.3594029712 1916232.127422264
935611.3803789918 1916232.118516364
935611.4013733503 1916232.1095843366
935611.4223860463 1916232.1006261825
935611.4434170802 1916232.091641901
935611.4644664519 1916232.0826314928
935611.4855341613 1916232.0735949574
935611.5066202085 1916232.0645322953
935611.5277245934 1916232.0554435058
935611.5488473161 1916232.0463285893
935611.5699883766 1916232.0371875458
935611.5911477748 1916232.0280203754
935611.6123255108 1916232.018827078
935611.6335215846 1916232.0096076536
935611.6547359959 1916232.000362102
935611.6759687451 1916231.9910904234
935611.6972198322 1916231.9817926178
935611.7184892569 1916231.9724686851
935611.7397770195 1916231.9631186256
935611.7610831197 1916231.953742439
935611.7824075577 1916231.9443401252
935611.8037503335 1916231.9349116844
935611.825111447 1916231.9254571167
935611.8464908984 1916231.9159764217
935611.8678886873 1916231.9064696
935611.8893048142 1916231.8969366513
935611.9107392788 1916231.8873775753
935611.9321920811 1916231.8777923724
935611.9536632212 1916231.8681810424
935611.9751526989 1916231.8585435855
935611.9966605145 1916231.8488800018
935612.0181866679 1916231.8391902905
935612.0397311591 1916231.8294744527
935612.0612939879 1916231.8197324874
935612.0828751546 1916231.8099643954
935612.1044746588 1916231.8001701762
935612.1260925011 1916231.7903498304
935612.147728681 1916231.780503357
935612.1693831986 1916231.7706307569
935612.1910560541 1916231.7607320296
935612.2127472472 1916231.7508071754
935612.2344567782 1916231.740856194
935612.2561846469 1916231.7308790858
935612.2779308533 1916231.7208758506
935612.2996953975 1916231.7108464881
935612.3214782794 1916231.7007909988
935612.3432794991 1916231.6907093823
935612.3650990566 1916231.6806016392
935612.3869369519 1916231.6704677686
935612.4087931849 1916231.660307771
935612.4306677555 1916231.6501216465
935612.452560664 1916231.639909395
935612.4744719104 1916231.6296710165
935612.4964014944 1916231.619406511
935612.5183494162 1916231.6091158784
935612.5403156758 1916231.5987991188
935612.562300273 1916231.5884562319
935612.584303208 1916231.578087218
935612.6063244808 1916231.5676920775
935612.6283640914 1916231.55727081
935612.6504220398 1916231.5468234152
935612.6724983257 1916231.5363498933
935612.6945929496 1916231.5258502443
935612.7167059112 1916231.5153244685
935612.7388372106 1916231.5047725656
935612.7609868477 1916231.4941945358
935612.7831548225 1916231.483590379
935612.8053411351 1916231.472960095
935612.8275457856 1916231.4623036839
935612.8497687738 1916231.4516211457
935612.8720100996 1916231.4409124807
935612.8942697631 1916231.4301776888
935612.9165477647 1916231.4194167696
935612.9388441038 1916231.4086297236
935612.9611587807 1916231.3978165505
935612.9834917955 1916231.3869772502
935613.005843148 1916231.3761118231
935613.0282128381 1916231.365220269
935613.050600866 1916231.3543025877
935613.0730072318 1916231.3433587793
935613.0954319353 1916231.3323888439
935613.1178749765 1916231.3213927816
935613.1403363554 1916231.3103705924
935613.1628160721 1916231.299322276
935613.1853141267 1916231.2882478326
935613.207830519 1916231.277147262
935613.230365249 1916231.2660205646
935613.2529183167 1916231.25486774
935613.2754897223 1916231.2436887887
935613.2980794655 1916231.23248371
935613.3206875466 1916231.2212525045
935613.3433139655 1916231.2099951718
935613.365958722 1916231.1987117121
935613.3886218163 1916231.1874021254
935613.4113032484 1916231.176066412
935613.4340030182 1916231.1647045712
935613.4567211259 1916231.1533166033
935613.4794575712 1916231.1419025087
935613.5022123542 1916231.1304622868
935613.5249854751 1916231.118995938
935613.5477769338 1916231.1075034623
935613.5705867301 1916231.0959848594
935613.5934148643 1916231.0844401293
935613.6162613361 1916231.0728692724
935613.6391261457 1916231.0612722884
935613.6620092932 1916231.0496491776
935613.6849107784 1916231.0379999396
935613.7078306014 1916231.0263245746
935613.730768762 1916231.0146230825
935613.7537252604 1916231.0028954633
935613.7767000967 1916230.9911417172
935613.7996932706 1916230.9793618442
935613.8227047824 1916230.967555844
935613.8457346318 1916230.9557237169
935613.868782819 1916230.9438654624
935613.891849344 1916230.9319810811
935613.9149342068 1916230.920070573
935613.9380374072 1916230.9081339377
935613.9611589456 1916230.8961711754
935613.9842988214 1916230.884182286
935614.0074570352 1916230.8721672697
935614.0306335868 1916230.8601261263
935614.0538284761 1916230.8480588556
935614.0770417032 1916230.8359654585
935614.100273268 1916230.823845934
935614.1235231705 1916230.8117002824
935614.1467914109 1916230.7995285038
935614.1700779889 1916230.787330598
935614.1933829047 1916230.7751065656
935614.2167061582 1916230.7628564062
935614.2400477496 1916230.7505801194
935614.2634076788 1916230.7382777059
935614.2867859456 1916230.725949165
935614.3101825503 1916230.7135944972
935614.3335974925 1916230.7012137028
935614.3570307727 1916230.6888067808
935614.3804823906 1916230.676373732
935614.4039523463 1916230.6639145561
935614.4274406397 1916230.6514292532
935614.450947271 1916230.6389178233
935614.4744722397 1916230.6263802666
935614.4980155465 1916230.6138165826
935614.521577191 1916230.6012267717
935614.5451571732 1916230.5886108335
935614.5687554932 1916230.5759687684
935614.5923721507 1916230.5633005765
935614.6160071462 1916230.5506062575
935614.6396604795 1916230.5378858114
935614.6633321504 1916230.5251392382
935614.6870221592 1916230.512366538
935614.7107305056 1916230.4995677108
935614.7344571899 1916230.4867427566
935614.7582022119 1916230.4738916755
935614.7819655717 1916230.4610144673
935614.8057472693 1916230.448111132
935614.8295473044 1916230.4351816697
935614.8533656775 1916230.4222260802
935614.8772023884 1916230.4092443637
935614.901057437 1916230.3962365205
935614.9249308233 1916230.38320255
935614.9488225473 1916230.3701424527
935614.9727326091 1916230.3570562282
935614.9966610087 1916230.3439438764
935615.0206077461 1916230.3308053983
935615.0445728212 1916230.3176407926
935615.0685562341 1916230.30445006
935615.0925579846 1916230.2912332003
935615.116578073 1916230.2779902136
935615.1406164992 1916230.2647211
935615.1646732631 1916230.2514258595
935615.1887483648 1916230.2381044917
935615.212841804 1916230.2247569968
935615.2369535812 1916230.211383375
935615.2610836962 1916230.1979836263
935615.285232149 1916230.1845577504
935615.3093989394 1916230.1711057478
935615.3335840674 1916230.157627618
935615.3577875334 1916230.144123361
935615.3820093372 1916230.130592977
935615.4062494787 1916230.117036466
935615.4305079579 1916230.103453828
935615.4547847749 1916230.0898450632
935615.4790799295 1916230.076210171
935615.5033934221 1916230.062549152
935615.5277252523 1916230.0488620058
935615.5520754204 1916230.0351487326
935615.5764439262 1916230.0214093325
935615.6008307696 1916230.0076438056
935615.6252359509 1916229.9938521513
935615.64965947 1916229.98003437
