935650.306118741 1916100.38692713 0404_0409_itp 0
935650.5613844 1916102.0045640739 0404_0409_itp 0
935650.5688922134 1916102.052141631 0404_0409_itp 0
935650.5764000269 1916102.0997191882 0404_0409_itp 0
935650.5839078404 1916102.1472967453 0404_0409_itp 0
935650.5914156539 1916102.1948743025 0404_0409_itp 0
935650.5989234674 1916102.2424518596 0404_0409_itp 0
935650.606431281 1916102.290029417 0404_0409_itp 0
935650.6139390945 1916102.3376069742 0404_0409_itp 0
935650.6214469079 1916102.3851845313 0404_0409_itp 0
935650.6289547214 1916102.4327620885 0404_0409_itp 0
935650.6364625349 1916102.4803396456 0404_0409_itp 0
935650.6439703484 1916102.5279172028 0404_0409_itp 0
935650.6514781619 1916102.57549476 0404_0409_itp 0
935650.6589859754 1916102.623072317 0404_0409_itp 0
935650.666493789 1916102.6706498743 0404_0409_itp 0
935650.6740016025 1916102.7182274314 0404_0409_itp 0
935650.6815094159 1916102.7658049886 0404_0409_itp 0
935650.6890172294 1916102.8133825457 0404_0409_itp 0
935650.6965250429 1916102.860960103 0404_0409_itp 0
935650.7040328564 1916102.9085376603 0404_0409_itp 0
935650.7115406699 1916102.9561152174 0404_0409_itp 0
935650.7190484834 1916103.0036927746 0404_0409_itp 0
935650.7265562969 1916103.0512703317 0404_0409_itp 0
935650.7340641103 1916103.0988478889 0404_0409_itp 0
935650.7415719238 1916103.146425446 0404_0409_itp 0
935650.7490797373 1916103.1940030032 0404_0409_itp 0
935650.7640953644 1916103.2891581175 0404_0409_itp 0
935650.7716031779 1916103.3367356746 0404_0409_itp 0
935650.7791109914 1916103.384313232 0404_0409_itp 0
935650.7866188049 1916103.4318907892 0404_0409_itp 0
935650.7941266183 1916103.4794683463 0404_0409_itp 0
935650.8016344318 1916103.5270459035 0404_0409_itp 0
935650.8091422453 1916103.5746234606 0404_0409_itp 0
935650.8166500588 1916103.6222010178 0404_0409_itp 0
935650.8241578724 1916103.669778575 0404_0409_itp 0
935650.8316656859 1916103.717356132 0404_0409_itp 0
935650.8391734994 1916103.7649336893 0404_0409_itp 0
935650.8466813128 1916103.8125112464 0404_0409_itp 0
935650.8541891263 1916103.8600888036 0404_0409_itp 0
935650.8616969398 1916103.907666361 0404_0409_itp 0
935650.8692047533 1916103.955243918 0404_0409_itp 0
935650.8767125668 1916104.0028214753 0404_0409_itp 0
935650.8842203803 1916104.0503990324 0404_0409_itp 0
935650.8917281938 1916104.0979765896 0404_0409_itp 0
935650.8992360074 1916104.1455541467 0404_0409_itp 0
935650.9067438208 1916104.1931317039 0404_0409_itp 0
935650.9142516343 1916104.240709261 0404_0409_itp 0
935650.9217594478 1916104.2882868182 0404_0409_itp 0
935650.9292672613 1916104.3358643753 0404_0409_itp 0
935650.9367750748 1916104.3834419325 0404_0409_itp 0
935650.9442828883 1916104.4310194897 0404_0409_itp 0
935650.9517907018 1916104.478597047 0404_0409_itp 0
935650.9592985152 1916104.5261746042 0404_0409_itp 0
935650.9668063287 1916104.5737521613 0404_0409_itp 0
935650.9743141423 1916104.6213297185 0404_0409_itp 0
935650.9818219558 1916104.6689072757 0404_0409_itp 0
935650.9893297693 1916104.7164848328 0404_0409_itp 0
935650.9968375828 1916104.76406239 0404_0409_itp 0
935651.0043453963 1916104.8116399471 0404_0409_itp 0
935651.0118532098 1916104.8592175043 0404_0409_itp 0
935651.0193610232 1916104.9067950614 0404_0409_itp 0
935651.0268688367 1916104.9543726186 0404_0409_itp 0
935651.0343766502 1916105.001950176 0404_0409_itp 0
935651.0418844637 1916105.0495277331 0404_0409_itp 0
935651.0493922773 1916105.0971052903 0404_0409_itp 0
935651.0569000908 1916105.1446828474 0404_0409_itp 0
935651.0644079043 1916105.1922604046 0404_0409_itp 0
935651.0719157178 1916105.2398379617 0404_0409_itp 0
935651.0794235312 1916105.287415519 0404_0409_itp 0
935651.0869313447 1916105.334993076 0404_0409_itp 0
935651.0944391582 1916105.3825706332 0404_0409_itp 0
935651.1019469717 1916105.4301481904 0404_0409_itp 0
935651.1094547852 1916105.4777257475 0404_0409_itp 0
935651.1169625988 1916105.525303305 0404_0409_itp 0
935651.1244704123 1916105.572880862 0404_0409_itp 0
935651.1319782257 1916105.6204584192 0404_0409_itp 0
935651.1394860392 1916105.6680359764 0404_0409_itp 0
935651.1469938527 1916105.7156135335 0404_0409_itp 0
935651.1545016662 1916105.7631910907 0404_0409_itp 0
935651.1620094797 1916105.8107686478 0404_0409_itp 0
935651.1695172932 1916105.858346205 0404_0409_itp 0
935651.1770251067 1916105.9059237621 0404_0409_itp 0
935651.1845329202 1916105.9535013193 0404_0409_itp 0
935651.1920407336 1916106.0010788764 0404_0409_itp 0
935651.1995485472 1916106.0486564336 0404_0409_itp 0
935651.2070563607 1916106.096233991 0404_0409_itp 0
935651.2145641742 1916106.1438115481 0404_0409_itp 0
935651.2295798012 1916106.2389666624 0404_0409_itp 0
935651.2370876147 1916106.2865442196 0404_0409_itp 0
935651.2445954281 1916106.3341217767 0404_0409_itp 0
935651.2521032416 1916106.381699334 0404_0409_itp 0
935651.2596110551 1916106.429276891 0404_0409_itp 0
935651.2671188687 1916106.4768544482 0404_0409_itp 0
935651.2746266822 1916106.5244320054 0404_0409_itp 0
935651.2821344957 1916106.5720095625 0404_0409_itp 0
935651.2896423092 1916106.61958712 0404_0409_itp 0
935651.2971501227 1916106.667164677 0404_0409_itp 0
935651.3046579361 1916106.7147422342 0404_0409_itp 0
935651.3121657496 1916106.7623197914 0404_0409_itp 0
935651.3196735631 1916106.8098973485 0404_0409_itp 0
935651.3271813766 1916106.8574749057 0404_0409_itp 0
935651.3346891901 1916106.9050524628 0404_0409_itp 0
935651.3421970037 1916106.95263002 0404_0409_itp 0
935651.3497048172 1916107.0002075771 0404_0409_itp 0
935651.3572126306 1916107.0477851343 0404_0409_itp 0
935651.3647204441 1916107.0953626914 0404_0409_itp 0
935651.3722282576 1916107.1429402488 0404_0409_itp 0
935651.3797360711 1916107.190517806 0404_0409_itp 0
935651.3872438846 1916107.2380953631 0404_0409_itp 0
935651.3947516981 1916107.2856729203 0404_0409_itp 0
935651.4022595116 1916107.3332504774 0404_0409_itp 0
935651.4097673252 1916107.3808280346 0404_0409_itp 0
935651.4172751385 1916107.4284055918 0404_0409_itp 0
935651.4247829521 1916107.475983149 0404_0409_itp 0
935651.4322907656 1916107.523560706 0404_0409_itp 0
935651.4397985791 1916107.5711382632 0404_0409_itp 0
935651.4473063926 1916107.6187158204 0404_0409_itp 0
935651.4548142061 1916107.6662933775 0404_0409_itp 0
935651.4623220196 1916107.713870935 0404_0409_itp 0
935651.469829833 1916107.761448492 0404_0409_itp 0
935651.4773376465 1916107.8090260492 0404_0409_itp 0
935651.48484546 1916107.8566036064 0404_0409_itp 0
935651.4923532736 1916107.9041811635 0404_0409_itp 0
935651.4998610871 1916107.9517587207 0404_0409_itp 0
935651.5073689006 1916107.9993362778 0404_0409_itp 0
935651.5148767141 1916108.046913835 0404_0409_itp 0
935651.5223845276 1916108.0944913921 0404_0409_itp 0
935651.529892341 1916108.1420689493 0404_0409_itp 0
935651.5374001545 1916108.1896465064 0404_0409_itp 0
935651.544907968 1916108.2372240638 0404_0409_itp 0
935651.5524157815 1916108.284801621 0404_0409_itp 0
935651.559923595 1916108.3323791781 0404_0409_itp 0
935651.5674314086 1916108.3799567353 0404_0409_itp 0
935651.5749392221 1916108.4275342925 0404_0409_itp 0
935651.5824470356 1916108.4751118496 0404_0409_itp 0
935651.589954849 1916108.5226894068 0404_0409_itp 0
935651.5974626625 1916108.570266964 0404_0409_itp 0
935651.604970476 1916108.617844521 0404_0409_itp 0
935651.6124782895 1916108.6654220782 0404_0409_itp 0
935651.619986103 1916108.7129996354 0404_0409_itp 0
935651.6274939165 1916108.7605771928 0404_0409_itp 0
935651.63500173 1916108.80815475 0404_0409_itp 0
935651.6425095435 1916108.855732307 0404_0409_itp 0
935651.650017357 1916108.9033098642 0404_0409_itp 0
935651.6575251705 1916108.9508874214 0404_0409_itp 0
935651.665032984 1916108.9984649785 0404_0409_itp 0
935651.6725407975 1916109.0460425357 0404_0409_itp 0
935651.680048611 1916109.0936200928 0404_0409_itp 0
935651.6875564245 1916109.14119765 0404_0409_itp 0
935651.695064238 1916109.1887752071 0404_0409_itp 0
935651.7025720514 1916109.2363527643 0404_0409_itp 0
935651.710079865 1916109.2839303215 0404_0409_itp 0
935651.7175876785 1916109.3315078788 0404_0409_itp 0
935651.725095492 1916109.379085436 0404_0409_itp 0
935651.7326033055 1916109.4266629932 0404_0409_itp 0
935651.740111119 1916109.4742405503 0404_0409_itp 0
935651.7476189325 1916109.5218181075 0404_0409_itp 0
935651.7551267459 1916109.5693956646 0404_0409_itp 0
935651.7626345594 1916109.6169732218 0404_0409_itp 0
935651.7701423729 1916109.664550779 0404_0409_itp 0
935651.7776501864 1916109.712128336 0404_0409_itp 0
935651.785158 1916109.7597058932 0404_0409_itp 0
935651.7926658135 1916109.8072834504 0404_0409_itp 0
935651.800173627 1916109.8548610078 0404_0409_itp 0
935651.8076814405 1916109.902438565 0404_0409_itp 0
935651.8151892539 1916109.950016122 0404_0409_itp 0
935651.8226970674 1916109.9975936792 0404_0409_itp 0
935651.8302048809 1916110.0451712364 0404_0409_itp 0
935651.8377126944 1916110.0927487935 0404_0409_itp 0
935651.8452205079 1916110.1403263507 0404_0409_itp 0
935651.8527283214 1916110.1879039078 0404_0409_itp 0
935651.860236135 1916110.235481465 0404_0409_itp 0
935651.8677439484 1916110.2830590222 0404_0409_itp 0
935651.8752517619 1916110.3306365793 0404_0409_itp 0
935651.8827595754 1916110.3782141367 0404_0409_itp 0
935651.8902673889 1916110.4257916939 0404_0409_itp 0
935651.8977752024 1916110.473369251 0404_0409_itp 0
935651.9052830159 1916110.5209468082 0404_0409_itp 0
935651.9127908294 1916110.5685243653 0404_0409_itp 0
935651.920298643 1916110.6161019225 0404_0409_itp 0
935651.9278064563 1916110.6636794796 0404_0409_itp 0
935651.9353142699 1916110.7112570368 0404_0409_itp 0
935651.9428220834 1916110.758834594 0404_0409_itp 0
935651.9503298969 1916110.806412151 0404_0409_itp 0
935651.9578377104 1916110.8539897082 0404_0409_itp 0
935651.9653455239 1916110.9015672654 0404_0409_itp 0
935651.9728533374 1916110.9491448228 0404_0409_itp 0
935651.9803611509 1916110.99672238 0404_0409_itp 0
935651.9878689643 1916111.044299937 0404_0409_itp 0
935651.9953767778 1916111.0918774942 0404_0409_itp 0
935652.0028845913 1916111.1394550514 0404_0409_itp 0
935652.0103924049 1916111.1870326085 0404_0409_itp 0
935652.0179002184 1916111.2346101657 0404_0409_itp 0
935652.0254080319 1916111.2821877229 0404_0409_itp 0
935652.0329158454 1916111.32976528 0404_0409_itp 0
935652.0404236588 1916111.3773428372 0404_0409_itp 0
935652.0479314723 1916111.4249203943 0404_0409_itp 0
935652.0554392858 1916111.4724979517 0404_0409_itp 0
935652.0629470993 1916111.5200755089 0404_0409_itp 0
935652.0704549128 1916111.567653066 0404_0409_itp 0
935652.0779627264 1916111.6152306232 0404_0409_itp 0
935652.0854705399 1916111.6628081803 0404_0409_itp 0
935652.0929783534 1916111.7103857375 0404_0409_itp 0
935652.1004861668 1916111.7579632946 0404_0409_itp 0
935652.1079939803 1916111.8055408518 0404_0409_itp 0
935652.1155017938 1916111.853118409 0404_0409_itp 0
935652.1230096073 1916111.900695966 0404_0409_itp 0
935652.1305174208 1916111.9482735232 0404_0409_itp 0
935652.1380252343 1916111.9958510806 0404_0409_itp 0
935652.1455330478 1916112.0434286378 0404_0409_itp 0
935652.1530408612 1916112.091006195 0404_0409_itp 0
935652.1605486748 1916112.138583752 0404_0409_itp 0
935652.1680564883 1916112.1861613092 0404_0409_itp 0
935652.1755643018 1916112.2337388664 0404_0409_itp 0
935652.1830721153 1916112.2813164236 0404_0409_itp 0
935652.1905799288 1916112.3288939807 0404_0409_itp 0
935652.1980877423 1916112.3764715379 0404_0409_itp 0
935652.2055955558 1916112.424049095 0404_0409_itp 0
935652.2131033692 1916112.4716266522 0404_0409_itp 0
935652.2206111827 1916112.5192042093 0404_0409_itp 0
935652.2281189963 1916112.5667817667 0404_0409_itp 0
935652.2356268098 1916112.6143593239 0404_0409_itp 0
935652.2431346233 1916112.661936881 0404_0409_itp 0
935652.2506424368 1916112.7095144382 0404_0409_itp 0
935652.2581502503 1916112.7570919953 0404_0409_itp 0
935652.2656580637 1916112.8046695525 0404_0409_itp 0
935652.2731658772 1916112.8522471096 0404_0409_itp 0
935652.2806736907 1916112.8998246668 0404_0409_itp 0
935652.2881815042 1916112.947402224 0404_0409_itp 0
935652.2956893177 1916112.994979781 0404_0409_itp 0
935652.3031971313 1916113.0425573383 0404_0409_itp 0
935652.3107049448 1916113.0901348956 0404_0409_itp 0
935652.3182127583 1916113.1377124528 0404_0409_itp 0
935652.3257205717 1916113.18529001 0404_0409_itp 0
935652.3332283852 1916113.232867567 0404_0409_itp 0
935652.3407361987 1916113.2804451243 0404_0409_itp 0
935652.3482440122 1916113.3280226814 0404_0409_itp 0
935652.3557518257 1916113.3756002386 0404_0409_itp 0
935652.3632596392 1916113.4231777957 0404_0409_itp 0
935652.3707674528 1916113.4707553529 0404_0409_itp 0
935652.3782752662 1916113.51833291 0404_0409_itp 0
935652.3857830797 1916113.5659104672 0404_0409_itp 0
935652.3932908932 1916113.6134880246 0404_0409_itp 0
935652.4007987067 1916113.6610655817 0404_0409_itp 0
935652.4083065202 1916113.7086431389 0404_0409_itp 0
935652.4158143337 1916113.756220696 0404_0409_itp 0
935652.4233221472 1916113.8037982532 0404_0409_itp 0
935652.4308299607 1916113.8513758103 0404_0409_itp 0
935652.4383377741 1916113.8989533675 0404_0409_itp 0
935652.4458455876 1916113.9465309246 0404_0409_itp 0
935652.4533534012 1916113.9941084818 0404_0409_itp 0
935652.4608612147 1916114.041686039 0404_0409_itp 0
935652.4683690282 1916114.089263596 0404_0409_itp 0
935652.4758768417 1916114.1368411533 0404_0409_itp 0
935652.4833846552 1916114.1844187106 0404_0409_itp 0
935652.4908924687 1916114.2319962678 0404_0409_itp 0
935652.4984002821 1916114.279573825 0404_0409_itp 0
935652.5059080956 1916114.327151382 0404_0409_itp 0
935652.5134159091 1916114.3747289393 0404_0409_itp 0
935652.5209237227 1916114.4223064964 0404_0409_itp 0
935652.5284315362 1916114.4698840536 0404_0409_itp 0
935652.5359393497 1916114.5174616107 0404_0409_itp 0
935652.5434471632 1916114.5650391679 0404_0409_itp 0
935652.5509549766 1916114.612616725 0404_0409_itp 0
935652.5584627901 1916114.6601942822 0404_0409_itp 0
935652.5659706036 1916114.7077718396 0404_0409_itp 0
935652.5734784171 1916114.7553493967 0404_0409_itp 0
935652.5809862306 1916114.8029269539 0404_0409_itp 0
935652.5884940441 1916114.850504511 0404_0409_itp 0
935652.5960018577 1916114.8980820682 0404_0409_itp 0
935652.6035096712 1916114.9456596253 0404_0409_itp 0
935652.6110174846 1916114.9932371825 0404_0409_itp 0
935652.6185252981 1916115.0408147397 0404_0409_itp 0
935652.6260331116 1916115.0883922968 0404_0409_itp 0
935652.6335409251 1916115.135969854 0404_0409_itp 0
935652.6410487386 1916115.183547411 0404_0409_itp 0
935652.6485565521 1916115.2311249685 0404_0409_itp 0
935652.6560643656 1916115.2787025257 0404_0409_itp 0
935652.663572179 1916115.3262800828 0404_0409_itp 0
935652.6710799925 1916115.37385764 0404_0409_itp 0
935652.6785878061 1916115.4214351971 0404_0409_itp 0
935652.6860956196 1916115.4690127543 0404_0409_itp 0
935652.6936034331 1916115.5165903114 0404_0409_itp 0
935652.7011112466 1916115.5641678686 0404_0409_itp 0
935652.7086190601 1916115.6117454257 0404_0409_itp 0
935652.7161268736 1916115.659322983 0404_0409_itp 0
935652.723634687 1916115.70690054 0404_0409_itp 0
935652.7311425005 1916115.7544780972 0404_0409_itp 0
935652.738650314 1916115.8020556546 0404_0409_itp 0
935652.7461581276 1916115.8496332117 0404_0409_itp 0
935652.7536659411 1916115.897210769 0404_0409_itp 0
935652.7611737546 1916115.944788326 0404_0409_itp 0
935652.7686815681 1916115.9923658832 0404_0409_itp 0
935652.7761893815 1916116.0399434404 0404_0409_itp 0
935652.783697195 1916116.0875209975 0404_0409_itp 0
935652.7912050085 1916116.1350985547 0404_0409_itp 0
935652.798712822 1916116.1826761118 0404_0409_itp 0
935652.8062206355 1916116.230253669 0404_0409_itp 0
935652.813728449 1916116.2778312261 0404_0409_itp 0
935652.8212362626 1916116.3254087835 0404_0409_itp 0
935652.8287440761 1916116.3729863407 0404_0409_itp 0
935652.8362518895 1916116.4205638978 0404_0409_itp 0
935652.843759703 1916116.468141455 0404_0409_itp 0
935652.8512675165 1916116.5157190121 0404_0409_itp 0
935652.85877533 1916116.5632965693 0404_0409_itp 0
935652.8662831435 1916116.6108741264 0404_0409_itp 0
935652.873790957 1916116.6584516836 0404_0409_itp 0
935652.8812987705 1916116.7060292407 0404_0409_itp 0
935652.8888065841 1916116.753606798 0404_0409_itp 0
935652.8963143975 1916116.801184355 0404_0409_itp 0
935652.903822211 1916116.8487619124 0404_0409_itp 0
935652.9113300245 1916116.8963394696 0404_0409_itp 0
935652.918837838 1916116.9439170267 0404_0409_itp 0
935652.9263456515 1916116.991494584 0404_0409_itp 0
935652.933853465 1916117.039072141 0404_0409_itp 0
935652.9413612785 1916117.0866496982 0404_0409_itp 0
935652.9488690919 1916117.1342272554 0404_0409_itp 0
935652.9563769054 1916117.1818048125 0404_0409_itp 0
935652.963884719 1916117.2293823697 0404_0409_itp 0
935652.9713925325 1916117.2769599268 0404_0409_itp 0
935652.978900346 1916117.324537484 0404_0409_itp 0
935652.9864081595 1916117.3721150411 0404_0409_itp 0
935652.993915973 1916117.4196925985 0404_0409_itp 0
935653.0014237865 1916117.4672701557 0404_0409_itp 0
935653.0089315999 1916117.5148477128 0404_0409_itp 0
935653.0164394134 1916117.56242527 0404_0409_itp 0
935653.0239472269 1916117.6100028271 0404_0409_itp 0
935653.0314550404 1916117.6575803843 0404_0409_itp 0
935653.038962854 1916117.7051579414 0404_0409_itp 0
935653.0464706675 1916117.7527354986 0404_0409_itp 0
935653.053978481 1916117.8003130557 0404_0409_itp 0
935653.0614862944 1916117.847890613 0404_0409_itp 0
935653.0689941079 1916117.89546817 0404_0409_itp 0
935653.0765019214 1916117.9430457274 0404_0409_itp 0
935653.0840097349 1916117.9906232846 0404_0409_itp 0
935653.0915175484 1916118.0382008418 0404_0409_itp 0
935653.0990253619 1916118.085778399 0404_0409_itp 0
935653.1065331755 1916118.133355956 0404_0409_itp 0
935653.114040989 1916118.1809335132 0404_0409_itp 0
935653.1215488024 1916118.2285110704 0404_0409_itp 0
935653.1290566159 1916118.2760886275 0404_0409_itp 0
935653.1365644294 1916118.3236661847 0404_0409_itp 0
935653.1440722429 1916118.3712437418 0404_0409_itp 0
935653.1515800564 1916118.418821299 0404_0409_itp 0
935653.1590878699 1916118.4663988564 0404_0409_itp 0
935653.1665956834 1916118.5139764135 0404_0409_itp 0
935653.1741034968 1916118.5615539707 0404_0409_itp 0
935653.1816113103 1916118.6091315278 0404_0409_itp 0
935653.1891191239 1916118.656709085 0404_0409_itp 0
935653.1966269374 1916118.7042866421 0404_0409_itp 0
935653.2041347509 1916118.7518641993 0404_0409_itp 0
935653.2116425644 1916118.7994417564 0404_0409_itp 0
935653.2191503779 1916118.8470193136 0404_0409_itp 0
935653.2266581914 1916118.8945968708 0404_0409_itp 0
935653.2341660048 1916118.942174428 0404_0409_itp 0
935653.2416738183 1916118.989751985 0404_0409_itp 0
935653.2491816318 1916119.0373295425 0404_0409_itp 0
935653.2566894453 1916119.0849070996 0404_0409_itp 0
935653.2641972589 1916119.1324846568 0404_0409_itp 0
935653.2717050724 1916119.180062214 0404_0409_itp 0
935653.2792128859 1916119.227639771 0404_0409_itp 0
935653.2867206993 1916119.2752173282 0404_0409_itp 0
935653.2942285128 1916119.3227948854 0404_0409_itp 0
935653.3017363263 1916119.3703724425 0404_0409_itp 0
935653.3092441398 1916119.4179499997 0404_0409_itp 0
935653.3167519533 1916119.4655275568 0404_0409_itp 0
935653.3242597668 1916119.513105114 0404_0409_itp 0
935653.3317675804 1916119.5606826714 0404_0409_itp 0
935653.3392753939 1916119.6082602285 0404_0409_itp 0
935653.3467832073 1916119.6558377857 0404_0409_itp 0
935653.3542910208 1916119.7034153428 0404_0409_itp 0
935653.3617988343 1916119.7509929 0404_0409_itp 0
935653.3693066478 1916119.7985704571 0404_0409_itp 0
935653.3768144613 1916119.8461480143 0404_0409_itp 0
935653.3843222748 1916119.8937255715 0404_0409_itp 0
935653.3918300883 1916119.9413031286 0404_0409_itp 0
935653.3993379019 1916119.9888806858 0404_0409_itp 0
935653.4068457152 1916120.036458243 0404_0409_itp 0
935653.4143535288 1916120.0840358003 0404_0409_itp 0
935653.4218613423 1916120.1316133575 0404_0409_itp 0
935653.4293691558 1916120.1791909146 0404_0409_itp 0
935653.4368769693 1916120.2267684718 0404_0409_itp 0
935653.4443847828 1916120.274346029 0404_0409_itp 0
935653.4518925963 1916120.321923586 0404_0409_itp 0
935653.4594004097 1916120.3695011432 0404_0409_itp 0
935653.4669082232 1916120.4170787004 0404_0409_itp 0
935653.4744160367 1916120.4646562575 0404_0409_itp 0
935653.4819238503 1916120.5122338147 0404_0409_itp 0
935653.4894316638 1916120.5598113718 0404_0409_itp 0
935653.4969394773 1916120.607388929 0404_0409_itp 0
935653.5044472908 1916120.6549664864 0404_0409_itp 0
935653.5119551043 1916120.7025440435 0404_0409_itp 0
935653.5194629177 1916120.7501216007 0404_0409_itp 0
935653.5269707312 1916120.7976991578 0404_0409_itp 0
935653.5344785447 1916120.845276715 0404_0409_itp 0
935653.5419863582 1916120.8928542722 0404_0409_itp 0
935653.5494941717 1916120.9404318293 0404_0409_itp 0
935653.5570019853 1916120.9880093865 0404_0409_itp 0
935653.5645097988 1916121.0355869436 0404_0409_itp 0
935653.5720176122 1916121.0831645008 0404_0409_itp 0
935653.5795254257 1916121.130742058 0404_0409_itp 0
935653.5870332392 1916121.1783196153 0404_0409_itp 0
935653.5945410527 1916121.2258971725 0404_0409_itp 0
935653.6020488662 1916121.2734747296 0404_0409_itp 0
935653.6095566797 1916121.3210522868 0404_0409_itp 0
935653.6170644932 1916121.368629844 0404_0409_itp 0
935653.6245723068 1916121.416207401 0404_0409_itp 0
935653.6320801202 1916121.4637849582 0404_0409_itp 0
935653.6395879337 1916121.5113625154 0404_0409_itp 0
935653.6470957472 1916121.5589400725 0404_0409_itp 0
935653.6546035607 1916121.6065176297 0404_0409_itp 0
935653.6621113742 1916121.6540951869 0404_0409_itp 0
935653.6696191877 1916121.7016727442 0404_0409_itp 0
935653.6771270012 1916121.7492503014 0404_0409_itp 0
935653.6846348146 1916121.7968278585 0404_0409_itp 0
935653.6921426281 1916121.8444054157 0404_0409_itp 0
935653.6996504416 1916121.8919829729 0404_0409_itp 0
935653.7071582552 1916121.93956053 0404_0409_itp 0
935653.7146660687 1916121.9871380872 0404_0409_itp 0
935653.7221738822 1916122.0347156443 0404_0409_itp 0
935653.7296816957 1916122.0822932015 0404_0409_itp 0
935653.7371895092 1916122.1298707586 0404_0409_itp 0
935653.7446973226 1916122.1774483158 0404_0409_itp 0
935653.7522051361 1916122.225025873 0404_0409_itp 0
935653.7597129496 1916122.2726034303 0404_0409_itp 0
935653.7672207631 1916122.3201809875 0404_0409_itp 0
935653.7747285767 1916122.3677585446 0404_0409_itp 0
935653.7822363902 1916122.4153361018 0404_0409_itp 0
935653.7897442037 1916122.462913659 0404_0409_itp 0
935653.7972520171 1916122.510491216 0404_0409_itp 0
935653.8047598306 1916122.5580687732 0404_0409_itp 0
935653.8122676441 1916122.6056463304 0404_0409_itp 0
935653.8197754576 1916122.6532238876 0404_0409_itp 0
935653.8272832711 1916122.7008014447 0404_0409_itp 0
935653.8347910846 1916122.7483790019 0404_0409_itp 0
935653.8422988981 1916122.7959565592 0404_0409_itp 0
935653.8498067117 1916122.8435341164 0404_0409_itp 0
935653.857314525 1916122.8911116736 0404_0409_itp 0
935653.8648223386 1916122.9386892307 0404_0409_itp 0
935653.8723301521 1916122.9862667879 0404_0409_itp 0
935653.8798379656 1916123.033844345 0404_0409_itp 0
935653.8873457791 1916123.0814219022 0404_0409_itp 0
935653.8948535926 1916123.1289994593 0404_0409_itp 0
935653.9023614061 1916123.1765770165 0404_0409_itp 0
935653.9098692196 1916123.2241545736 0404_0409_itp 0
935653.917377033 1916123.2717321308 0404_0409_itp 0
935653.9248848466 1916123.3193096882 0404_0409_itp 0
935653.9323926601 1916123.3668872453 0404_0409_itp 0
935653.9399004736 1916123.4144648025 0404_0409_itp 0
935653.9474082871 1916123.4620423596 0404_0409_itp 0
935653.9549161006 1916123.5096199168 0404_0409_itp 0
935653.9624239141 1916123.557197474 0404_0409_itp 0
935653.9699317275 1916123.604775031 0404_0409_itp 0
935653.977439541 1916123.6523525883 0404_0409_itp 0
935653.9849473545 1916123.6999301454 0404_0409_itp 0
935653.992455168 1916123.7475077026 0404_0409_itp 0
935653.9999629816 1916123.7950852597 0404_0409_itp 0
935654.0074707951 1916123.8426628169 0404_0409_itp 0
935654.0149786086 1916123.8902403743 0404_0409_itp 0
935654.0224864221 1916123.9378179314 0404_0409_itp 0
935654.0299942355 1916123.9853954886 0404_0409_itp 0
935654.037502049 1916124.0329730457 0404_0409_itp 0
935654.0450098625 1916124.0805506029 0404_0409_itp 0
935654.052517676 1916124.1281281 0404_0409_itp 0
