935648.7748290058 1916343.3666187834
935648.7746285567 1916343.3946846419
935648.7744062558 1916343.4231068525
935648.7741611905 1916343.4518828217
935648.7738924475 1916343.4810099564
935648.773599114 1916343.5104856638
935648.773280277 1916343.54030735
935648.7729350238 1916343.5704724223
935648.7725624412 1916343.6009782872
935648.7721616165 1916343.6318223518
935648.7717316363 1916343.6630020228
935648.7712715883 1916343.6945147065
935648.7707805593 1916343.72635781
935648.7702576364 1916343.7585287401
935648.7697019065 1916343.791024904
935648.7691124568 1916343.8238437078
935648.7684883745 1916343.8569825585
935648.7678287466 1916343.890438863
935648.7671326598 1916343.9242100283
935648.7663992018 1916343.9582934605
935648.7656274593 1916343.9926865671
935648.7648165195 1916344.0273867545
935648.7639654691 1916344.0623914297
935648.7630733957 1916344.0976979993
935648.7621393861 1916344.13330387
935648.7611625275 1916344.169206449
935648.7601419067 1916344.2054031426
935648.7590766111 1916344.2418913578
935648.7579657277 1916344.2786685014
935648.7568083435 1916344.3157319804
935648.7556035452 1916344.353079201
935648.7543504206 1916344.3907075706
935648.7530480563 1916344.428614496
935648.7516955395 1916344.4667973835
935648.7502919572 1916344.5052536398
935648.7488363965 1916344.5439806723
935648.7473279446 1916344.582975887
935648.7457656885 1916344.6222366916
935648.7441487149 1916344.6617604923
935648.7424761116 1916344.7015446958
935648.7407469652 1916344.7415867094
935648.7389603627 1916344.7818839394
935648.7371153914 1916344.8224337928
935648.7352111381 1916344.8632336764
935648.7332466904 1916344.9042809969
935648.7312211349 1916344.9455731611
935648.7291335586 1916344.9871075759
935648.7269830491 1916345.0288816476
935648.724768693 1916345.070892784
935648.7224895775 1916345.1131383907
935648.7201447895 1916345.1556158753
935648.7177334165 1916345.1983226442
935648.7152545452 1916345.2412561045
935648.712707263 1916345.2844136627
935648.7100906564 1916345.327792726
935648.7074038131 1916345.3713907006
935648.70464582 1916345.4152049934
935648.7018157638 1916345.4592330116
935648.698912732 1916345.5034721615
935648.6959358115 1916345.54791985
935648.6928840894 1916345.5925734842
935648.6897566529 1916345.6374304704
935648.6865525886 1916345.682488216
935648.6832709842 1916345.7277441272
935648.6799109264 1916345.773195611
935648.6764715023 1916345.8188400744
935648.672951799 1916345.864674924
935648.6693509037 1916345.9106975663
935648.6656679031 1916345.9569054085
935648.661901885 1916346.0032958572
935648.6580519355 1916346.0498663194
935648.6541171423 1916346.0966142016
935648.6500965925 1916346.1435369106
935648.645989373 1916346.1906318534
935648.6417945707 1916346.2378964366
935648.637511273 1916346.2853280674
935648.6331385667 1916346.332924152
935648.6286755393 1916346.3806820973
935648.6241212772 1916346.42859931
935648.6194748679 1916346.4766731975
935648.6147353986 1916346.5249011659
935648.609901956 1916346.5732806225
935648.6049736274 1916346.6218089734
935648.5999494998 1916346.6704836262
935648.5948286604 1916346.719301987
935648.5896101962 1916346.7682614631
935648.5842931939 1916346.8173594614
935648.5788767412 1916346.866593388
935648.5733599248 1916346.9159606497
935648.5677418319 1916346.965458654
935648.5620215493 1916347.0150848075
935648.5561981645 1916347.0648365165
935648.5502707644 1916347.1147111882
935648.5442384359 1916347.1647062292
935648.538100266 1916347.2148190464
935648.5318553423 1916347.2650470466
935648.5255027513 1916347.3153876364
935648.5190415805 1916347.3658382231
935648.5124709167 1916347.4163962128
935648.5057898471 1916347.4670590125
935648.4989974587 1916347.5178240289
935648.4920928385 1916347.568688669
935648.4850750738 1916347.6196503397
935648.4779432515 1916347.6707064477
935648.4706964586 1916347.7218543994
935648.4633337825 1916347.773091602
935648.4558543098 1916347.8244154623
935648.4482571279 1916347.8758233867
935648.4405413239 1916347.9273127823
935648.4327059847 1916347.9788810557
935648.4247501972 1916348.030525614
935648.416673049 1916348.0822438637
935648.4084736267 1916348.1340332117
935648.4001510178 1916348.1858910648
935648.3917043088 1916348.2378148297
935648.3831325872 1916348.289801913
935648.37443494 1916348.341849722
935648.3656104542 1916348.393955663
935648.3566582168 1916348.4461171431
935648.347577315 1916348.4983315691
935648.3383668361 1916348.5505963475
935648.3290258667 1916348.602908885
935648.319553494 1916348.655266589
935648.3099488053 1916348.7076668655
935648.3002108874 1916348.760107122
935648.2903388275 1916348.8125847646
935648.2803317127 1916348.865097201
935648.2701886301 1916348.9176418371
935648.2599086666 1916348.9702160798
935648.2494909094 1916349.0228173363
935648.2389344457 1916349.0754430133
935648.2282383622 1916349.1280905171
935648.2174017463 1916349.1807572553
935648.2064236848 1916349.2334406343
935648.1953032652 1916349.2861380605
935648.1840395741 1916349.3388469408
935648.1726316989 1916349.3915646828
935648.1610787264 1916349.4442886922
935648.1493797438 1916349.4970163766
935648.1375338383 1916349.549745142
935648.1255400969 1916349.6024723959
935648.1133976065 1916349.655195545
935648.1011054543 1916349.7079119952
935648.0886627274 1916349.7606191547
935648.0760685129 1916349.8133144293
935648.0633218976 1916349.8659952262
935648.050421969 1916349.9186589515
935648.0373678139 1916349.9713030132
935648.0241585193 1916350.023924817
935648.0107931726 1916350.07652177
935647.9972708605 1916350.1290912796
935647.9835906703 1916350.1816307516
935647.9697516889 1916350.2341375935
935647.9557530036 1916350.2866092115
935647.9415937013 1916350.3390430128
935647.9272728692 1916350.3914364043
935647.9127895941 1916350.4437867925
935647.8981429633 1916350.4960915842
935647.8833320639 1916350.5483481863
935647.8683559828 1916350.6005540055
935647.8532138073 1916350.6527064485
935647.8379046243 1916350.7048029222
935647.8224275209 1916350.7568408337
935647.8067815843 1916350.808817589
935647.7909659012 1916350.8607305957
935647.7749795591 1916350.91257726
935647.7588216448 1916350.9643549891
935647.7424912455 1916351.0160611894
935647.7259874484 1916351.067693268
935647.7093093402 1916351.1192486316
935647.6924560083 1916351.1707246872
935647.6754265394 1916351.2221188408
935647.658220021 1916351.2734285002
935647.6408355401 1916351.3246510716
935647.6232721835 1916351.3757839615
935647.6055290386 1916351.4268245776
935647.587605192 1916351.477770326
935647.5694997313 1916351.5286186135
935647.5512117433 1916351.579366847
935647.5327403151 1916351.6300124335
935647.5140845338 1916351.6805527795
935647.4952434864 1916351.7309852918
935647.47621626 1916351.7813073774
935647.4570019419 1916351.831516443
935647.4375996188 1916351.8816098955
935647.418008378 1916351.931585141
935647.3982273064 1916351.9814395872
935647.3782554914 1916352.0311706404
935647.3580920197 1916352.080775707
935647.3377359785 1916352.130252195
935647.3171864549 1916352.1795975103
935647.296442536 1916352.2288090596
935647.2755033089 1916352.2778842498
935647.2543678605 1916352.326820488
935647.233035278 1916352.375615181
935647.2115046484 1916352.4242657349
935647.1897750589 1916352.472769557
935647.1678455966 1916352.5211240542
935647.1457153482 1916352.5693266334
935647.1233834012 1916352.6173747005
935647.1008488423 1916352.665265663
935647.0781107589 1916352.7129969283
935647.0551682381 1916352.7605659016
935647.0320203666 1916352.8079699907
935647.0086662319 1916352.8552066025
935646.9851049206 1916352.9022731434
935646.9613355201 1916352.9491670202
935646.9373571175 1916352.99588564
935646.9131687997 1916353.042426409
935646.8887696537 1916353.0887867345
935646.8641587669 1916353.134964023
935646.8393352262 1916353.1809556817
935646.8142981185 1916353.2267591169
935646.7890465312 1916353.2723717354
935646.763579551 1916353.3177909448
935646.7378962652 1916353.3630141509
935646.7119957609 1916353.4080387605
935646.6858771252 1916353.452862181
935646.659539445 1916353.497481819
935646.6329818072 1916353.541895081
935646.6062032994 1916353.5860993739
935646.5792030083 1916353.6300921047
935646.5519800211 1916353.6738706802
935646.5245334248 1916353.7174325068
935646.4968623064 1916353.7607749915
935646.4689657531 1916353.8038955412
935646.4408428521 1916353.8467915626
935646.4124926903 1916353.8894604624
935646.3839143546 1916353.9318996472
935646.3551069322 1916353.9741065246
935646.3260695104 1916354.0160785003
935646.2968011762 1916354.0578129818
935646.2673010164 1916354.0993073755
935646.2375681181 1916354.1405590887
935646.2076015688 1916354.1815655278
935646.1774004551 1916354.2223240992
935646.1469638643 1916354.2628322104
935646.1162908835 1916354.303087268
935646.0853805995 1916354.3430866785
935646.0542320997 1916354.382827849
935646.022844471 1916354.422308186
935645.9912168005 1916354.461525097
935645.9593481753 1916354.5004759876
935645.9272376824 1916354.5391582653
935645.8948844089 1916354.577569337
935645.862287442 1916354.6157066089
935645.8294458686 1916354.6535674885
935645.7963587758 1916354.6911493824
935645.7630252506 1916354.728449697
935645.7294444193 1916354.7654659145
935645.6956163021 1916354.8021972512
935645.6615418141 1916354.8386446573
935645.6272219095 1916354.8748091578
935645.5926575422 1916354.9106917782
935645.5578496663 1916354.9462935438
935645.5227992357 1916354.98161548
935645.4875072045 1916355.0166586118
935645.4519745266 1916355.0514239653
935645.4162021562 1916355.0859125652
935645.3801910471 1916355.1201254367
935645.3439421535 1916355.1540636062
935645.3074564292 1916355.187728098
935645.2707348283 1916355.221119938
935645.2337783049 1916355.2542401513
935645.1965878129 1916355.2870897632
935645.1591643064 1916355.3196697994
935645.1215087393 1916355.3519812848
935645.0836220655 1916355.3840252452
935645.0455052393 1916355.415802706
935645.0071592146 1916355.447314692
935644.9685849453 1916355.4785622288
935644.9297833856 1916355.509546342
935644.8907554894 1916355.540268057
935644.8515022106 1916355.5707283984
935644.8120245035 1916355.6009283925
935644.7723233218 1916355.630869064
935644.7323996197 1916355.6605514388
935644.692254351 1916355.6899765416
935644.6518884699 1916355.7191453986
935644.6113029305 1916355.7480590343
935644.5704986865 1916355.7767184742
935644.5294766922 1916355.8051247443
935644.4882379015 1916355.8332788695
935644.4467832682 1916355.8611818748
935644.4051137468 1916355.8888347864
935644.3632302908 1916355.9162386288
935644.3211338544 1916355.943394428
935644.2788253919 1916355.970303209
935644.2363058567 1916355.9969659974
935644.1935762034 1916356.023383818
935644.1506373857 1916356.0495576968
935644.1074903577 1916356.075488659
935644.0641360732 1916356.10117773
935644.0205754866 1916356.1266259348
935643.9768095516 1916356.1518342986
935643.9328392223 1916356.1768038478
935643.8886654527 1916356.201535607
935643.8442891969 1916356.2260306014
935643.7997114087 1916356.2502898567
935643.7549330423 1916356.274314398
935643.7099550517 1916356.298105251
935643.6647783908 1916356.3216634407
935643.6194040136 1916356.3449899927
935643.5738328743 1916356.3680859325
935643.5280659266 1916356.3909522847
935643.482104125 1916356.4135900754
935643.4359484229 1916356.4360003301
935643.3895997747 1916356.4581840734
935643.3430591344 1916356.480142331
935643.2963274558 1916356.5018761284
935643.2494056931 1916356.523386491
935643.2022948003 1916356.5446744438
935643.1549957313 1916356.5657410123
935643.1075094402 1916356.5865872223
935643.0598368809 1916356.6072140983
935643.0119790074 1916356.6276226665
935642.963936774 1916356.6478139518
935642.9157111343 1916356.6677889794
935642.8673030426 1916356.687548775
935642.8187134528 1916356.7070943639
935642.769943319 1916356.7264267714
935642.7209935951 1916356.7455470227
935642.6718652351 1916356.7644561434
935642.622559193 1916356.783155159
935642.5730764229 1916356.8016450943
935642.5234178788 1916356.8199269748
935642.4735845146 1916356.8380018265
935642.4235772844 1916356.855870674
935642.3733971423 1916356.873534543
935642.323045042 1916356.8909944587
935642.2725219378 1916356.908251447
935642.2218287837 1916356.925306532
935642.1709665336 1916356.9421607403
935642.1199361415 1916356.9588150969
935642.0687385615 1916356.9752706268
935642.0173747474 1916356.9915283555
935641.9658456536 1916357.007589309
935641.9141522337 1916357.0234545118
935641.8622954419 1916357.0391249892
935641.8102762322 1916357.0546017676
935641.7580955586 1916357.0698858714
935641.7057543751 1916357.0849783262
935641.6532536357 1916357.0998801573
935641.6005942945 1916357.1145923904
935641.5477773054 1916357.1291160504
935641.4948036224 1916357.1434521629
935641.4416741995 1916357.157601753
935641.3883899909 1916357.1715658468
935641.3349519505 1916357.1853454688
935641.2813610322 1916357.1989416445
935641.2276181899 1916357.2123553997
935641.173724378 1916357.2255877594
935641.1196805503 1916357.238639749
935641.0654876607 1916357.2515123938
935641.0111466633 1916357.2642067196
935640.9566585124 1916357.2767237513
935640.9020241615 1916357.289064514
935640.8472445649 1916357.3012300336
935640.7923206765 1916357.3132213354
935640.7372534506 1916357.3250394443
935640.6820438406 1916357.3366853863
935640.6266928011 1916357.3481601863
935640.5712012859 1916357.35946487
935640.5155702491 1916357.370600462
935640.4598006443 1916357.3815679885
935640.4038934261 1916357.392368475
935640.3478495481 1916357.4030029455
935640.2916699644 1916357.413472427
935640.2353556291 1916357.4237779437
935640.1789074962 1916357.4339205213
935640.1223265195 1916357.4439011856
935640.0656136533 1916357.4537209615
935640.0087698515 1916357.4633808741
935639.951796068 1916357.4728819493
935639.8946932569 1916357.4822252123
935639.8374623723 1916357.4914116883
935639.7801043681 1916357.5004424024
935639.7226201983 1916357.5093183808
935639.6650108169 1916357.5180406484
935639.607277178 1916357.5266102303
935639.5494202353 1916357.535028152
935639.4914409433 1916357.543295439
935639.4333402556 1916357.5514131165
935639.3751191266 1916357.55938221
935639.31677851 1916357.567203745
935639.2583193599 1916357.5748787462
935639.1997426302 1916357.5824082394
935639.1410492752 1916357.58979325
935639.0822402486 1916357.5970348036
935639.0233165044 1916357.6041339252
935638.9642789969 1916357.6110916398
935638.9051286798 1916357.6179089737
935638.8458665074 1916357.6245869512
935638.7864934335 1916357.6311265985
935638.7270104124 1916357.6375289406
935638.6674183976 1916357.643795003
935638.6077183434 1916357.6499258105
935638.5479112038 1916357.6559223894
935638.4879979328 1916357.6617857644
935638.4279794845 1916357.6675169603
935638.3678568129 1916357.673117004
935638.3076308718 1916357.6785869196
935638.2473026154 1916357.683927733
935638.1868729976 1916357.6891404695
935638.1263429725 1916357.6942261544
935638.065713494 1916357.6991858128
935638.0049855163 1916357.7040204701
935637.9441599932 1916357.7087311524
935637.8832378787 1916357.7133188844
935637.822220127 1916357.7177846911
935637.761107692 1916357.7221295987
935637.6999015278 1916357.7263546316
935637.6386025883 1916357.730460816
935637.5772118276 1916357.734449177
935637.5157301994 1916357.7383207402
935637.4541586582 1916357.7420765304
935637.3924981575 1916357.7457175732
935637.3307496518 1916357.7492448941
935637.2689140949 1916357.752659518
935637.2069924407 1916357.755962471
935637.1449856433 1916357.759154778
935637.0828946567 1916357.7622374643
935637.020720435 1916357.7652115552
935636.958463932 1916357.7680780762
935636.896126102 1916357.7708380525
935636.8337078986 1916357.7734925102
935636.7712102762 1916357.7760424737
935636.7086341886 1916357.7784889687
935636.64598059 1916357.7808330208
935636.5832504343 1916357.7830756549
935636.5204446752 1916357.7852178968
935636.4575642673 1916357.7872607715
935636.3946101641 1916357.7892053043
935636.33158332 1916357.791052521
935636.2684846887 1916357.7928034468
935636.2053152242 1916357.7944591069
935636.1420758809 1916357.7960205262
935636.0787676125 1916357.797488731
935636.0153913728 1916357.7988647462
935635.9519481163 1916357.8001495972
935635.8884387969 1916357.8013443092
935635.8248643683 1916357.8024499079
935635.7612257847 1916357.803467418
935635.697524 1916357.804397866
935635.6337599684 1916357.805242276
935635.5699346439 1916357.8060016742
935635.5060489803 1916357.8066770853
935635.4421039318 1916357.8072695353
935635.3781004524 1916357.8077800493
935635.314039496 1916357.8082096523
935635.2499220168 1916357.80855937
935635.1857489684 1916357.808830228
935635.1215213051 1916357.8090232513
935635.057239981 1916357.8091394652
935634.99290595 1916357.8091798953
935634.9285201661 1916357.809145567
935634.8640835835 1916357.8090375052
935634.7995971558 1916357.808856736
935634.7350618372 1916357.8086042837
935634.6704785818 1916357.8082811749
935634.6058483437 1916357.8078884338
935634.5411720764 1916357.8074270862
935634.4764507345 1916357.8068981578
935634.4116852719 1916357.8063026739
935634.3468766422 1916357.8056416593
935634.2820257999 1916357.80491614
935634.2171336988 1916357.8041271407
935634.1522012929 1916357.8032756872
935634.087229536 1916357.802362805
935634.0222193826 1916357.801389519
935633.9571717862 1916357.8003568547
935633.8920877012 1916357.7992658375
935633.8269680815 1916357.798117493
935633.761813881 1916357.796912846
935633.6966260538 1916357.7956529222
935633.6314055539 1916357.794338747
935633.5661533353 1916357.7929713458
935633.5008703519 1916357.7915517439
935633.4355575577 1916357.7900809664
935633.370215907 1916357.7885600391
935633.3048463536 1916357.786989987
935633.2394498517 1916357.7853718353
935633.1740273549 1916357.78370661
935633.1085798175 1916357.781995336
935633.0431081936 1916357.7802390386
935632.9776134369 1916357.7784387434
935632.9120965017 1916357.7765954752
935632.8465583416 1916357.7747102603
935632.7809999111 1916357.7727841234
935632.7154221642 1916357.77081809
935632.6498260545 1916357.7688131856
935632.5842125362 1916357.7667704353
935632.5185825635 1916357.7646908644
935632.45293709 1916357.7625754985
935632.3872770701 1916357.7604253627
935632.3216034577 1916357.7582414828
935632.2559172065 1916357.7560248838
935632.1902192711 1916357.753776591
