935654.663006254 1916121.94147234
935654.6579920414 1916121.9635243127
935654.6530869497 1916121.985554074
935654.648290578 1916122.0075617167
935654.6436025256 1916122.029547336
935654.6390223915 1916122.0515110258
935654.6345497749 1916122.0734528804
935654.630184275 1916122.095372994
935654.6259254909 1916122.1172714606
935654.6217730219 1916122.139148375
935654.6177264671 1916122.1610038306
935654.6137854256 1916122.1828379224
935654.6099494965 1916122.204650744
935654.6062182792 1916122.2264423904
935654.6025913728 1916122.2482129552
935654.5990683762 1916122.269962533
935654.5956488891 1916122.291691217
935654.5923325099 1916122.313399103
935654.5891188384 1916122.3350862844
935654.5860074738 1916122.3567528552
935654.5829980148 1916122.3783989102
935654.5800900607 1916122.400024543
935654.5772832109 1916122.4216298487
935654.5745770645 1916122.4432149206
935654.5719712205 1916122.4647798534
935654.5694652782 1916122.4863247413
935654.5670588366 1916122.5078496784
935654.5647514951 1916122.529354759
935654.5625428527 1916122.5508400775
935654.5604325087 1916122.5723057278
935654.5584200622 1916122.5937518042
935654.5565051121 1916122.615178401
935654.554687258 1916122.6365856128
935654.5529660989 1916122.657973533
935654.5513412339 1916122.6793422566
935654.5498122621 1916122.7006918772
935654.5483787829 1916122.7220224894
935654.5470403953 1916122.7433341874
935654.5457966985 1916122.7646270655
935654.5446472918 1916122.7859012177
935654.543591774 1916122.8071567386
935654.5426297444 1916122.828393722
935654.5417608025 1916122.849612262
935654.5409845471 1916122.8708124533
935654.5403005775 1916122.8919943902
935654.5397084929 1916122.9131581662
935654.5392078925 1916122.9343038762
935654.5387983753 1916122.955431614
935654.5384795405 1916122.9765414742
935654.5382509873 1916122.9976335508
935654.538112315 1916123.0187079383
935654.5380631225 1916123.0397647305
935654.5381030092 1916123.0608040222
935654.5382315741 1916123.0818259069
935654.5384484165 1916123.1028304794
935654.5387531355 1916123.1238178336
935654.5391453302 1916123.1447880638
935654.5396246 1916123.1657412641
935654.5401905437 1916123.1866775292
935654.5408427607 1916123.2075969533
935654.5415808503 1916123.2284996298
935654.5424044112 1916123.2493856535
935654.5433130431 1916123.2702551188
935654.5443063447 1916123.2911081198
935654.5453839155 1916123.3119447506
935654.5465453546 1916123.3327651054
935654.5477902611 1916123.3535692783
935654.5491182341 1916123.3743573641
935654.5505288729 1916123.3951294564
935654.5520217766 1916123.4158856499
935654.5535965444 1916123.4366260383
935654.5552527753 1916123.4573507162
935654.5569900686 1916123.478059778
935654.5588080237 1916123.4987533176
935654.5607062394 1916123.519431429
935654.562684315 1916123.540094207
935654.5647418498 1916123.5607417454
935654.5668784425 1916123.5813741388
935654.5690936928 1916123.601991481
935654.5713871997 1916123.6225938664
935654.5737585623 1916123.6431813894
935654.5762073798 1916123.663754144
935654.5787332512 1916123.6843122244
935654.5813357759 1916123.7048557252
935654.584014553 1916123.7253847402
935654.5867691818 1916123.745899364
935654.5895992611 1916123.7663996904
935654.5925043903 1916123.7868858138
935654.5954841686 1916123.8073578286
935654.598538195 1916123.8278158288
935654.601666069 1916123.8482599088
935654.6048673893 1916123.8686901627
935654.6081417553 1916123.8891066848
935654.6114887663 1916123.9095095692
935654.6149080214 1916123.9298989105
935654.6183991196 1916123.9502748023
935654.62196166 1916123.9706373394
935654.6255952421 1916123.9909866157
935654.6292994649 1916124.0113227253
935654.6330739275 1916124.0316457627
935654.6369182289 1916124.0519558224
935654.6408319687 1916124.0722529981
935654.644814746 1916124.092537384
935654.6488661597 1916124.112809075
935654.652985809 1916124.1330681648
935654.6571732932 1916124.1533147474
935654.6614282114 1916124.1735489173
935654.6657501628 1916124.193770769
935654.6701387465 1916124.2139803965
935654.6745935617 1916124.2341778937
935654.6791142075 1916124.2543633555
935654.6837002832 1916124.2745368753
935654.688351388 1916124.294698548
935654.6930671209 1916124.3148484677
935654.697847081 1916124.3349867286
935654.7026908677 1916124.3551134248
935654.70759808 1916124.3752286504
935654.7125683172 1916124.3953325
935654.7176011783 1916124.4154250675
935654.7226962626 1916124.4355064472
935654.7278531692 1916124.4555767335
935654.7330714973 1916124.4756360208
935654.7383508461 1916124.4956844025
935654.7436908146 1916124.5157219737
935654.7490910022 1916124.5357488282
935654.7545510079 1916124.5557650602
935654.7600704308 1916124.5757707641
935654.7656488703 1916124.5957660342
935654.7712859252 1916124.6157509645
935654.7769811951 1916124.6357256493
935654.782734279 1916124.6556901827
935654.7885447759 1916124.6756446594
935654.7944122852 1916124.6955891731
935654.8003364059 1916124.7155238183
935654.8063167373 1916124.735448689
935654.8123528784 1916124.7553638795
935654.8184444285 1916124.7752694844
935654.8245909865 1916124.7951655975
935654.8307921521 1916124.815052313
935654.837047524 1916124.8349297254
935654.8433567015 1916124.8547979286
935654.849719284 1916124.874657017
935654.8561348702 1916124.894507085
935654.8626030595 1916124.9143482267
935654.8691234512 1916124.9341805363
935654.8756956443 1916124.954004108
935654.8823192379 1916124.973819036
935654.8889938312 1916124.9936254148
935654.8957190237 1916125.013423338
935654.9024944142 1916125.0332129006
935654.909319602 1916125.0529941963
935654.9161941861 1916125.0727673196
935654.9231177658 1916125.0925323644
935654.9300899403 1916125.1122894252
935654.9371103088 1916125.1320385963
935654.9441784703 1916125.1517799716
935654.951294024 1916125.1715136457
935654.9584565691 1916125.1912397125
935654.965665705 1916125.2109582662
935654.9729210305 1916125.2306694016
935654.9802221449 1916125.2503732122
935654.9875686473 1916125.2700697924
935654.994960137 1916125.2897592366
935655.0023962132 1916125.3094416393
935655.009876475 1916125.3291170942
935655.0174005213 1916125.3487856959
935655.0249679516 1916125.3684475385
935655.032578365 1916125.3881027158
935655.0402313606 1916125.4077513227
935655.0479265377 1916125.427393453
935655.0556634952 1916125.447029201
935655.0634418325 1916125.4666586614
935655.0712611486 1916125.4862819274
935655.0791210429 1916125.5058990945
935655.0870211143 1916125.5255102562
935655.0949609622 1916125.5451155063
935655.1029401856 1916125.5647149398
935655.1109583837 1916125.5843086506
935655.1190151556 1916125.603896733
935655.1271101006 1916125.623479281
935655.1352428178 1916125.6430563892
935655.1434129063 1916125.6626281517
935655.1516199656 1916125.682194663
935655.1598635943 1916125.7017560161
935655.1681433918 1916125.7213123068
935655.1764589577 1916125.7408636287
935655.1848098906 1916125.7604100755
935655.1931957899 1916125.7799517424
935655.2016162548 1916125.7994887226
935655.2100708842 1916125.8190211114
935655.2185592775 1916125.8385490023
935655.2270810339 1916125.8580724895
935655.2356357523 1916125.8775916677
935655.2442230324 1916125.8971066307
935655.2528424727 1916125.916617473
935655.2614936728 1916125.9361242885
935655.2701762316 1916125.9556271718
935655.2788897486 1916125.9751262167
935655.2876338228 1916125.994621518
935655.2964080533 1916126.0141131696
935655.3052120392 1916126.0336012654
935655.3140453799 1916126.0530859001
935655.3229076742 1916126.072567168
935655.3317985217 1916126.092045163
935655.3407175213 1916126.1115199795
935655.3496642723 1916126.1309917113
935655.3586383737 1916126.1504604535
935655.3676394247 1916126.1699262997
935655.3766670247 1916126.1893893438
935655.3857207726 1916126.2088496808
935655.3948002676 1916126.2283074048
935655.403905109 1916126.2477626093
935655.4130348959 1916126.2672153895
935655.4221892274 1916126.286665839
935655.4313677027 1916126.3061140522
935655.4405699209 1916126.3255601234
935655.4497954814 1916126.3450041465
935655.4590439831 1916126.3644462163
935655.4683150253 1916126.3838864265
935655.4776082073 1916126.4033248713
935655.4869231278 1916126.4227616456
935655.4962593864 1916126.4421968432
935655.505616582 1916126.461630558
935655.514994314 1916126.4810628844
935655.5243921815 1916126.5004939167
935655.5338097838 1916126.5199237496
935655.5432467195 1916126.5393524768
935655.5527025885 1916126.5587801922
935655.5621769894 1916126.578206991
935655.5716695216 1916126.5976329667
935655.5811797844 1916126.6170582138
935655.5907073767 1916126.6364828262
935655.6002518977 1916126.6559068984
935655.6098129468 1916126.6753305246
935655.6193901229 1916126.6947537991
935655.6289830253 1916126.714176816
935655.6385912533 1916126.7335996695
935655.6482144056 1916126.753022454
935655.6578520818 1916126.7724452633
935655.667503881 1916126.7918681924
935655.6771694022 1916126.811291335
935655.6868482449 1916126.8307147848
935655.6965400078 1916126.8501386372
935655.7062442903 1916126.8695629858
935655.7159606916 1916126.8889879244
935655.7256888107 1916126.908413548
935655.735428247 1916126.9278399507
935655.7451785997 1916126.9472672262
935655.7549394676 1916126.9666954693
935655.7647104502 1916126.9861247737
935655.7744911463 1916127.0055552344
935655.7842811557 1916127.0249869449
935655.7940800769 1916127.0444199995
935655.8038875095 1916127.0638544927
935655.8137030524 1916127.0832905187
935655.8235263049 1916127.1027281717
935655.833356866 1916127.1221675458
935655.8431943351 1916127.1416087353
935655.8530383114 1916127.1610518342
935655.8628883938 1916127.1804969371
935655.8727441817 1916127.199944138
935655.882605274 1916127.2193935313
935655.8924712699 1916127.2388452112
935655.9023417691 1916127.2582992716
935655.91221637 1916127.2777558074
935655.9220946722 1916127.2972149123
935655.931976275 1916127.3166766802
935655.9418607772 1916127.336141206
935655.951747778 1916127.355608584
935655.9616368767 1916127.3750789075
935655.9715276726 1916127.3945522716
935655.9814197647 1916127.4140287703
935655.991312752 1916127.433508498
935656.001206234 1916127.4529915485
935656.0110998094 1916127.472478016
935656.0209930781 1916127.4919679952
935656.0308856387 1916127.5114615802
935656.0407770904 1916127.5309588646
935656.0506670325 1916127.5504599435
935656.060555064 1916127.569964911
935656.0704407842 1916127.5894738608
935656.0803237924 1916127.6089868874
935656.0902036877 1916127.628504085
935656.100080069 1916127.648025548
935656.1099525357 1916127.6675513706
935656.119820687 1916127.6870816464
935656.1296841218 1916127.7066164706
935656.1395424395 1916127.726155937
935656.1493952393 1916127.7457001393
935656.1592421203 1916127.7652491727
935656.1690826815 1916127.784803131
935656.1789165224 1916127.804362108
935656.1887432417 1916127.8239261985
935656.1985624391 1916127.8434954965
935656.2083737134 1916127.8630700961
935656.2181766639 1916127.882650092
935656.2279708897 1916127.9022355778
935656.23775599 1916127.921826648
935656.2475315639 1916127.941423397
935656.2572972105 1916127.9610259188
935656.2670525293 1916127.9806343077
935656.2767971192 1916128.0002486582
935656.2865305794 1916128.0198690637
935656.2962525092 1916128.0394956195
935656.3059625074 1916128.059128419
935656.3156601735 1916128.0787675567
935656.3253451067 1916128.098413127
935656.335016906 1916128.118065224
935656.3446751705 1916128.1377239416
935656.3543194996 1916128.157389375
935656.3639494922 1916128.177061617
935656.3735647476 1916128.196740763
935656.3831648652 1916128.2164269069
935656.3927494438 1916128.2361201423
935656.4023180826 1916128.2558205645
935656.411870381 1916128.275528267
935656.4214059379 1916128.295243344
935656.4309243526 1916128.3149658903
935656.4404252244 1916128.3346959995
935656.4499081521 1916128.354433766
935656.4593727353 1916128.3741792843
935656.4688185728 1916128.3939326482
935656.478245264 1916128.4136939528
935656.4876524078 1916128.433463291
935656.4970396039 1916128.453240758
935656.5064064509 1916128.4730264477
935656.5157525482 1916128.4928204545
935656.5250774949 1916128.5126228724
935656.5343808902 1916128.5324337957
935656.5436623332 1916128.5522533183
935656.5529214233 1916128.5720815354
935656.5621577594 1916128.5919185402
935656.5713709408 1916128.6117644275
935656.5805605666 1916128.6316192911
935656.589726236 1916128.6514832256
935656.5988675482 1916128.6713563253
935656.6079841022 1916128.6912386839
935656.6170754974 1916128.711130396
935656.6261413329 1916128.7310315557
935656.6351812077 1916128.7509422577
935656.644194721 1916128.7708625956
935656.6531814721 1916128.7907926636
935656.6621410602 1916128.8107325565
935656.6710730845 1916128.830682368
935656.6799771439 1916128.8506421926
935656.6888528377 1916128.8706121247
935656.697699765 1916128.890592258
935656.706517525 1916128.910582687
935656.7153057171 1916128.930583506
935656.7240639401 1916128.9505948091
935656.7327917934 1916128.9706166908
935656.7414888762 1916128.9906492447
935656.7501547874 1916129.010692566
935656.7587891264 1916129.0307467477
935656.7673914923 1916129.0508118852
935656.7759614842 1916129.070888072
935656.7844987013 1916129.0909754024
935656.7930027428 1916129.111073971
935656.8014732079 1916129.1311838715
935656.8099096958 1916129.1513051987
935656.8183118054 1916129.1714380465
935656.826679136 1916129.1915825089
935656.8350112869 1916129.2117386807
935656.8433078572 1916129.2319066557
935656.851568446 1916129.2520865283
935656.8597926525 1916129.2722783927
935656.867980076 1916129.2924823428
935656.8761303154 1916129.3126984732
935656.88424297 1916129.332926878
935656.8923176391 1916129.353167652
935656.9003539215 1916129.3734208883
935656.9083514167 1916129.393686682
935656.9163097237 1916129.413965127
935656.9242284419 1916129.4342563173
935656.93210717 1916129.4545603478
935656.9399455078 1916129.474877312
935656.9477430539 1916129.4952073048
935656.9554994077 1916129.51555042
935656.9632141684 1916129.5359067514
935656.9708869351 1916129.5562763943
935656.978517307 1916129.5766594422
935656.986104883 1916129.5970559893
935656.9936492628 1916129.6174661303
935657.0011500451 1916129.6378899587
935657.0086068293 1916129.6583275695
935657.0160192145 1916129.6787790563
935657.0233868 1916129.699244514
935657.0307091846 1916129.7197240363
935657.0379859677 1916129.7402177174
935657.0452167486 1916129.7607256516
935657.0524011262 1916129.7812479332
935657.0595386999 1916129.801784657
935657.0666290687 1916129.822335916
935657.0736718319 1916129.8429018052
935657.0806665884 1916129.863482419
935657.0876129377 1916129.884077851
935657.0945104788 1916129.904688196
935657.1013588108 1916129.925313548
935657.1081575331 1916129.945954001
935657.1149062446 1916129.9666096496
935657.1216045443 1916129.987280588
935657.1282520321 1916130.00796691
935657.1348483064 1916130.02866871
935657.1413929668 1916130.0493860824
935657.1478856124 1916130.0701191218
935657.1543258422 1916130.0908679217
935657.1607132555 1916130.1116325767
935657.1670474513 1916130.1324131808
935657.173328029 1916130.1532098283
935657.1795545876 1916130.1740226138
935657.1857267264 1916130.1948516308
935657.1918440445 1916130.2156969744
935657.197906141 1916130.236558738
935657.2039126151 1916130.2574370166
935657.2098630659 1916130.2783319037
935657.2157570927 1916130.299243494
935657.2215942948 1916130.3201718812
935657.2273742709 1916130.3411171602
935657.2330966207 1916130.362079425
935657.238760943 1916130.3830587696
935657.2443668367 1916130.4040552885
935657.2499139018 1916130.4250690758
935657.2554017369 1916130.4461002254
935657.2608299413 1916130.4671488323
935657.266198114 1916130.4882149901
935657.2715058543 1916130.509298793
935657.2767527614 1916130.5304003358
935657.2819384345 1916130.551519712
935657.2870624727 1916130.5726570166
935657.292124475 1916130.593812343
935657.2971240408 1916130.6149857861
935657.302060769 1916130.63617744
935657.3069342592 1916130.6573873982
935657.3117441102 1916130.6786157559
935657.3164899213 1916130.6998626068
935657.3211712918 1916130.7211280453
935657.3257878204 1916130.7424121657
935657.3303391067 1916130.7637150618
935657.3348247499 1916130.7850368288
935657.3392443489 1916130.8063775597
935657.3435975028 1916130.8277373493
935657.347883811 1916130.849116292
935657.3521028727 1916130.8705144816
935657.356254287 1916130.8919320127
935657.360337653 1916130.9133689795
935657.3643525698 1916130.934825476
935657.3682986366 1916130.9563015967
935657.3721754528 1916130.9777974354
935657.3759826171 1916130.9993130867
935657.3797197293 1916131.020848645
935657.3833863881 1916131.042404204
935657.3869821926 1916131.0639798583
935657.3905067424 1916131.0855757017
935657.3939596362 1916131.1071918288
935657.3973404734 1916131.128828334
935657.4006488533 1916131.150485311
935657.4038843748 1916131.1721628543
935657.4070466371 1916131.1938610582
935657.4101352396 1916131.215580017
935657.4131497812 1916131.2373198245
935657.416089861 1916131.2590805755
935657.4189550785 1916131.2808623635
935657.4217450328 1916131.3026652837
935657.4244593229 1916131.3244894296
935657.4270975479 1916131.3463348951
935657.4296593072 1916131.3682017755
935657.4321441996 1916131.3900901643
935657.4345518248 1916131.412000156
935657.4368817817 1916131.4339318445
935657.4391336694 1916131.4558853242
935657.441307087 1916131.4778606896
935657.4434016339 1916131.4998580343
935657.4454169091 1916131.5218774532
935657.4473525117 1916131.5439190404
935657.449208041 1916131.5659828896
935657.4509830963 1916131.5880690955
935657.4526772765 1916131.6101777523
935657.4542901807 1916131.6323089541
935657.4558214084 1916131.6544627952
935657.4572705587 1916131.6766393697
935657.4586372303 1916131.698838772
935657.4599210231 1916131.721061096
935657.4611215359 1916131.7433064366
935657.4622383676 1916131.7655748872
935657.4632711178 1916131.7878665426
935657.4642193854 1916131.810181497
935657.4650827695 1916131.832519844
935657.4658608696 1916131.8548816785
935657.4665532847 1916131.8772670943
935657.4671596139 1916131.8996761865
935657.4676794565 1916131.922109048
935657.4681124114 1916131.944565774
935657.4684580781 1916131.9670464585
935657.4687160554 1916131.9895511956
935657.4688859428 1916132.0120800796
935657.4689673394 1916132.0346332046
935657.4689598442 1916132.0572106647
935657.4688630564 1916132.0798125549
935657.4686765753 1916132.1024389684
