935669.594731777 1916231.15010676
935671.901372771 1916231.19167143
935671.916380297 1916231.19090964
935671.942365878 1916231.19132158
935672.523265532 1916231.18653458
935673.108147121 1916231.18281039
935673.585945448 1916231.18638594
935674.021751224 1916231.19029549
935675.092268274 1916231.20026806
935675.200224232 1916231.20097974
935676.113558996 1916231.22545541
935676.628178376 1916231.23961163
935677.603462922 1916231.26606906
935677.655418245 1916231.26789238
935679.107359092 1916231.30690452
935680.602260261 1916231.34759739
935680.653216138 1916231.34940486
935682.102158663 1916231.38836947
935683.239321716 1916231.41939248
935683.599248861 1916231.41710068
935683.682218685 1916231.41741627
935684.594791687 1916231.42688441
