935655.918614516 1916205.81592778
935655.920151304 1916208.80904379
935655.920688618 1916211.80214397
935655.92224119 1916214.79426054
935655.923524749 1916217.04659735
935656.501692631 1916219.98887264
935656.764447118 1916221.32363416
935658.002736251 1916224.05644081
935658.504036154 1916225.16305428
935660.442545976 1916227.42710687
935660.640821583 1916227.65818088
935663.089576978 1916229.39248541
935664.052469075 1916230.07454738
935666.892212748 1916230.98230281
935667.288090801 1916231.10854209
