935654.052517676 1916124.12812816
935654.271687692 1916125.94205302
935654.489858253 1916127.75596205
935654.646088329 1916129.25198536
935654.801303109 1916130.74899227
935654.955597656 1916132.24098612
935655.110891639 1916133.73299581
935655.310027776 1916135.67556397
935655.464322297 1916137.16755782
935655.618616813 1916138.65955168
935655.928347856 1916141.63456022
935656.103935648 1916143.29684005
935656.423708633 1916146.2690087
935656.725759606 1916149.1609207
935656.850663234 1916151.68713464
935656.829340054 1916154.67189069
935656.812873207 1916156.21516121
935656.797421639 1916157.75744813
