935651.456322873 1916262.92783488
935651.435445755 1916264.49702759
935651.433780867 1916264.53898846
935651.406031813 1916265.97411288
935651.379993893 1916267.3012972
935651.375255288 1916267.53715048
935651.350532403 1916268.78138083
935651.33390831 1916269.64085637
935651.323242805 1916270.18752134
935651.293717925 1916271.67160275
935651.287442457 1916272.00440223
935651.274383235 1916272.63900255
935651.269549563 1916272.8808525
935651.262782931 1916273.2446348
935651.256697589 1916273.56544094
935651.230247693 1916274.91861084
935651.228108764 1916275.05353597
935651.222593801 1916275.33836208
935651.20427439 1916276.30477828
935651.183767232 1916277.34613705
935651.175622175 1916277.7968711
935651.159156494 1916278.64635219
935651.144607929 1916279.37490038
935651.116003234 1916280.86399486
935651.111533964 1916281.08285756
935651.087113338 1916282.37107935
935651.08692321 1916282.3830727
935651.079269308 1916282.80282394
935651.077747011 1916282.83578979
935651.049967459 1916284.33589401
935651.039301925 1916284.88255898
935651.021188454 1916285.83598239
935650.992361912 1916287.33906911
935650.992251002 1916287.34606522
935650.963662111 1916288.83416026
935650.943376727 1916289.86152679
935650.934788019 1916290.34024531
935650.90618327 1916291.82933978
935650.89602473 1916292.34402249
935650.877388384 1916293.33042761
935650.848656868 1916294.82751765
935650.848450894 1916294.84051044
935650.828832215 1916295.88888117
935650.800813664 1916297.34099617
935650.799863025 1916297.40096289
935650.771495899 1916298.87506569
935650.75482419 1916299.73753957
935650.742257348 1916300.40413798
935650.714159556 1916301.86125021
935650.706473937 1916302.28300033
935650.699944931 1916302.63179095
935650.657463186 1916303.54583989
935650.604182756 1916304.69964482
935650.58907068 1916305.02230726
935650.524817277 1916306.42686209
935650.518664708 1916306.56272329
935650.49903327 1916306.98128496
935650.442803293 1916308.19502493
935650.430244647 1916308.48273846
935650.371223571 1916309.74641902
935650.32515851 1916310.76038081
935650.305352781 1916311.18993638
935650.268865142 1916311.97811857
935650.253848126 1916312.29478433
935650.223370458 1916312.95610032
935650.177226166 1916313.97505934
935650.171279567 1916314.09792776
935650.105630572 1916315.52745288
935650.069459801 1916316.29564616
935650.032813707 1916317.0938228
935650.014498582 1916317.4924114
935650.008187567 1916317.63826706
935649.990030881 1916318.0268612
935649.972968704 1916318.40947452
935649.968512716 1916318.50137596
935649.946010947 1916318.97487544
935649.941459892 1916319.07277356
935649.921162987 1916319.53331193
935649.892461108 1916320.14567094
935649.8666137 1916320.70409159
