935632.124510605 1916357.75149763
935631.683929481 1916357.73351644
935631.309280063 1916357.71857986
935630.47377542 1916357.70333522
935630.165168619 1916357.68444713
935628.666127322 1916357.65268527
935627.167149408 1916357.61692564
935626.515590256 1916357.601598
935625.016548975 1916357.56983614
935623.866234909 1916357.54860114
935623.517444326 1916357.54207207
935622.018403062 1916357.51031022
935620.519298427 1916357.48254615
935619.020257177 1916357.45078429
935618.847353134 1916357.44804325
935617.723024669 1916357.42722019
935617.34826436 1916357.41927973
935615.84920728 1916357.38851732
935614.724878826 1916357.36769427
935614.35011852 1916357.35975381
935612.851061455 1916357.3289914
935611.726733014 1916357.30816834
935611.351972711 1916357.30022788
935609.852915662 1916357.26946547
935608.72858723 1916357.24864242
935608.353826933 1916357.24070195
935606.856768788 1916357.20997124
935605.732440366 1916357.18914818
935605.357680073 1916357.18120772
935603.858686428 1916357.14644753
935602.588454854 1916357.12231178
935601.78799425 1916357.10362391
935600.289032314 1916357.06686483
935598.790228826 1916357.0201113
935598.510463372 1916357.0106777
935597.610089941 1916356.98840652
935597.010755511 1916356.95791166
935595.755370523 1916356.81704679
935594.978673544 1916356.74975051
935594.364219429 1916356.66403265
935593.63679505 1916356.5155424
935593.024100899 1916356.38186701
935592.022715096 1916356.11006977
935591.45350411 1916355.94509344
935590.946813275 1916355.74611886
935589.815273992 1916355.29731143
935589.342008492 1916355.07087525
935588.53119607 1916354.63315048
935588.137949565 1916354.40398405
935587.736278445 1916354.138695
935586.960047981 1916353.60054912
935586.571829128 1916353.30648213
935585.750985523 1916352.61867425
935585.386150019 1916352.29998555
935585.021964125 1916351.9403196
935584.406500485 1916351.35073876
935584.038236325 1916350.93302576
935583.407126347 1916350.13226095
935583.038225896 1916349.62856398
935582.670243144 1916349.0039183
935582.012982831 1916347.89783153
935581.666191875 1916347.13456401
935581.280228636 1916346.19372924
935581.001207295 1916345.31757068
935580.769541398 1916344.481151
935580.596557572 1916343.66365615
935580.433869236 1916342.82733027
935580.364954461 1916342.00348765
935580.287314025 1916341.16251186
935580.244855088 1916340.05717426
935580.231641819 1916338.55742022
935580.253409125 1916337.05822073
935580.246429512 1916336.30034022
935580.254080961 1916335.7546273
935580.285826859 1916334.25658569
935580.285842703 1916334.25558625
935580.315644834 1916333.13239997
935580.325584158 1916332.75767139
935580.357345886 1916331.25863034
935580.37598742 1916330.52414902
935580.401870977 1916329.39590214
935580.43363269 1916327.89686108
935580.460498571 1916326.7066486
935580.492260268 1916325.20760754
935580.520882295 1916323.78049485
935580.521436839 1916323.74551427
935580.496844903 1916322.83740011
935580.483175251 1916322.31234281
