935641.374621239 1916208.67943018
935641.407936335 1916207.14542408
935641.437714397 1916205.6453516
935641.466493006 1916204.14526327
935641.495271609 1916202.64517494
935641.540833837 1916200.33859754
935641.604118328 1916197.35550652
935641.66833886 1916194.37642912
935641.670762939 1916194.22351397
935641.70253983 1916192.72347317
935641.733317267 1916191.22341653
935641.765094143 1916189.72337573
935641.796855167 1916188.22433437
935641.847934757 1916185.75889269
935641.90844258 1916182.7617619
935641.96893453 1916179.76563055
935642.029426449 1916176.7694992
935642.060203811 1916175.26944255
935642.091980608 1916173.76940175
935642.15447136 1916170.77330209
935642.216027312 1916167.8361697
935642.278502162 1916164.84106948
935642.338946403 1916161.84793646
935642.399422306 1916158.85280456
935642.400784849 1916158.76685225
935642.462054198 1916155.78472898
935642.523323519 1916152.8026057
935642.584592812 1916149.82048243
935642.645862076 1916146.83835915
935642.656512822 1916146.35567455
935642.687290032 1916144.8556179
935642.717067787 1916143.35554541
935642.747844982 1916141.85548877
935642.778622168 1916140.35543212
935642.809383506 1916138.85637492
935642.840160677 1916137.35631827
935642.869938395 1916135.85624578
935642.900715554 1916134.35618913
935642.932568753 1916132.72518929
935642.964421941 1916131.09418945
