935656.294418 1916123.61338
935656.304137 1916123.72426
935656.340381 1916123.82383
935656.35897 1916123.93463
935656.386344 1916124.03428
935656.404848 1916124.13399
935656.414568 1916124.24486
935656.441856 1916124.33341
935656.460275 1916124.42202
935656.487564 1916124.51057
935656.505898 1916124.58809
935656.524318 1916124.67671
935656.542652 1916124.75423
935656.552201 1916124.84292
935656.579405 1916124.92037
935656.597824 1916125.00899
935656.607289 1916125.08658
935656.625793 1916125.18629
935656.644127 1916125.26381
935656.671501 1916125.36345
935656.68992 1916125.45207
935656.70834 1916125.54068
935656.735628 1916125.62923
935656.754047 1916125.71785
935656.772467 1916125.80646
935656.790886 1916125.89508
935656.809305 1916125.9837
935656.827724 1916126.07231
935656.837359 1916126.17209
935656.855608 1916126.23852
935656.874112 1916126.33823
935656.892446 1916126.41575
935656.910951 1916126.51546
935656.920415 1916126.59305
935656.938834 1916126.68167
935656.957254 1916126.77029
935656.966803 1916126.85897
935656.976353 1916126.94765
935656.985903 1916127.03634
935657.004322 1916127.12495
935657.013871 1916127.21364
935657.023506 1916127.31342
935657.033056 1916127.4021
935657.04269 1916127.50188
935657.05224 1916127.59056
935657.053005 1916127.69041
935657.062555 1916127.77909
935657.080974 1916127.86771
935657.072869 1916127.96762
935657.082504 1916128.0674
935657.101008 1916128.16711
935657.092904 1916128.26703
935657.111408 1916128.36674
935657.112258 1916128.47768
935657.121893 1916128.57745
935657.131613 1916128.68833
935657.132463 1916128.79927
935657.151137 1916128.92117
935657.151987 1916129.03211
935657.170661 1916129.154
935657.171596 1916129.27604
935657.181401 1916129.398
935657.208945 1916129.51983
935657.20101 1916129.64194
935657.228469 1916129.75267
935657.211665 1916129.87484
935657.239294 1916130.00777
935657.249099 1916130.12973
935657.267773 1916130.25163
935657.277577 1916130.3736
935657.278513 1916130.49563
935657.306056 1916130.61746
935657.306906 1916130.7284
935657.325581 1916130.8503
935657.344255 1916130.9722
935657.353975 1916131.08307
935657.372564 1916131.19388
935657.382368 1916131.31584
935657.392003 1916131.41562
935657.410677 1916131.53752
935657.420397 1916131.64839
935657.438986 1916131.7592
935657.439921 1916131.88123
935657.45851 1916131.99203
935657.4684 1916132.12509
935657.487159 1916132.25809
935657.497134 1916132.40224
935657.515978 1916132.54633
935657.517083 1916132.69055
935657.536098 1916132.85682
935657.546157 1916133.01207
935657.556217 1916133.16732
935657.575146 1916133.3225
935657.594076 1916133.47768
935657.604135 1916133.63293
935657.631849 1916133.77695
935657.650693 1916133.92103
935657.669537 1916134.06512
935657.71499 1916134.209
935657.73375 1916134.34199
935657.761378 1916134.47492
935657.789092 1916134.61894
935657.825675 1916134.76289
935657.844435 1916134.89588
935657.872148 1916135.0399
935657.890823 1916135.1618
935657.927321 1916135.29465
935657.94608 1916135.42765
935657.973794 1916135.57166
935657.992553 1916135.70466
935658.011397 1916135.84874
935658.039111 1916135.99276
935658.05787 1916136.12575
935658.076799 1916136.28093
935658.086689 1916136.41399
935658.096664 1916136.55815
935658.115508 1916136.70223
935658.134267 1916136.83523
935658.135287 1916136.96835
935658.154046 1916137.10135
935658.164021 1916137.2455
935658.165041 1916137.37863
935658.19267 1916137.51155
935658.193775 1916137.65578
935658.212619 1916137.79986
935658.222594 1916137.94402
935658.241438 1916138.0881
935658.260452 1916138.25438
935658.270427 1916138.39853
935658.30718 1916138.56467
935658.317155 1916138.70882
935658.336169 1916138.8751
935658.363968 1916139.03021
935658.374113 1916139.19655
935658.410696 1916139.3405
935658.420841 1916139.50685
935658.4309 1916139.66209
935658.467569 1916139.81714
935658.486668 1916139.99451
935658.505597 1916140.14969
935658.533566 1916140.32699
935658.55241 1916140.47107
935658.56264 1916140.64851
935658.572614 1916140.79266
935658.591714 1916140.97003
935658.610558 1916141.11412
935658.629572 1916141.28039
935658.639547 1916141.42455
935658.658561 1916141.59082
935658.668621 1916141.74607
935658.68755 1916141.90125
935658.715264 1916142.04527
935658.725408 1916142.21161
935658.753037 1916142.34454
935658.772051 1916142.51081
935658.79081 1916142.6438
935658.809655 1916142.78789
935658.819629 1916142.93204
935658.847343 1916143.07606
935658.857318 1916143.22022
935658.885031 1916143.36423
935658.90396 1916143.51941
935658.931759 1916143.67453
935658.950688 1916143.82971
935658.978572 1916143.99591
935658.997671 1916144.17328
935659.007816 1916144.33962
935659.02683 1916144.5059
935659.03706 1916144.68334
935659.065029 1916144.86064
935659.084043 1916145.02691
935659.112012 1916145.20421
935659.131026 1916145.37048
935659.14134 1916145.55902
935659.169139 1916145.71413
935659.179284 1916145.88047
935659.207083 1916146.03558
935659.217142 1916146.19083
935659.235986 1916146.33492
935659.254916 1916146.4901
935659.273845 1916146.64528
935659.283989 1916146.81162
935659.302919 1916146.9668
935659.321933 1916147.13307
935659.332162 1916147.31051
935659.351092 1916147.46569
935659.361321 1916147.64313
935659.371466 1916147.80947
935659.390565 1916147.98684
935659.40088 1916148.17537
935659.419979 1916148.35274
935659.430294 1916148.54127
935659.449478 1916148.72973
935659.459793 1916148.91826
935659.470022 1916149.0957
935659.471552 1916149.29539
935659.472998 1916149.48399
935659.492182 1916149.67245
935659.502497 1916149.86098
935659.504027 1916150.06067
935659.505472 1916150.24927
935659.506917 1916150.43787
935659.517232 1916150.6264
935659.518677 1916150.815
935659.511167 1916150.99257
935659.503743 1916151.18124
935659.505103 1916151.35874
935659.506463 1916151.53625
935659.507824 1916151.71375
935659.500229 1916151.88023
935659.510459 1916152.05766
935659.511734 1916152.22407
935659.513009 1916152.39048
935659.50533 1916152.54587
935659.497735 1916152.71235
935659.498926 1916152.86766
935659.500116 1916153.02298
935659.492436 1916153.17836
935659.493711 1916153.34477
935659.486032 1916153.50016
935659.487307 1916153.66657
935659.488582 1916153.83298
935659.480988 1916153.99946
935659.482178 1916154.15477
935659.483453 1916154.32118
935659.493598 1916154.48753
935659.486003 1916154.654
935659.487279 1916154.82041
935659.497508 1916154.99785
935659.489914 1916155.16433
935659.491189 1916155.33074
935659.474725 1916155.49729
935659.484785 1916155.65253
935659.477275 1916155.83011
935659.487335 1916155.98535
935659.479741 1916156.15183
935659.480931 1916156.30715
935659.473337 1916156.47363
935659.474527 1916156.62894
935659.475717 1916156.78426
935659.459168 1916156.93971
935659.460443 1916157.10612
935659.452764 1916157.26151
935659.453869 1916157.40573
935659.43732 1916157.56118
935659.44738 1916157.71643
935659.4397 1916157.87181
935659.431936 1916158.0161
935659.424256 1916158.17149
935659.416577 1916158.32687
935659.408898 1916158.48226
935659.401048 1916158.61545
935659.393369 1916158.77084
935659.394474 1916158.91506
935659.386795 1916159.07044
935659.37903 1916159.21473
935659.380305 1916159.38114
935659.381325 1916159.51427
935659.373816 1916159.69184
935659.366052 1916159.83613
935659.358372 1916159.99152
935659.359648 1916160.15793
935659.360753 1916160.30215
935659.353158 1916160.46863
935659.354348 1916160.62395
935659.355539 1916160.77926
935659.356814 1916160.94567
935659.358004 1916161.10099
935659.350324 1916161.25637
935659.351515 1916161.41169
935659.352875 1916161.58919
935659.354065 1916161.74451
935659.35534 1916161.91092
935659.347746 1916162.0774
935659.36676 1916162.24367
935659.36812 1916162.42118
935659.369395 1916162.58759
935659.37067 1916162.754
935659.3809 1916162.93143
935659.382175 1916163.09784
935659.39249 1916163.28637
935659.402719 1916163.46381
935659.412949 1916163.64125
935659.414309 1916163.81875
935659.415669 1916163.99626
935659.41703 1916164.17376
935659.427174 1916164.3401
935659.428619 1916164.5287
935659.438764 1916164.69504
935659.43134 1916164.88371
935659.43253 1916165.03903
935659.425106 1916165.22769
935659.426296 1916165.38301
935659.436525 1916165.56044
935659.428931 1916165.72692
935659.421337 1916165.8934
935659.413742 1916166.05988
935659.414932 1916166.2152
935659.416208 1916166.38161
935659.399744 1916166.54815
935659.401104 1916166.72566
935659.402209 1916166.86988
935659.394785 1916167.05855
935659.39589 1916167.20277
935659.38838 1916167.38034
935659.389571 1916167.53566
935659.390931 1916167.71316
935659.392206 1916167.87957
935659.384612 1916168.04605
935659.385972 1916168.22355
935659.378377 1916168.39003
935659.370868 1916168.5676
935659.363274 1916168.73408
935659.364634 1916168.91159
935659.365994 1916169.08909
935659.358485 1916169.26666
935659.359845 1916169.44417
935659.35225 1916169.61065
935659.344826 1916169.79931
935659.337317 1916169.97688
935659.329807 1916170.15446
935659.331168 1916170.33196
935659.332528 1916170.50947
935659.316149 1916170.68711
935659.317509 1916170.86461
935659.310085 1916171.05328
935659.311445 1916171.23078
935659.304021 1916171.41945
935659.296511 1916171.59702
935659.289002 1916171.77459
935659.281493 1916171.95216
935659.274068 1916172.14083
935659.266559 1916172.3184
935659.25018 1916172.49604
935659.251455 1916172.66245
935659.235161 1916172.85119
935659.227652 1916173.02876
935659.229012 1916173.20626
935659.221418 1916173.37274
935659.222863 1916173.56134
935659.215269 1916173.72782
935659.207759 1916173.90539
935659.20025 1916174.08296
935659.192656 1916174.24944
935659.185146 1916174.42701
935659.177552 1916174.59349
935659.161173 1916174.77113
935659.162533 1916174.94864
935659.155024 1916175.12621
935659.129861 1916175.31501
935659.140006 1916175.48135
935659.123712 1916175.67009
935659.116287 1916175.85875
935659.117563 1916176.02516
935659.110223 1916176.22492
935659.111498 1916176.39133
935659.113029 1916176.59103
935659.08778 1916176.76873
935659.089225 1916176.95733
935659.090586 1916177.13484
935659.091776 1916177.29015
935659.093136 1916177.46766
935659.094411 1916177.63407
935659.088092 1916177.96696
935659.089367 1916178.13337
935659.099512 1916178.29971
935659.091917 1916178.46619
935659.102062 1916178.63253
935659.103252 1916178.78785
935659.104442 1916178.94316
935659.105633 1916179.09848
935659.106908 1916179.26489
935659.108013 1916179.40911
935659.118242 1916179.58655
935659.110563 1916179.74193
935659.102969 1916179.90841
935659.104074 1916180.05263
935659.09648 1916180.21911
935659.106454 1916180.36327
935659.08999 1916180.52981
935659.091096 1916180.67403
935659.083416 1916180.82942
935659.075652 1916180.97371
935659.076842 1916181.12902
935659.060293 1916181.28448
935659.061398 1916181.4287
935659.053804 1916181.59518
935659.03734 1916181.76172
935659.029661 1916181.91711
935659.021982 1916182.07249
935659.014302 1916182.22788
935658.997838 1916182.39442
935658.990159 1916182.54981
935658.982565 1916182.71628
935658.966016 1916182.87174
935658.958337 1916183.02712
935658.941873 1916183.19367
935658.934278 1916183.36015
935658.926599 1916183.51553
935658.91892 1916183.67091
935658.911155 1916183.8152
935658.903561 1916183.98168
935658.895797 1916184.12597
935658.896987 1916184.28129
935658.898092 1916184.42551
935658.899197 1916184.56973
935658.891348 1916184.70293
935658.892368 1916184.83606
935658.884519 1916184.96925
935658.885539 1916185.10238
935658.886559 1916185.23551
935658.887664 1916185.37973
935658.897554 1916185.51279
935658.889704 1916185.64599
935658.899509 1916185.76796
935658.891745 1916185.91225
935658.901719 1916186.0564
935658.902909 1916186.21172
935658.904015 1916186.35594
935658.905205 1916186.51126
935658.906395 1916186.66657
935658.9075 1916186.81079
935658.908775 1916186.9772
935658.909965 1916187.13252
935658.911155 1916187.28784
935658.912346 1916187.44315
935658.913536 1916187.59847
935658.905856 1916187.75385
935658.899367 1916188.06455
935658.900387 1916188.19768
935658.883924 1916188.36423
935658.876159 1916188.50852
935658.859611 1916188.66397
935658.851846 1916188.80826
935658.853121 1916188.97467
935658.836488 1916189.11903
935658.837763 1916189.28544
935658.821214 1916189.44089
935658.822404 1916189.59621
935658.80594 1916189.76275
935658.798261 1916189.91814
935658.808491 1916190.09558
935658.782987 1916190.24
935658.775478 1916190.41757
935658.767714 1916190.56186
935658.777858 1916190.72821
935658.752525 1916190.89482
935658.76267 1916191.06116
935658.754905 1916191.20545
935658.747311 1916191.37193
935658.748501 1916191.52725
935658.758646 1916191.69359
935658.742012 1916191.83795
935658.743202 1916191.99326
935658.744307 1916192.13749
935658.745498 1916192.2928
935658.746433 1916192.41484
935658.747623 1916192.57015
935658.748643 1916192.70328
935658.740879 1916192.84757
935658.741899 1916192.9807
935658.751788 1916193.11376
935658.735155 1916193.25812
935658.745044 1916193.39118
935658.746064 1916193.52431
935658.747 1916193.64634
935658.730281 1916193.77961
935658.74017 1916193.91267
935658.723707 1916194.07921
935658.707158 1916194.23466
935658.708518 1916194.41217
935658.692139 1916194.58981
935658.666891 1916194.76752
935658.659382 1916194.94509
935658.642918 1916195.11164
935658.635324 1916195.27811
935658.61886 1916195.44466
935658.611266 1916195.61114
935658.594802 1916195.77768
935658.578338 1916195.94423
935658.561704 1916196.08859
935658.554195 1916196.26616
935658.564255 1916196.42141
935658.538921 1916196.58802
935658.522373 1916196.74348
935658.514778 1916196.90995
935658.498314 1916197.0765
935658.49089 1916197.26517
935658.474426 1916197.43171
935658.449263 1916197.62052
935658.415316 1916197.82048
935658.390237 1916198.02038
935658.365159 1916198.22027
935658.339996 1916198.40907
935658.323872 1916198.62
935658.298709 1916198.8088
935658.282415 1916198.99753
935658.257252 1916199.18634
935658.249828 1916199.375
935658.251358 1916199.57469
935658.235064 1916199.76343
935658.227555 1916199.941
935658.220216 1916200.14076
935658.221576 1916200.31827
935658.214237 1916200.51803
935658.215512 1916200.68444
935658.216957 1916200.87303
935658.191624 1916201.03965
935658.193069 1916201.22825
935658.17669 1916201.40589
935658.160397 1916201.59462
935658.152802 1916201.7611
935658.145293 1916201.93867
935658.137699 1916202.10515
935658.130105 1916202.27163
935658.104856 1916202.44934
935658.097177 1916202.60472
935658.071844 1916202.77133
935658.064165 1916202.92672
935658.038661 1916203.07115
935658.030982 1916203.22653
935658.014263 1916203.35979
935658.006499 1916203.50408
935657.972041 1916203.63748
935657.973062 1916203.77061
935657.956258 1916203.89278
935657.930584 1916204.01502
935657.913866 1916204.14828
935657.896892 1916204.24827
935657.888958 1916204.37037
935657.863199 1916204.48151
935657.855265 1916204.60362
935657.847076 1916204.69244
935657.830187 1916204.80351
935657.813128 1916204.8924
935657.796154 1916204.99238
935657.77918 1916205.09236
935657.753422 1916205.20351
935657.736533 1916205.31458
935657.719815 1916205.44785
