935655.9124677819 1916207.2098284655
935655.8999446406 1916207.3988957456
935655.8874172028 1916207.5875591468
935655.8748855812 1916207.7758192504
935655.8623498887 1916207.9636766382
935655.8498102379 1916208.1511318928
935655.8372667416 1916208.3381855953
935655.8247195125 1916208.524838328
935655.8121686634 1916208.711090672
935655.7996143071 1916208.8969432109
935655.7870565562 1916209.0823965252
935655.7744955235 1916209.267451197
935655.7619313217 1916209.4521078086
935655.7493640636 1916209.6363669415
935655.7367938621 1916209.820229178
935655.7242208294 1916210.0036950996
935655.711645079 1916210.1867652885
935655.6990667229 1916210.3694403262
935655.6864858742 1916210.5517207952
935655.6739026458 1916210.7336072768
935655.6613171502 1916210.9151003533
935655.6487295004 1916211.0962006063
935655.6361398087 1916211.2769086182
935655.6235481881 1916211.4572249702
935655.6109547514 1916211.6371502446
935655.5983596112 1916211.8166850233
935655.5857628804 1916211.9958298882
935655.5731646715 1916212.1745854209
935655.5605650976 1916212.352952204
935655.547964271 1916212.5309308185
935655.5353623049 1916212.7085218467
935655.5227593118 1916212.8857258707
935655.5101554043 1916213.0625434723
935655.4975506954 1916213.238975233
935655.4849452977 1916213.4150217352
935655.4723393241 1916213.5906835608
935655.4597328871 1916213.7659612913
935655.4471260995 1916213.9408555087
935655.4345190743 1916214.115366795
935655.4219119238 1916214.2894957322
935655.4093047612 1916214.4632429022
935655.3966976987 1916214.6366088865
935655.3840908498 1916214.8095942673
935655.3714843265 1916214.982199627
935655.3588782419 1916215.1544255465
935655.3462727087 1916215.3262726082
935655.3336678398 1916215.497741394
935655.3210637476 1916215.668832486
935655.3084605449 1916215.8395464655
935655.2958583446 1916216.009883915
935655.2832572595 1916216.1798454162
935655.2706574022 1916216.3494315508
935655.2580588856 1916216.518642901
935655.2454618221 1916216.6874800485
935655.2328663248 1916216.8559435753
935655.2202725062 1916217.024034063
935655.207680479 1916217.1917520938
935655.1950903564 1916217.3590982498
935655.1825022505 1916217.5260731122
935655.1699162747 1916217.6926772639
935655.1573325411 1916217.8589112859
935655.1447511629 1916218.0247757602
935655.1321722526 1916218.1902712693
935655.119595923 1916218.3553983946
935655.1070222871 1916218.5201577176
935655.0944514571 1916218.6845498213
935655.0818835462 1916218.8485752873
935655.0693186669 1916219.0122346967
935655.056756932 1916219.1755286318
935655.0441984545 1916219.338457675
935655.0316433467 1916219.5010224073
935655.0190917216 1916219.6632234114
935655.006543692 1916219.8250612689
935654.9939993704 1916219.9865365617
935654.9814588695 1916220.1476498714
935654.9689223025 1916220.3084017807
935654.9563897817 1916220.4687928704
935654.94386142 1916220.6288237232
935654.9313373303 1916220.7884949208
935654.918817625 1916220.9478070452
935654.906302417 1916221.1067606779
935654.8937918192 1916221.2653564012
935654.881285944 1916221.4235947968
935654.8687849046 1916221.5814764465
935654.8562888132 1916221.7390019326
935654.843797783 1916221.8961718369
935654.8313119266 1916222.0529867408
935654.8188313566 1916222.2094472265
935654.8063561858 1916222.3655538764
935654.7938865271 1916222.5213072712
935654.781422493 1916222.6767079942
935654.7689641964 1916222.8317566263
935654.75651175 1916222.9864537495
935654.7440652666 1916223.1407999464
935654.7316248589 1916223.2947957984
935654.7191906397 1916223.4484418868
935654.7067627215 1916223.6017387947
935654.6943412173 1916223.7546871032
935654.6819262396 1916223.9072873946
935654.6695179014 1916224.0595402503
935654.6571163154 1916224.2114462527
935654.6447215942 1916224.3630059834
935654.6323338507 1916224.5142200242
935654.6199531975 1916224.6650889576
935654.6075797473 1916224.815613365
935654.5952136131 1916224.965793828
935654.5828549074 1916225.1156309291
935654.570503743 1916225.26512525
935654.5581602326 1916225.4142773724
935654.5458244892 1916225.5630878787
935654.5334966251 1916225.7115573504
935654.5211767534 1916225.859686369
935654.5088649868 1916226.0074755175
935654.4965614378 1916226.1549253766
935654.4842662195 1916226.302036529
935654.4719794443 1916226.4488095567
935654.4597012252 1916226.5952450407
935654.4474316747 1916226.7413435637
935654.4351709057 1916226.887105707
935654.4229190309 1916227.0325320533
935654.4106761629 1916227.177623184
935654.3984424149 1916227.3223796804
935654.3862178992 1916227.4668021258
935654.3740027285 1916227.610891101
935654.3617970161 1916227.7546471881
935654.349600874 1916227.8980709692
935654.3374144154 1916228.0411630261
935654.325237753 1916228.1839239406
935654.3130709996 1916228.3263542948
935654.3009142674 1916228.4684546709
935654.2887676698 1916228.6102256496
935654.2766313193 1916228.7516678143
935654.2645053286 1916228.8927817459
935654.2523898107 1916229.0335680265
935654.2402848778 1916229.1740272383
935654.228190643 1916229.3141599628
935654.2161072192 1916229.4539667822
935654.2040347189 1916229.593448278
935654.1919732549 1916229.7326050326
935654.1799229399 1916229.8714376276
935654.1678838866 1916230.0099466452
935654.1558562077 1916230.1481326667
935654.1438400161 1916230.2859962748
935654.1318354247 1916230.4235380504
935654.1198425458 1916230.5607585763
935654.1078614926 1916230.697658434
935654.0958923773 1916230.8342382056
935654.0839353132 1916230.9704984727
935654.0719904127 1916231.1064398172
935654.0600577885 1916231.242062821
935654.0481375539 1916231.3773680665
935654.0362298208 1916231.5123561353
935654.0243347024 1916231.647027609
935654.0124523116 1916231.7813830695
935654.0005827608 1916231.9154230992
935653.9887261629 1916232.0491482797
935653.9768826306 1916232.182559193
935653.9650522767 1916232.3156564208
935653.9532352139 1916232.4484405448
935653.941431555 1916232.5809121479
935653.9296414125 1916232.7130718105
935653.9178648993 1916232.8449201158
935653.9061021284 1916232.9764576452
935653.8943532122 1916233.1076849806
935653.8826182635 1916233.238602704
935653.8708973952 1916233.3692113967
935653.8591907198 1916233.4995116415
935653.8474983502 1916233.6295040194
935653.8358203991 1916233.759189113
935653.8241569794 1916233.888567504
935653.8125082034 1916234.0176397746
935653.8008741844 1916234.146406506
935653.7892550348 1916234.2748682804
935653.7776508674 1916234.40302568
935653.7660617948 1916234.5308792864
935653.7544879301 1916234.6584296816
935653.7429293859 1916234.785677447
935653.7313862747 1916234.9126231654
935653.7198587094 1916235.039267418
935653.7083468027 1916235.1656107872
935653.6968506677 1916235.2916538545
935653.6853704166 1916235.4173972018
935653.6739061624 1916235.5428414114
935653.6624580179 1916235.6679870647
935653.6510260957 1916235.7928347439
935653.6396105086 1916235.9173850305
935653.6282113694 1916236.0416385073
935653.6168287909 1916236.1655957552
935653.6054628855 1916236.2892573567
935653.5941137662 1916236.4126238935
935653.5827815458 1916236.5356959475
935653.571466337 1916236.6584741005
935653.5601682523 1916236.7809589347
935653.5488874047 1916236.9031510311
935653.537623907 1916237.025050973
935653.5263778716 1916237.1466593416
935653.5151494115 1916237.2679767185
935653.5039386395 1916237.389003686
935653.4927456682 1916237.5097408257
935653.4815706104 1916237.6301887198
935653.4704135787 1916237.75034795
935653.4592746859 1916237.8702190986
935653.4481540452 1916237.9898027466
935653.4370517685 1916238.1090994768
935653.4259679691 1916238.2281098706
935653.4149027597 1916238.3468345103
935653.403856253 1916238.4652739773
935653.3928285615 1916238.583428854
935653.3818197983 1916238.7012997218
935653.370830076 1916238.8188871632
935653.3598595073 1916238.9361917593
935653.3489082049 1916239.0532140923
935653.3379762816 1916239.1699547449
935653.3270638502 1916239.2864142978
935653.3161710234 1916239.4025933335
935653.3052979138 1916239.518492434
935653.2944446346 1916239.634112181
935653.283611298 1916239.7494531563
935653.2727980168 1916239.8645159418
935653.262004904 1916239.9793011197
935653.2512320724 1916240.0938092717
935653.2404796343 1916240.2080409795
935653.2297477028 1916240.3219968253
935653.2190363905 1916240.435677391
935653.2083458104 1916240.5490832583
935653.1976760749 1916240.6622150093
935653.187027297 1916240.7750732258
935653.1763995893 1916240.8876584896
935653.1657930644 1916240.9999713823
935653.1552078353 1916241.1120124867
935653.1446440145 1916241.2237823838
935653.134101715 1916241.3352816561
935653.1235810496 1916241.4465108851
935653.1130821307 1916241.5574706532
935653.102605071 1916241.668161542
935653.0921499837 1916241.778584133
935653.0817169813 1916241.8887390085
935653.0713061764 1916241.9986267502
935653.060917682 1916242.1082479402
935653.0505516105 1916242.2176031605
935653.0402080751 1916242.3266929928
935653.029887188 1916242.4355180191
935653.0195890625 1916242.544078821
935653.009313811 1916242.652375981
935652.9990615463 1916242.7604100804
935652.9888323811 1916242.8681817015
935652.9786264283 1916242.9756914256
935652.9684438005 1916243.0829398353
935652.9582846103 1916243.189927512
935652.9481489708 1916243.2966550381
935652.9380369945 1916243.4031229953
935652.9279487941 1916243.5093319654
935652.9178844825 1916243.61528253
935652.9078441726 1916243.7209752714
935652.8978279767 1916243.8264107713
935652.8878360079 1916243.9315896116
935652.8778683787 1916244.0365123744
935652.8679252019 1916244.1411796417
935652.8580065903 1916244.245591995
935652.8481126566 1916244.3497500164
935652.8382435137 1916244.4536542878
935652.8283992741 1916244.5573053912
935652.8185800507 1916244.660703908
935652.8087859561 1916244.7638504207
935652.7990171034 1916244.8667455108
935652.7892736048 1916244.9693897604
935652.7795555732 1916245.0717837515
935652.7698631218 1916245.173928066
935652.7601963627 1916245.2758232853
935652.7505554091 1916245.3774699918
935652.7409403735 1916245.4788687674
935652.7313513688 1916245.5800201935
935652.7217885077 1916245.6809248524
935652.7122519026 1916245.781583326
935652.7027416667 1916245.881996196
935652.6932579128 1916245.9821640446
935652.6838007531 1916246.0820874537
935652.6743703007 1916246.1817670048
935652.6649666686 1916246.28120328
935652.655589969 1916246.3803968614
935652.6462403149 1916246.4793483305
935652.6369178189 1916246.578058269
935652.6276225941 1916246.6765272596
935652.6183547529 1916246.774755884
935652.6091144081 1916246.872744724
935652.5999016727 1916246.970494361
935652.590716659 1916247.0680053772
935652.5815594799 1916247.165278355
935652.5724302484 1916247.2623138756
935652.5633290771 1916247.3591125212
935652.5542560784 1916247.4556748734
935652.5452113657 1916247.552001515
935652.536195051 1916247.6480930268
935652.5272072477 1916247.7439499914
935652.518248068 1916247.8395729905
935652.5093176252 1916247.9349626056
935652.5004160316 1916248.0301194193
935652.4915434001 1916248.125044013
935652.4826998432 1916248.2197369686
935652.4738854741 1916248.3141988686
935652.4651004053 1916248.4084302941
935652.4563447494 1916248.5024318274
935652.4476186193 1916248.5962040504
935652.4389221278 1916248.6897475447
935652.4302553877 1916248.7830628927
935652.4216185113 1916248.876150676
935652.4130116118 1916248.9690114765
935652.4044348019 1916249.061645876
935652.395888194 1916249.1540544564
935652.3873719011 1916249.2462378002
935652.378886036 1916249.3381964883
935652.3704307113 1916249.4299311035
935652.3620060398 1916249.521442227
935652.3536121342 1916249.6127304414
935652.3452491073 1916249.7037963276
935652.3369170718 1916249.7946404684
935652.3286161405 1916249.8852634453
935652.320346426 1916249.9756658406
935652.3121080413 1916250.0658482357
935652.3039010989 1916250.1558112125
935652.2957257115 1916250.2455553534
935652.287581992 1916250.3350812397
935652.2794700533 1916250.4243894536
935652.2713900077 1916250.5134805772
935652.2633419682 1916250.602355192
935652.2553260475 1916250.6910138798
935652.2473423585 1916250.779457223
935652.2393910139 1916250.8676858034
935652.231472126 1916250.9557002026
935652.2235858082 1916251.0435010025
935652.2157321727 1916251.1310887856
935652.2079113326 1916251.2184641326
935652.2001234004 1916251.3056276268
935652.192368489 1916251.3925798493
935652.1846467111 1916251.479321382
935652.1769581793 1916251.5658528071
935652.1693030067 1916251.6521747063
935652.1616813056 1916251.7382876612
935652.1540931893 1916251.8241922543
935652.1465387698 1916251.909889067
935652.1390181603 1916251.9953786817
935652.1315314736 1916252.08066168
935652.1240788222 1916252.1657386434
935652.1166603192 1916252.2506101546
935652.1092760768 1916252.335276795
935652.1019262081 1916252.4197391465
935652.0946108259 1916252.5039977913
935652.0873300426 1916252.588053311
935652.0800839714 1916252.6719062873
935652.0728727246 1916252.7555573026
935652.0656964154 1916252.8390069387
935652.0585551561 1916252.9222557773
935652.0514490595 1916253.0053044003
935652.0443782386 1916253.0881533895
935652.0373428061 1916253.1708033273
935652.0303428746 1916253.2532547952
935652.0233785567 1916253.335508375
935652.0164499655 1916253.417564649
935652.0095572135 1916253.4994241989
935652.0027004135 1916253.581087606
935651.9958796784 1916253.6625554531
935651.9890951206 1916253.7438283218
935651.9823468531 1916253.824906794
935651.9756349886 1916253.9057914515
935651.9689596399 1916253.9864828757
935651.9623209195 1916254.0669816497
935651.9557189402 1916254.1472883546
935651.9491538152 1916254.2274035723
935651.9426256565 1916254.3073278847
935651.9361345774 1916254.3870618741
935651.9296806905 1916254.4666061217
935651.9232641084 1916254.5459612105
935651.916884944 1916254.6251277209
935651.9105433098 1916254.7041062363
935651.904239319 1916254.7828973376
935651.8979730838 1916254.8615016069
935651.8917447174 1916254.9399196263
935651.8855543323 1916255.0181519776
935651.8794020412 1916255.0961992424
935651.873287957 1916255.1740620031
935651.8672121923 1916255.251740842
935651.8611748599 1916255.3292363395
935651.8551760727 1916255.4065490786
935651.8492159431 1916255.483679641
935651.8432945842 1916255.5606286086
935651.8374121083 1916255.6373965635
935651.8315686288 1916255.7139840869
935651.8257642577 1916255.7903917616
935651.8199991083 1916255.8666201688
935651.814273293 1916255.9426698906
935651.8085869248 1916256.018541509
935651.8029401163 1916256.094235606
935651.7973329802 1916256.1697527631
935651.7917656293 1916256.2450935629
935651.7862381763 1916256.3202585862
935651.780750734 1916256.395248416
935651.7753034151 1916256.4700636335
935651.7698963324 1916256.544704821
935651.7645295986 1916256.61917256
935651.7592033264 1916256.6934674329
935651.7539176288 1916256.767590021
935651.7486726181 1916256.8415409068
935651.7434684074 1916256.9153206716
935651.7383051091 1916256.9889298978
935651.7331828363 1916257.0623691673
935651.7281017016 1916257.1356390612
935651.7230618176 1916257.2087401624
935651.7180632972 1916257.2816730526
935651.7131062532 1916257.354438313
935651.7081907983 1916257.4270365266
935651.7033170451 1916257.4994682744
935651.6984851062 1916257.5717341383
935651.693695095 1916257.6438347008
935651.6889471236 1916257.715770543
935651.684241305 1916257.7875422477
935651.6795777518 1916257.8591503962
935651.6749565769 1916257.9305955707
935651.6703778929 1916258.0018783528
935651.6658418127 1916258.0729993249
935651.661348449 1916258.1439590682
935651.6568979144 1916258.2147581652
935651.6524903218 1916258.2853971976
935651.6481257839 1916258.3558767468
935651.6438044133 1916258.4261973954
935651.6395263231 1916258.496359725
935651.6352916255 1916258.5663643177
935651.6311004338 1916258.6362117552
935651.6269528604 1916258.705902619
935651.6228490181 1916258.775437492
935651.6187890196 1916258.8448169553
935651.6147729778 1916258.9140415909
935651.6108010053 1916258.9831119808
935651.606873215 1916259.0520287072
935651.6029897194 1916259.1207923514
935651.5991506313 1916259.1894034958
935651.5953560638 1916259.2578627218
935651.5916061291 1916259.3261706121
935651.5879009402 1916259.3943277479
935651.5842406101 1916259.4623347109
935651.580625251 1916259.530192084
935651.577054976 1916259.5979004481
935651.5735298978 1916259.6654603854
935651.5700501291 1916259.732872478
935651.5666157824 1916259.8001373077
935651.5632269708 1916259.8672554563
935651.5598838072 1916259.934227506
935651.5565864037 1916260.0010540383
935651.5533348738 1916260.0677356352
935651.5501293294 1916260.1342728788
935651.5469698838 1916260.2006663508
935651.5438566498 1916260.2669166331
935651.5407897398 1916260.3330243079
935651.5377692669 1916260.3989899566
935651.5347953435 1916260.4648141614
935651.5318680825 1916260.5304975042
935651.5289875966 1916260.5960405667
935651.5261539986 1916260.661443931
935651.5233674012 1916260.7267081786
935651.5206279171 1916260.7918338925
935651.5179356593 1916260.8568216532
935651.5152907402 1916260.9216720434
935651.5126932726 1916260.9863856446
935651.5101433694 1916261.0509630393
935651.5076411432 1916261.115404809
935651.5051867068 1916261.1797115353
935651.5027801729 1916261.2438838007
935651.5004216544 1916261.3079221863
935651.4981112638 1916261.371827275
935651.4958491141 1916261.435599648
935651.4936353178 1916261.4992398873
935651.4914699877 1916261.5627485751
935651.4893532367 1916261.6261262929
935651.4872851772 1916261.6893736229
935651.4852659224 1916261.752491147
935651.4832955847 1916261.8154794467
935651.481374277 1916261.8783391041
935651.479502112 1916261.9410707015
935651.4776792023 1916262.0036748205
935651.475905661 1916262.0661520427
935651.4741816004 1916262.12850295
935651.4725071335 1916262.1907281252
935651.4708823729 1916262.2528281494
935651.4693074315 1916262.314803604
935651.4677824221 1916262.3766550722
935651.4663074572 1916262.4383831352
935651.4648826497 1916262.4999883748
935651.4635081121 1916262.5614713733
935651.4621839576 1916262.6228327118
935651.4609102986 1916262.684072973
935651.4596872479 1916262.7451927387
935651.4585149182 1916262.8061925902
