935693.896811778 1916214.03166697
935693.903880661 1916213.71187607
935693.938640138 1916212.21288199
935693.972400165 1916210.71387207
935693.998219902 1916209.58962255
935694.006160182 1916209.21486214
935694.031979915 1916208.09061262
935694.039920194 1916207.71585222
935694.065739921 1916206.5916027
935694.074679643 1916206.21685814
935694.100499363 1916205.09260862
935694.10843964 1916204.71784822
935694.143199073 1916203.21885413
935694.176959055 1916201.71984421
935694.202778757 1916200.59559469
935694.211718475 1916200.22085013
935694.236538728 1916199.09658476
935694.24547844 1916198.7218402
935694.271187229 1916197.6045868
935694.279238398 1916197.22283028
935694.304947182 1916196.10557687
935694.312998352 1916195.72382035
935694.33981748 1916194.59958667
935694.347757742 1916194.22482627
935694.373577418 1916193.10057675
935694.381517679 1916192.72581635
935694.416277056 1916191.22682227
935694.450036978 1916189.72781234
935694.477870075 1916188.53961414
935694.484796338 1916188.22881826
935694.498696392 1916187.60422815
935694.505622654 1916187.29343226
935694.531442304 1916186.16918274
935694.540382003 1916185.79443818
935694.566201648 1916184.67018865
935694.575141344 1916184.29544409
935694.609900677 1916182.79645001
935694.644660004 1916181.29745593
935694.679419324 1916179.79846184
935694.707252383 1916178.61026365
935694.714178634 1916178.29946776
935694.739998252 1916177.17521824
935694.748937939 1916176.80047368
935694.77475755 1916175.67622415
935694.783697236 1916175.30147959
935694.818456525 1916173.80248551
935694.853215807 1916172.30349142
935694.879035403 1916171.1792419
935694.887975083 1916170.80449734
935694.913794673 1916169.68024782
935694.922734351 1916169.30550326
935694.948553935 1916168.18125373
935694.95749361 1916167.80650917
935694.983313188 1916166.68225965
935694.992252865 1916166.30751509
935695.027012109 1916164.808521
935695.061771347 1916163.30952692
935695.070441677 1916162.95177293
935695.09738613 1916161.75656277
935695.104201458 1916161.452763
935695.13116175 1916160.2565534
935695.136961789 1916159.95373723
935695.163780784 1916158.82950355
935695.171721004 1916158.45474314
935695.196541103 1916157.33047777
935695.204481319 1916156.95571737
935695.230300859 1916155.83146785
935695.239240519 1916155.45672329
935695.264060606 1916154.33245792
935695.27200082 1916153.95769751
935695.306760004 1916152.45870342
935695.339520291 1916150.95967765
935695.356806868 1916149.93226344
935695.389567143 1916148.43323767
935695.409261922 1916147.25390773
935695.415331288 1916146.93410099
935695.448091547 1916145.43507522
935695.467627881 1916144.26573973
935695.472856235 1916143.93592269
935695.505616478 1916142.43689692
935695.531380598 1916140.93776024
935695.560828233 1916139.58463768
935695.579651588 1916138.46027725
935695.586592337 1916138.085501
935695.603416795 1916136.96110888
935695.609358097 1916136.58631679
935695.615061744 1916136.22651638
935695.627181994 1916135.46194052
935695.633885089 1916135.10215595
935695.639826387 1916134.72736386
935695.651356502 1916133.81082473
935695.663425293 1916132.86030446
935695.62712199 1916131.80804801
935695.562283612 1916130.97927128
935695.476648306 1916130.20114941
935695.346626771 1916129.51129693
935695.236689205 1916128.81576464
935695.03838588 1916128.01886189
935694.854204155 1916127.34014721
935694.600473172 1916126.63433791
935694.364258211 1916126.02177807
935694.286503492 1916125.81860674
935693.942537222 1916125.12936155
935693.569620024 1916124.50063893
935693.158041318 1916123.8513095
935692.769881559 1916123.36430219
935692.280680118 1916122.75572953
935691.878244251 1916122.34947135
935691.353920932 1916121.8123201
935690.993654519 1916121.52069582
935690.353713696 1916121.02469875
935690.111463699 1916120.85590859
935689.583908324 1916120.52264424
935688.990056833 1916120.20932259
935688.444750404 1916119.9237623
935687.92803312 1916119.72662851
935687.404636587 1916119.50939491
935686.862806421 1916119.31986061
935686.172439109 1916119.10397894
935685.578114941 1916118.94660249
935684.964452757 1916118.81091281
935684.293727114 1916118.68031673
935683.833965013 1916118.61104729
935682.96474711 1916118.51529315
935682.402772226 1916118.46139826
935681.905270157 1916118.43951601
935680.784795343 1916118.36477131
935680.444428036 1916118.33138423
935679.487101809 1916118.30721124
935677.988139491 1916118.27045333
935676.806969166 1916118.24073252
935676.489193022 1916118.23269598
935675.308022702 1916118.20297517
935674.990246558 1916118.19493863
935673.866028797 1916118.16712034
935673.491300105 1916118.15718128
935671.993353104 1916118.11943978
935671.856444914 1916118.11626979
935670.914094553 1916118.09333389
935670.777202209 1916118.08916445
935670.357498472 1916118.07851244
935668.858330232 1916118.05474733
935667.807072013 1916118.02808561
935667.359383809 1916118.01698998
