955565.6452463818 1956922.913336164 1
955565.6452463818 1956922.913336164 1
955565.6452463818 1956922.913336164 1
955565.6452463818 1956922.913336164 1
955565.6452463818 1956922.913336164 1
955565.6397930027 1956922.9143408975 1
955565.6296859188 1956922.9207127774 1
955565.6304905168 1956922.9250743221 1
955565.6203834327 1956922.9314462019 1
955565.6165343256 1956922.9411748932 1
955565.6056226437 1956922.9431852282 1
955565.6017735365 1956922.9529139195 1
955565.5963201576 1956922.9539186528 1
955565.5916664527 1956922.9592857992 1
955565.5870176717 1956922.9646520775 1
955565.5815593686 1956922.9656576791 1
955565.5870176717 1956922.9646520775 1
955565.5815593686 1956922.9656576791 1
955565.5870176717 1956922.9646520775 1
955565.5870176717 1956922.9646520775 1
955565.5870176717 1956922.9646520775 1
955565.5815593686 1956922.9656576791 1
955565.5815593686 1956922.9656576791 1
955565.5815593686 1956922.9656576791 1
955565.5761059897 1956922.9666624125 1
955565.5769105877 1956922.9710239572 1
955565.5714522847 1956922.972029559 1
955565.5722568826 1956922.9763911038 1
955565.5676081016 1956922.981757382 1
955565.5575010176 1956922.9881292619 1
955565.5473940205 1956922.994501634 1
955565.5380866104 1956923.005235927 1
955565.5233307454 1956923.016974085 1
955565.5039211753 1956923.0340793894 1
955565.4853112792 1956923.0555471068 1
955565.4557946252 1956923.0790242911 1
955565.431731437 1956923.1014972345 1
955565.396761404 1956923.1259791523 1
955565.3680444239 1956923.1538187496 1
955565.3330744777 1956923.17830116 1
955565.2997087167 1956923.2115070354 1
955565.2655383577 1956923.240351366 1
955565.2305634875 1956923.2648346447 1
955565.1963980524 1956923.2936781072 1
955565.1622277802 1956923.3225229303 1
955565.1280574211 1956923.351367261 1
955565.0993453651 1956923.3792059901 1
955565.0651750928 1956923.4080508135 1
955565.0302001359 1956923.4325335994 1
955565.0014880797 1956923.4603723285 1
955564.9665181336 1956923.4848547387 1
955564.9386057514 1956923.5170558807 1
955564.9044353924 1956923.5459002117 1
955564.8757233362 1956923.5737389405 1
955564.8407484661 1956923.5982222192 1
955564.81203641 1956923.6260609482 1
955564.7786706489 1956923.6592668237 1
955564.7499585927 1956923.6871055528 1
955564.7157883205 1956923.715950376 1
955564.6816179615 1956923.7447947066 1
955564.6529059054 1956923.7726334357 1
955564.6195401443 1956923.8058393113 1
955564.5853698722 1956923.8346841345 1
955564.5566578159 1956923.8625228636 1
955564.5287454338 1956923.8947240054 1
955564.4945750749 1956923.9235683363 1
955564.4658631055 1956923.9514075576 1
955564.4379507233 1956923.9836086996 1
955564.4092386673 1956924.0114474287 1
955564.3813262851 1956924.0436485708 1
955564.358067608 1956924.0704825663 1
955564.3301601498 1956924.10268284 1
955564.3022477676 1956924.1348839821 1
955564.2751449074 1956924.1714458005 1
955564.2425788202 1956924.209014089 1
955564.217080145 1956924.2542993727 1
955564.1806698748 1956924.301595484 1
955564.1450642024 1956924.3532531399 1
955564.1157164201 1956924.4082671148 1
955564.0863686379 1956924.4632810897 1
955564.0531767593 1956924.5280233796 1
955564.0254332488 1956924.591761312 1
955563.9976946624 1956924.6554983763 1
955563.9754093682 1956924.7182302147 1
955563.9539287586 1956924.78532409 1
955563.9371018542 1956924.847050819 1
955563.9156212446 1956924.9141446946 1
955563.8979847314 1956924.9715102545 1
955563.8765041218 1956925.03860413 1
955563.8588726193 1956925.0959693145 1
955563.847499007 1956925.1566908176 1
955563.8298675047 1956925.2140560017 1
955563.818489055 1956925.2747788655 1
955563.8071154427 1956925.3355003688 1
955563.8012002201 1956925.3952167626 1
955563.7999336917 1956925.4495663857 1
955563.7986622393 1956925.5039168773 1
955563.7864890399 1956925.56027646 1
955563.7860221853 1956925.618988496 1
955563.7784977669 1956925.6699818005 1
955563.7780358365 1956925.7286929684 1
955563.7705064941 1956925.779687141 1
955563.7645911847 1956925.8394030426 1
955563.7633246563 1956925.8937526657 1
955563.7636623998 1956925.9568262466 1
955563.7615913603 1956926.0068148177 1
955563.7510223459 1956926.0718978655 1
955563.7552091964 1956926.1252427553 1
955563.7500936477 1956926.189321562 1
955563.7488271194 1956926.243671185 1
955563.7437114838 1956926.3077494996 1
955563.7424450422 1956926.3620996152 1
955563.7427877099 1956926.4251723278 1
955563.7477791584 1956926.4828787623 1
955563.7481169017 1956926.5459523431 1
955563.7492640804 1956926.613386108 1
955563.7487973127 1956926.6720986366 1
955563.7499444913 1956926.7395324018 1
955563.7557405379 1956926.8016003808 1
955563.7514295003 1956926.8700402398 1
955563.7580252206 1956926.936470632 1
955563.7583678882 1956926.9995433446 1
955563.7611194253 1956927.0757015597 1
955563.766915385 1956927.1377690465 1
955563.7688623243 1956927.2095657166 1
955563.7754629686 1956927.2759952405 1
955563.7774098213 1956927.3477914184 1
955563.7894638445 1956927.4132162088 1
955563.790606186 1956927.4806513344 1
955563.8002513396 1956927.5329906223 1
955563.806851897 1956927.5994196539 1
955563.8086250407 1956927.639680402 1
955563.8136214132 1956927.6973859682 1
955563.8200482618 1956927.7322795698 1
955563.8232616427 1956927.7497261246 1
955563.8264751104 1956927.7671731715 1
955563.8256754365 1956927.7628107585 1
955563.8264751104 1956927.7671731715 1
955563.8248708387 1956927.7584492138 1
955563.8264751104 1956927.7671731715 1
955563.8256754365 1956927.7628107585 1
955563.8256754365 1956927.7628107585 1
955563.8264751104 1956927.7671731715 1
955563.8210217315 1956927.768177905 1
955563.8218263295 1956927.7725394496 1
955563.8218263295 1956927.7725394496 1
955563.8226308405 1956927.776900502 1
955563.8226308405 1956927.776900502 1
955563.8234305145 1956927.7812629149 1
955563.8250397103 1956927.7899860044 1
955563.8274534172 1956927.8030701461 1
955563.8244089081 1956927.817160382 1
955563.8284268869 1956927.8389684812 1
955563.8332445397 1956927.8651389934 1
955563.8388717144 1956927.895670182 1
955563.8390405861 1956927.9272069726 1
955563.8446677609 1956927.9577381613 1
955563.8502949355 1956927.98826935 1
955563.8559171862 1956928.018801407 1
955563.8544817861 1956928.0416142398 1
