955559.294504389 1956927.9978988704 1
955559.2494272721 1956928.028752668 1
955559.216061511 1956928.0619585435 1
955559.1717841547 1956928.0971752466 1
955559.1376137957 1956928.1260195773 1
955559.0979900577 1956928.1558686416 1
955559.0638196986 1956928.1847129725 1
955559.0241960475 1956928.214562529 1
955558.9900306124 1956928.2434059917 1
955558.9558602533 1956928.2722503224 1
955558.9216898943 1956928.301094653 1
955558.8875196221 1956928.3299394764 1
955558.853349263 1956928.3587838071 1
955558.8191838281 1956928.3876272696 1
955558.7850134689 1956928.4164716005 1
955558.7508431966 1956928.4453164237 1
955558.7120240566 1956928.4795270325 1
955558.6731999925 1956928.5137385097 1
955558.6289274734 1956928.5489538522 1
955558.5909080073 1956928.5875268742 1
955558.5466306511 1956928.6227435772 1
955558.503962404 1956928.666682877 1
955558.4550361799 1956928.707265366 1
955558.4131725307 1956928.7555662107 1
955558.3751530646 1956928.7941392327 1
955558.3379381964 1956928.8370737992 1
955558.3053769463 1956928.874640727 1
955558.268162078 1956928.9175752937 1
955558.2356009149 1956928.9551427139 1
955558.2092977286 1956928.9960669451 1
955558.1759319674 1956929.0292728208 1
955558.1496286944 1956929.0701965597 1
955558.1233255081 1956929.1111207912 1
955558.0978268329 1956929.1564060748 1
955558.0676793767 1956929.2070576367 1
955558.0421758643 1956929.252344281 1
955558.0120284081 1956929.3029958429 1
955557.9919831118 1956929.347276393 1
955557.9664844368 1956929.3925616767 1
955557.9518925194 1956929.4358374935 1
955557.9326567452 1956929.4844787202 1
955557.9172603167 1956929.5233934848 1
955557.9026733235 1956929.5666684331 1
955557.8927351112 1956929.6045771034 1
955557.8781481179 1956929.647852052 1
955557.8690144168 1956929.6901217746 1
955557.8552320215 1956929.737758268 1
955557.847702679 1956929.7887524404 1
955557.8417824457 1956929.84846921 1
955557.8304088332 1956929.9091907132 1
955557.8214490147 1956929.9829968505 1
955557.8195467602 1956930.0645217195 1
955557.8231028084 1956930.1450409868 1
955557.8266588569 1956930.225560254 1
955557.8348637732 1956930.3007137356 1
955557.8493264926 1956930.3792230436 1
955557.8528825409 1956930.4597423107 1
955557.8626965663 1956930.5436183892 1
955557.8709013957 1956930.6187713784 1
955557.8815200188 1956930.7070090014 1
955557.8881205764 1956930.773438033 1
955557.8995388736 1956930.8660380691 1
955557.90149065 1956930.9378333788 1
955557.9113046754 1956931.0217094573 1
955557.9132515279 1956931.0935056352 1
955557.9293235299 1956931.1807385248 1
955557.9367237615 1956931.2515299693 1
955557.9473423847 1956931.3397675925 1
955557.9492892373 1956931.4115637704 1
955557.9645615655 1956931.494434247 1
955557.972766395 1956931.5695872363 1
955557.9825804201 1956931.6534633148 1
955557.9970431395 1956931.7319726227 1
955558.0068571649 1956931.8158487012 1
955558.0166711902 1956931.8997247797 1
955558.0256806175 1956931.9792393134 1
955558.034694969 1956932.058752979 1
955558.0491577752 1956932.1372627793 1
955558.0589717136 1956932.2211383653 1
955558.0671766298 1956932.2962918468 1
955558.0761859703 1956932.3758058883 1
