955546.3378149477 1956938.087096513 7
955546.3118412426 1956938.1074416377 7
955546.2858388652 1956938.1280819762 7
955546.2567643762 1956938.1511845381 7
955546.2319778857 1956938.170842516 7
955546.2063352511 1956938.191182117 7
955546.176926247 1956938.2145038971 7
955546.1452637532 1956938.2396180723 7
955546.1209220102 1956938.2589304703 7
955546.0971715073 1956938.2777692552 7
955546.0687935418 1956938.3002437758 7
955546.0379034118 1956938.3247281127 7
955546.0053407699 1956938.350473029 7
955545.9810271012 1956938.3697286902 7
955545.9570582692 1956938.3887113738 7
955545.9271001007 1956938.4124257802 7
955545.9000814748 1956938.433781304 7
955545.8731443818 1956938.4550636578 7
955545.8336877348 1956938.486249059 7
955545.808069606 1956938.5065116852 7
955545.7653582577 1956938.5402985818 7
955545.7204294645 1956938.575866339 7
955545.6894166257 1956938.6004062789 7
955545.6558869934 1956938.6269384213 7
955545.6188273076 1956938.6563071958 7
955545.5930494396 1956938.676726389 7
955545.5691984531 1956938.6956345264 7
955545.5395888984 1956938.719097375 7
955545.5048171468 1956938.7466704228 7
955545.4737788124 1956938.771281724 7
955545.4416460948 1956938.7969252446 7
955545.4038360625 1956938.8286813342 7
955545.3739735062 1956938.853801799 7
955545.3406694178 1956938.8826669191 7
955545.3065597583 1956938.913450674 7
955545.2723831141 1956938.944977499 7
955545.2440599083 1956938.9713819653 7
955545.221617727 1956938.992371335 7
955545.1917875555 1956939.02036193 7
955545.1688908265 1956939.04187453 7
955545.1298679461 1956939.0785605754 7
955545.107264333 1956939.0998178474 7
955545.0658028835 1956939.1399072 7
955545.0275510718 1956939.1767766876 7
955544.9939068084 1956939.2100011571 7
955544.9524589957 1956939.2516881635 7
955544.9208689088 1956939.2837347847 7
955544.8991560399 1956939.3058110224 7
955544.8661192515 1956939.3394745756 7
955544.8308528791 1956939.3754202626 7
955544.7915075575 1956939.4155382891 7
955544.7678967471 1956939.4396525123 7
955544.7344015747 1956939.4738089005 7
955544.6967071318 1956939.5127682518 7
955544.6438897413 1956939.5688847308 7
955544.6214197781 1956939.592947212 7
955544.5830714204 1956939.6351171914 7
955544.549248923 1956939.673144324 7
955544.5276636931 1956939.6976375163 7
955544.4944828335 1956939.7355027704 7
955544.4721929332 1956939.7610356226 7
955544.439119226 1956939.7989902778 7
955544.4152230864 1956939.8264100673 7
955544.3827595175 1956939.8637736943 7
955544.3507911398 1956939.9005249795 7
955544.3259762606 1956939.9290488292 7
955544.2953762551 1956939.964274522 7
955544.2686730463 1956939.995011804 7
955544.2404413804 1956940.0275415815 7
955544.213069716 1956940.0590833616 7
955544.191806432 1956940.0842016963 7
955544.1498886594 1956940.133943379 7
955544.1264796891 1956940.1617591886 7
955544.0979355657 1956940.1961622331 7
955544.0715947686 1956940.228462478 7
955544.0424968832 1956940.2643895862 7
955543.9995415804 1956940.3178527723 7
955543.9768473081 1956940.3461888295 7
955543.9288027763 1956940.406292383 7
955543.906457333 1956940.4342658077 7
955543.8609371891 1956940.4898806117 7
955543.8257819338 1956940.5305768752 7
955543.7958908577 1956940.5652535222 7
955543.7583504086 1956940.6081873137 7
955543.7370496012 1956940.6321426455 7
955543.6985929775 1956940.6747956632 7
955543.676886509 1956940.6986444688 7
955543.6379251676 1956940.7408105829 7
955543.6155887906 1956940.7642053734 7
955543.5768624964 1956940.8028585017 7
955543.5549408712 1956940.8247874011 7
955543.5151356799 1956940.864335982 7
955543.4748237135 1956940.903506926 7
955543.4496540679 1956940.92760875 7
955543.424952424 1956940.9510390544 7
955543.3850771696 1956940.9885403994 7
955543.3609757726 1956941.0110903475 7
955543.3202865983 1956941.0490635976 7
955543.2960877334 1956941.0712421788 7
955543.2488799267 1956941.1131826483 7
955543.2070495402 1956941.1502726492 7
955543.1825319212 1956941.1716195971 7
955543.1406039946 1956941.207171671 7
955543.1148652713 1956941.2285298319 7
955543.0711599203 1956941.264332865 7
955543.0463345777 1956941.284444278 7
955543.0000243488 1956941.3216881328 7
955542.9577576563 1956941.3554744571 7
955542.9324213511 1956941.3756423052 7
955542.907529421 1956941.395453825 7
955542.8622718843 1956941.4304788222 7
955542.8341360893 1956941.4522622407 7
955542.7920193675 1956941.4847827423 7
955542.738171641 1956941.5256575826 7
955542.706893513 1956941.5491162625 7
955542.6671103429 1956941.5787262802 7
955542.620935922 1956941.6128877234 7
955542.5748470708 1956941.6468779563 7
955542.5494066806 1956941.6655830562 7
955542.4951795704 1956941.7054724547 7
955542.4481303662 1956941.7400716022 7
955542.4205370477 1956941.7603792504 7
955542.3774265193 1956941.792135514 7
955542.3462831686 1956941.8150455551 7
955542.302546997 1956941.846605224 7
955542.2562409494 1956941.8802793198 7
955542.2285711901 1956941.9002225557 7
955542.2023295669 1956941.9190223266 7
955542.154600146 1956941.9529598914 7
955542.0910681875 1956941.9978335823 7
955542.0424927602 1956942.0320351657 7
955542.0092055668 1956942.0554504064 7
955541.9624357639 1956942.0883170657 7
955541.9162977336 1956942.1207326665 7
955541.8891386843 1956942.1398146846 7
955541.8613285805 1956942.1593507044 7
955541.8134433143 1956942.193000459 7
955541.786033668 1956942.2122593299 7
955541.7393312735 1956942.2450850112 7
955541.711654911 1956942.2645243383 7
955541.6632362535 1956942.2985525143 7
955541.6353445314 1956942.3181525802 7
955541.5875918493 1956942.3517163554 7
955541.5598012097 1956942.3712504664 7
955541.5115686397 1956942.4051678455 7
955541.484677687 1956942.4240772366 7
955541.4364942131 1956942.4576079154 7
955541.3861628119 1956942.4927695051 7
955541.3546529928 1956942.5146723308 7
955541.3083893086 1956942.5467640304 7
955541.2586828806 1956942.5811941316 7
955541.2061094254 1956942.617521917 7
955541.1689224152 1956942.6432143494 7
955541.1311334184 1956942.6693021725 7
955541.0984332514 1956942.691865738 7
955541.0524360682 1956942.7230760702 7
955541.0059610883 1956942.7538485185 7
955540.9792670918 1956942.7717844697 7
955540.9512049506 1956942.7905476135 7
955540.9020457085 1956942.8231917645 7
955540.8750499358 1956942.840988402 7
955540.8252635258 1956942.8736519034 7
955540.7984494305 1956942.8911831614 7
955540.7491774159 1956942.923351872 7
955540.721585557 1956942.941352772 7
955540.6510528276 1956942.987303852 7
955540.5999062909 1956943.020624064 7
955540.5697937895 1956943.040241173 7
955540.5227091929 1956943.0709165554 7
955540.4943752247 1956943.0893733473 7
955540.4441692827 1956943.1220762483 7
955540.4175968241 1956943.1393798378 7
955540.3596885273 1956943.1771197114 7
955540.3268227028 1956943.1985364705 7
955540.2828785958 1956943.2271719724 7
955540.2480519277 1956943.249881265 7
955540.211916918 1956943.273454575 7
955540.1734473533 1956943.2985332971 7
955540.1312857124 1956943.3260307878 7
955540.0947801429 1956943.3498348508 7
955540.052638383 1956943.377332796 7
955540.0184850096 1956943.3996191977 7
955539.9759887827 1956943.427344144 7
955539.9467024058 1956943.4464549057 7
955539.8539537591 1956943.5069387748 7
955539.8066238903 1956943.5378039314 7
955539.7641933974 1956943.5654697653 7
955539.729499365 1956943.587972437 7
955539.6867230589 1956943.6147481985 7
955539.6530246702 1956943.6360560262 7
955539.6261068289 1956943.6530593794 7
955539.5757694248 1956943.6845934514 7
955539.5485086951 1956943.7015439435 7
955539.4980928965 1956943.732702524 7
955539.4713323781 1956943.7491814408 7
955539.4351802609 1956943.771370644 7
955539.3925218537 1956943.7975020434 7
955539.3437100791 1956943.8273312417 7
955539.3169638223 1956943.843666449 7
955539.2653591369 1956943.8751658045 7
955539.2364353032 1956943.892834198 7
955539.1875873016 1956943.9226738967 7
955539.1583784857 1956943.9405314506 7
955539.1058029544 1956943.972675232 7
955539.0558457291 1956944.003229755 7
955539.0296600788 1956944.0192458662 7
955538.9780637545 1956944.0507926403 7
955538.9505587111 1956944.0676014547 7
955538.8981878271 1956944.0996360406 7
955538.870767117 1956944.116042041 7
955538.81843136 1956944.1466691443 7
955538.7810622423 1956944.1687891765 7
955538.7434368934 1956944.1909245355 7
955538.7118747351 1956944.209360328 7
955538.6654244382 1956944.236351037 7
955538.6347730957 1956944.2541129296 7
955538.5862657046 1956944.2821440047 7
955538.5550275042 1956944.3001711338 7
955538.4997597868 1956944.3320598842 7
955538.4482597337 1956944.3617771466 7
955538.4200228574 1956944.3780635558 7
955538.3373114094 1956944.4257526526 7
955538.2877560032 1956944.4543014793 7
955538.2384693372 1956944.4826726916 7
955538.2098854431 1956944.499107413 7
955538.1590670974 1956944.528328561 7
955538.1300921893 1956944.5449903307 7
955538.1038173478 1956944.5601032584 7
955538.0507487096 1956944.5904352416 7
955538.0202458466 1956944.6071560855 7
955537.9705960659 1956944.6347723322 7
955537.942045918 1956944.650603728 7
955537.9102930758 1956944.6680876715 7
955537.8635501316 1956944.6935914583 7
955537.8299830633 1956944.7117827856 7
955537.7829083075 1956944.7371842363 7
955537.7508572236 1956944.7544193387 7
955537.7016287 1956944.7808398185 7
955537.6745693813 1956944.7953390966 7
955537.621837916 1956944.8231519083 7
955537.5921397703 1956944.8384070978 7
955537.5548748233 1956944.8578181353 7
955537.4917011206 1956944.8901078368 7
955537.4439216235 1956944.9140002895 7
955537.3807968793 1956944.9450818854 7
955537.3456391571 1956944.9622510988 7
955537.2988807216 1956944.9849978401 7
955537.2641348538 1956945.0018508823 7
955537.222869755 1956945.0218557606 7
955537.1832899401 1956945.0410439349 7
955537.1408067908 1956945.0616561014 7
955537.098235753 1956945.0823053936 7
955537.0536026014 1956945.1039752224 7
955537.0074765566 1956945.126386707 7
955536.9721865512 1956945.1435399484 7
955536.9421061246 1956945.15814743 7
955536.8900448673 1956945.1834294125 7
955536.8594988554 1956945.198264297 7
955536.806781769 1956945.2238436306 7
955536.7768681479 1956945.2383432584 7
955536.7448279548 1956945.2504399556 7
955536.7157122785 1956945.2634355216 7
955536.6878215545 1956945.27736598 7
955536.6495924761 1956945.2961897145 7
955536.6216515556 1956945.3099218768 7
955536.5916061919 1956945.3246418287 7
955536.5564706243 1956945.341833029 7
955536.5262576476 1956945.3566562554 7
955536.4990892557 1956945.370010021 7
955536.4716108283 1956945.383505882 7
955536.43731013 1956945.4003526256 7
955536.3975835295 1956945.4199004022 7
955536.3596461794 1956945.438573236 7
955536.3294687599 1956945.4533908023 7
955536.28839447 1956945.4723873786 7
955536.2439792501 1956945.4932113637 7
955536.1958763042 1956945.514854815 7
955536.1480811526 1956945.5361015925 7
955536.1201778671 1956945.548449134 7
955536.0924303547 1956945.5607299116 7
955536.0267197574 1956945.5897926656 7
955535.9891710986 1956945.6063853519 7
955535.9327875039 1956945.6312977863 7
955535.8745185169 1956945.6570495672 7
955535.8424413915 1956945.6712259222 7
955535.7979856788 1956945.6908700643 7
955535.7575113892 1956945.7087602937 7
955535.7221632039 1956945.7243915151 7
955535.6941017229 1956945.7367920827 7
955535.6637793216 1956945.750122278 7
955535.632960147 1956945.7630106243 7
955535.6016012841 1956945.77600845 7
955535.5694936361 1956945.7894156703 7
955535.5359801134 1956945.8028487104 7
955535.5050402612 1956945.814871259 7
955535.4579155 1956945.832776255 7
955535.4108426152 1956945.8504226136 7
955535.3680379859 1956945.8663782615 7
955535.3206815838 1956945.883988859 7
955535.291288696 1956945.8949112664 7
955535.2482514672 1956945.9109039677 7
955535.2021324056 1956945.9280339517 7
955535.153373997 1956945.9461587672 7
955535.104061389 1956945.964518081 7
955535.0558134367 1956945.9824799309 7
955535.001601897 1956946.002658981 7
955534.9526727832 1956946.020878173 7
955534.8982306386 1956946.0403108785 7
955534.8509263758 1956946.0557121069 7
955534.817413478 1956946.0665917974 7
955534.7814430437 1956946.0779943785 7
955534.7395639017 1956946.0906901425 7
955534.7037343718 1956946.101224668 7
955534.6612281529 1956946.113473838 7
955534.6265155716 1956946.123354626 7
955534.5876258281 1956946.134337057 7
955534.5483877528 1956946.14535669 7
955534.5166491686 1956946.154240147 7
955534.4682130064 1956946.1677743634 7
955534.4388112879 1956946.1759688612 7
955534.3855070755 1956946.1908241762 7
955534.3417865315 1956946.2030107097 7
955534.2990940892 1956946.2149120832 7
955534.2614617232 1956946.2254152414 7
955534.2156142561 1956946.2382202067 7
955534.1768832621 1956946.2490404572 7
955534.1318535893 1956946.2616287218 7
955534.0935305288 1956946.2723351563 7
955534.0520488229 1956946.2839246495 7
955534.0224187133 1956946.2921973448 7
955533.9559693774 1956946.3107387363 7
955533.9197899322 1956946.320826385 7
955533.8867873017 1956946.3300303607 7
955533.8330578201 1956946.3450048333 7
955533.8019885833 1956946.3536676066 7
955533.7465553564 1956946.369120855 7
955533.7145963912 1956946.3777824095 7
955533.6600052946 1956946.3915416375 7
955533.6293538582 1956946.3989976775 7
955533.5726511404 1956946.4128747247 7
955533.5163838585 1956946.4260078575 7
955533.4787924101 1956946.4344539593 7
955533.4271745374 1956946.4457170707 7
955533.3932491167 1956946.45297878 7
955533.3379373953 1956946.4646638317 7
955533.3050623083 1956946.4715418736 7
955533.2505646115 1956946.4828765485 7
955533.1932157899 1956946.4942295952 7
955533.1348684725 1956946.505482863 7
955533.0983407336 1956946.512463642 7
955533.04435025 1956946.5223385126 7
955533.0109293713 1956946.5282289258 7
955532.955601964 1956946.537743223 7
955532.9060760128 1956946.5460903253 7
955532.8711388175 1956946.5518898636 7
955532.820006303 1956946.560394435 7
955532.7897962537 1956946.5657409304 7
955532.7547553316 1956946.571936954 7
955532.6921828195 1956946.5828446695 7
955532.64928271 1956946.5902080617 7
955532.6058640361 1956946.5976797978 7
955532.5628637221 1956946.605105487 7
955532.5249331242 1956946.6116713667 7
955532.4935549088 1956946.617130625 7
955532.447495111 1956946.6251292927 7
955532.4178271081 1956946.6301550905 7
955532.3827847019 1956946.6356516455 7
