935617.771421694 1915981.35716663
935619.076967729 1915980.66707765
935619.984294942 1915980.18761032
935620.084111392 1915980.13420928
935620.648601194 1915979.8402494
935620.749401244 1915979.78786365
935621.414691099 1915979.44151801
935622.734562083 1915978.73066246
935623.559332754 1915978.28787492
935624.879203744 1915977.57701935
935625.539623118 1915977.22259893
935626.201041942 1915976.86819435
935627.519913494 1915976.15732293
935628.18133232 1915975.80291835
935628.841751699 1915975.44849792
935629.165377861 1915975.27668168
935630.485264707 1915974.56482664
935631.146667697 1915974.21142149
935631.808054841 1915973.85901579
935633.126942254 1915973.1471449
935633.161224411 1915973.1286941
935633.788345243 1915972.79373975
935633.822611558 1915972.77628839
935634.484014551 1915972.42288324
935635.325093228 1915971.96036024
935635.757070068 1915971.70128855
935636.521128084 1915971.24154343
935636.904862217 1915970.99870184
935637.237561265 1915970.75905004
935637.79884411 1915970.35207359
935638.176945961 1915970.0861497
935638.540547258 1915969.78900535
935638.997317439 1915969.41636126
935639.372736468 1915969.06742003
935639.689887994 1915968.79953027
935640.064988824 1915968.40759705
935640.366132038 1915968.07747234
935640.722338464 1915967.67924143
935640.954901519 1915967.38701777
935641.272699918 1915966.95218894
935641.497647636 1915966.63585186
935641.800357957 1915966.14380116
935642.059171892 1915965.64605614
935642.267047139 1915965.20848514
935642.48726159 1915964.62315466
935642.719944674 1915964.00803092
935642.890754509 1915963.25996645
935643.02504834 1915962.67127458
935643.11761626 1915961.93996438
935643.178555843 1915961.43808301
935643.19583803 1915960.97849656
935643.216620151 1915960.23505176
935643.205952233 1915959.89898462
935643.159833536 1915959.08749967
935643.132366508 1915958.80215076
935643.075515456 1915958.35238583
935643.018978577 1915957.75667019
935642.916675852 1915957.27319479
935642.768331236 1915956.60404569
935642.662873086 1915956.19349812
935642.446184608 1915955.48427749
935642.311012423 1915955.05626406
935642.089980304 1915954.49492967
935641.890826428 1915954.00392084
935641.593740055 1915953.38439816
935641.384259025 1915952.91421926
935640.990936686 1915952.12222298
935640.532410064 1915951.21822679
935640.221776396 1915950.63347874
935639.827614383 1915949.89445307
935639.515965425 1915949.31068864
935639.204332311 1915948.72592475
935638.851926547 1915948.06453763
935638.499520782 1915947.4031505
935638.147115013 1915946.74176337
935637.793709801 1915946.0803604
935637.300535275 1915945.15482138
935636.595739576 1915943.83104769
935636.546241245 1915943.73729129
935635.840430254 1915942.41450121
935635.132604526 1915941.0926789
935634.426793526 1915939.76988884
935633.71896779 1915938.44806654
935633.013156782 1915937.12527649
935632.709392473 1915936.54863494
