935565.807150128 1915908.33037783
935566.066763209 1915908.85433516
935566.292012227 1915909.27577874
935566.5699969 1915909.83901544
935566.571964103 1915909.84104602
935566.984561078 1915910.61535305
935567.425287804 1915911.50707045
935567.685455379 1915911.99604721
935567.719422024 1915912.06056619
935567.981556803 1915912.55157352
935568.688367204 1915913.87437907
935568.949502538 1915914.36537056
935569.24465204 1915914.9178827
935569.951462434 1915916.24068827
935570.321335385 1915916.93534207
935570.421347328 1915917.12187123
935570.612582163 1915917.48179418
935570.712578264 1915917.66932278
935571.419388648 1915918.99212836
935571.69121686 1915919.50228359
935571.708684062 1915919.53555045
935571.945577866 1915919.97917195
935571.94656147 1915919.98018724
935571.982495318 1915920.0467368
935572.183455276 1915920.42380875
935572.889266206 1915921.7465985
935572.976633902 1915921.91093391
935573.178577459 1915922.28902114
935573.34653853 1915922.60358884
935573.465953193 1915922.82741432
935573.63389842 1915923.14298146
935574.324193503 1915924.43553439
935574.696049489 1915925.13121934
935574.945540011 1915925.60003294
935575.213544702 1915926.09913091
