935618.682128867 1915910.40914976
935618.416995702 1915909.91809483
935617.164957484 1915907.54796178
935617.02712367 1915907.28785522
935615.853141291 1915905.10190395
935614.436363421 1915902.4662394
935613.019585534 1915899.83057488
935611.601665603 1915897.20388956
935611.48220338 1915896.98306239
935610.085621679 1915894.39770288
935608.864617779 1915892.21400544
935608.122861004 1915891.01460817
935607.688454468 1915890.41790131
935606.586626706 1915889.16681037
935605.874007285 1915888.4627247
935605.258559928 1915887.93512623
935604.591442427 1915887.38771449
