935494.678429921 1915766.51365723
935495.232134315 1915769.23360966
935495.908180835 1915772.56031745
935496.829854513 1915775.96889501
935498.101234691 1915779.20007144
935499.164657265 1915781.99108437
935500.409041345 1915784.71798614
935501.648570762 1915787.4358137
935501.905804887 1915787.98372581
935503.168606675 1915790.68392777
935504.431424291 1915793.38313031
935504.649550561 1915793.81245838
935506.005045838 1915796.46714397
935507.361556385 1915799.12084599
935508.327489225 1915800.99859093
935509.69396251 1915803.6544503
935509.802716026 1915803.85711309
935511.207564262 1915806.48858837
935512.61242832 1915809.11906423
935513.006604969 1915809.79410909
935513.021153056 1915809.82233118
935513.390676269 1915810.47599164
935514.00316928 1915811.56837126
935514.487363461 1915812.42978679
935514.885841635 1915813.21186732
935515.375525526 1915814.10536014
935516.081336774 1915815.42814939
935516.453652364 1915816.09485017
935516.658736927 1915816.46398979
935516.688816704 1915816.52144927
935517.130541698 1915817.35020135
935517.494513191 1915818.03876318
935517.675832869 1915818.39353035
935517.931336013 1915818.86143938
935518.546923765 1915820.01085077
935518.799650367 1915820.46472005
935519.043017585 1915820.94143398
935519.492674763 1915821.77431059
935519.921088742 1915822.55986476
935520.551636474 1915823.71151269
935520.641018938 1915823.87488028
935521.048888158 1915824.6321173
935521.137255333 1915824.7964685
935521.382874918 1915825.257223
935521.810099339 1915826.05475468
935522.010457362 1915826.46980541
935522.119845938 1915826.69547128
935522.380298771 1915827.16645788
935522.760896437 1915827.87827629
935523.018034082 1915828.36920426
935523.468437211 1915829.21808786
935524.170218951 1915830.5428127
935524.470175677 1915831.10739723
935524.679845551 1915831.50260164
935525.120539388 1915832.33333681
935525.475737646 1915833.00776387
935525.744805258 1915833.50287974
935526.009859246 1915833.99893168
935526.274929078 1915834.49398418
935526.451631738 1915834.82468548
935526.554483624 1915835.02125656
935526.729155707 1915835.35392506
935526.837814156 1915835.56258454
935527.182509629 1915836.20585454
935527.368921573 1915836.55470428
935527.713632889 1915837.19697484
935527.890335546 1915837.52767614
935528.192354521 1915838.08829458
935528.527324866 1915838.7144156
935528.919551475 1915839.44941139
935529.1350279 1915839.85670421
935529.66413642 1915840.84879228
935529.839839628 1915841.17947774
935530.02052422 1915841.51124186
935530.199257449 1915841.83997596
935530.495358961 1915842.39550214
935531.201170127 1915843.71829152
935531.489466187 1915844.26169762
935531.853611905 1915844.93926562
935532.559423062 1915846.26205502
935533.138902612 1915847.35591087
935533.843714316 1915848.67868443
935534.328179118 1915849.58609039
935534.636052166 1915850.15579892
935535.341863306 1915851.47858834
935535.915710554 1915852.54936192
935535.924483763 1915852.56349673
935536.46699831 1915853.59278611
935537.17280944 1915854.91557555
935537.455552409 1915855.43090215
935537.698824534 1915855.91361281
935538.404635659 1915857.23640225
935538.690345276 1915857.75377528
935538.995394247 1915858.3124424
935539.701205362 1915859.63523186
935539.944429958 1915860.12094086
935540.451707701 1915861.03970513
935541.157518811 1915862.36249461
935541.59597606 1915863.20818986
935541.842658421 1915863.66496249
935542.548469521 1915864.98775197
935542.772671605 1915865.41217798
935543.226294795 1915866.24711699
935543.932105888 1915867.56990648
935544.379510607 1915868.41874267
935544.676326364 1915868.99227475
935545.38213745 1915870.31506426
935545.830144182 1915871.12592154
935545.992013563 1915871.44639079
935546.149408523 1915871.73379914
935546.854220156 1915873.05657282
935547.134837471 1915873.57986333
935547.537772752 1915874.33302349
935548.243583819 1915875.65581302
935548.408815914 1915875.95334257
935548.806532168 1915876.72041575
935549.487070577 1915877.99781836
935549.748554487 1915878.46682199
935549.928239606 1915878.79857032
935550.173700707 1915879.26931936
935550.749182395 1915880.36311197
935551.031798593 1915880.88643418
935551.143391983 1915881.09913899
935551.406161862 1915881.61314935
935551.935777252 1915882.57325532
935552.210714738 1915883.07646189
935552.426555504 1915883.46076754
935553.01739324 1915884.53181057
935553.325218716 1915885.10451751
935553.526940509 1915885.49659692
935553.959572596 1915886.20524152
935554.275377787 1915886.77907465
935554.58599564 1915887.36482191
935554.812164909 1915887.79127853
935554.884952849 1915887.9293907
935555.011268585 1915888.15932374
935555.011268585 1915888.15932374
935556.423001537 1915890.79790682
935557.835749761 1915893.43550633
935559.24748268 1915896.07408947
935560.659231426 1915898.71167319
935562.070964316 1915901.35025638
935563.483696632 1915903.98885543
935564.895445333 1915906.62643923
935565.807150128 1915908.33037783
935565.807150128 1915908.33037783
935566.066763209 1915908.85433516
935566.292012227 1915909.27577874
935566.5699969 1915909.83901544
935566.571964103 1915909.84104602
935566.984561078 1915910.61535305
935567.425287804 1915911.50707045
935567.685455379 1915911.99604721
935567.719422024 1915912.06056619
935567.981556803 1915912.55157352
935568.688367204 1915913.87437907
935568.949502538 1915914.36537056
935569.24465204 1915914.9178827
935569.951462434 1915916.24068827
935570.321335385 1915916.93534207
935570.421347328 1915917.12187123
935570.612582163 1915917.48179418
935570.712578264 1915917.66932278
935571.419388648 1915918.99212836
935571.69121686 1915919.50228359
935571.708684062 1915919.53555045
935571.945577866 1915919.97917195
935571.94656147 1915919.98018724
935571.982495318 1915920.0467368
935572.183455276 1915920.42380875
935572.889266206 1915921.7465985
935572.976633902 1915921.91093391
935573.178577459 1915922.28902114
935573.34653853 1915922.60358884
935573.465953193 1915922.82741432
935573.63389842 1915923.14298146
935574.324193503 1915924.43553439
935574.696049489 1915925.13121934
935574.945540011 1915925.60003294
935575.213544702 1915926.09913091
935575.213544702 1915926.09913091
935576.626276873 1915928.7377302
935578.039009026 1915931.37632951
935579.451741164 1915934.01492884
935580.865472731 1915936.65354405
935582.278188996 1915939.29314288
935583.690921088 1915941.93174229
935585.103653164 1915944.57034173
935586.516385223 1915947.20894119
935587.929117268 1915949.84754067
935589.342848739 1915952.48615603
935590.755580755 1915955.12475556
935592.16831275 1915957.76335512
935592.892637745 1915959.11642942
935592.892637745 1915959.11642942
935593.429583127 1915960.11863911
935594.13539394 1915961.44142904
935594.649033878 1915962.40028236
935595.354844685 1915963.72307231
935595.779118047 1915964.51755851
935596.293709895 1915965.47942602
935596.999520691 1915966.80221598
935597.423825735 1915967.5947033
935598.129636526 1915968.91749327
935598.837462047 1915970.23931549
935598.850074604 1915970.26350814
935599.555885387 1915971.58629812
935600.262711454 1915972.90810451
935600.330692256 1915973.03414417
935601.036503029 1915974.35693417
935601.261561867 1915974.7903712
935601.261561867 1915974.7903712
935602.949057963 1915977.24938229
935604.635570446 1915979.70737813
935604.809495125 1915979.96105894
935606.511036096 1915981.91244695
935609.120287162 1915983.48634279
935611.115345089 1915983.82287538
935613.199556729 1915983.26509321
935615.957968666 1915982.11418164
935617.771421694 1915981.35716663
935617.771421694 1915981.35716663
935619.076967729 1915980.66707765
935619.984294942 1915980.18761032
935620.084111392 1915980.13420928
935620.648601194 1915979.8402494
935620.749401244 1915979.78786365
935621.414691099 1915979.44151801
935622.734562083 1915978.73066246
935623.559332754 1915978.28787492
935624.879203744 1915977.57701935
935625.539623118 1915977.22259893
935626.201041942 1915976.86819435
935627.519913494 1915976.15732293
935628.18133232 1915975.80291835
935628.841751699 1915975.44849792
935629.165377861 1915975.27668168
935630.485264707 1915974.56482664
935631.146667697 1915974.21142149
935631.808054841 1915973.85901579
935633.126942254 1915973.1471449
935633.161224411 1915973.1286941
935633.788345243 1915972.79373975
935633.822611558 1915972.77628839
935634.484014551 1915972.42288324
935635.325093228 1915971.96036024
935635.757070068 1915971.70128855
935636.521128084 1915971.24154343
935636.904862217 1915970.99870184
935637.237561265 1915970.75905004
935637.79884411 1915970.35207359
935638.176945961 1915970.0861497
935638.540547258 1915969.78900535
935638.997317439 1915969.41636126
935639.372736468 1915969.06742003
935639.689887994 1915968.79953027
935640.064988824 1915968.40759705
935640.366132038 1915968.07747234
935640.722338464 1915967.67924143
935640.954901519 1915967.38701777
935641.272699918 1915966.95218894
935641.497647636 1915966.63585186
935641.800357957 1915966.14380116
935642.059171892 1915965.64605614
935642.267047139 1915965.20848514
935642.48726159 1915964.62315466
935642.719944674 1915964.00803092
935642.890754509 1915963.25996645
935643.02504834 1915962.67127458
935643.11761626 1915961.93996438
935643.178555843 1915961.43808301
935643.19583803 1915960.97849656
935643.216620151 1915960.23505176
935643.205952233 1915959.89898462
935643.159833536 1915959.08749967
935643.132366508 1915958.80215076
935643.075515456 1915958.35238583
935643.018978577 1915957.75667019
935642.916675852 1915957.27319479
935642.768331236 1915956.60404569
935642.662873086 1915956.19349812
935642.446184608 1915955.48427749
935642.311012423 1915955.05626406
935642.089980304 1915954.49492967
935641.890826428 1915954.00392084
935641.593740055 1915953.38439816
935641.384259025 1915952.91421926
935640.990936686 1915952.12222298
935640.532410064 1915951.21822679
935640.221776396 1915950.63347874
935639.827614383 1915949.89445307
935639.515965425 1915949.31068864
935639.204332311 1915948.72592475
935638.851926547 1915948.06453763
935638.499520782 1915947.4031505
935638.147115013 1915946.74176337
935637.793709801 1915946.0803604
935637.300535275 1915945.15482138
935636.595739576 1915943.83104769
935636.546241245 1915943.73729129
935635.840430254 1915942.41450121
935635.132604526 1915941.0926789
935634.426793526 1915939.76988884
935633.71896779 1915938.44806654
935633.013156782 1915937.12527649
935632.709392473 1915936.54863494
935632.709392473 1915936.54863494
935631.293661762 1915933.90998761
935629.876947435 1915931.27032501
935628.461216691 1915928.63167773
935627.044486489 1915925.99301463
935625.628755716 1915923.3543674
935624.212041325 1915920.7147049
935622.79631052 1915918.07605772
935621.380579698 1915915.43741056
935619.963865262 1915912.79774814
935618.682128867 1915910.40914976
935618.682128867 1915910.40914976
935618.416995702 1915909.91809483
935617.164957484 1915907.54796178
935617.02712367 1915907.28785522
935615.853141291 1915905.10190395
935614.436363421 1915902.4662394
935613.019585534 1915899.83057488
935611.601665603 1915897.20388956
935611.48220338 1915896.98306239
935610.085621679 1915894.39770288
935608.864617779 1915892.21400544
935608.122861004 1915891.01460817
935607.688454468 1915890.41790131
935606.586626706 1915889.16681037
935605.874007285 1915888.4627247
935605.258559928 1915887.93512623
935604.591442427 1915887.38771449
935604.591442427 1915887.38771449
935602.438434523 1915886.04198453
935599.712003966 1915884.92309336
935597.813797151 1915884.59409484
935594.838850153 1915884.77386873
935592.045805391 1915885.83925791
935591.486580931 1915886.05332568
935591.486580931 1915886.05332568
935590.364756173 1915886.63136217
935587.752855457 1915887.99953162
935585.112415801 1915889.40223803
935583.454895215 1915890.28668728
935582.131090206 1915890.99348196
935580.808284645 1915891.70029249
935579.481465462 1915892.40803908
935578.153646842 1915893.11576983
935576.648404975 1915893.91665899
935574.004967048 1915895.31931777
935571.409787674 1915896.70474696
935569.076192266 1915898.04833659
935569.076192266 1915898.04833659
935566.431659884 1915899.45697613
935563.787143358 1915900.8646162
935561.141611564 1915902.27323984
935558.497095072 1915903.68087986
935555.852562753 1915905.08951929
935553.208046293 1915906.49715926
935553.082022508 1915906.56414063
935553.082022508 1915906.56414063
935552.840001073 1915906.69626291
935552.61614392 1915906.81767647
935551.223552912 1915907.57536485
935551.097497443 1915907.64434511
935550.577221068 1915907.92401046
935549.958127724 1915908.25709269
935548.903471849 1915908.82319769
935548.647410658 1915908.95809651
935547.321717759 1915909.65786323
935545.997960385 1915910.36165941
935545.334606297 1915910.71203457
935544.671268051 1915911.06141028
935544.008881723 1915911.41380017
935543.347494841 1915911.7662059
935542.685156043 1915912.11559745
935542.021817802 1915912.46497315
935541.358416191 1915912.81834663
935540.698044603 1915913.16976875
935539.984338042 1915913.54333844
935538.660564846 1915914.24813403
935537.33293646 1915914.94387125
935536.009163273 1915915.64866683
935534.681534895 1915916.34440402
935534.09777069 1915916.65605293
935533.433353803 1915917.01041
935532.774965275 1915917.36286323
935532.111642889 1915917.71123947
935531.447321062 1915918.05959986
935531.37169729 1915918.10038834
935530.58081303 1915918.54971123
935529.805047187 1915918.99127619
935529.470031201 1915919.18790429
935528.897642477 1915919.53872165
935528.450404831 1915919.81454625
935528.025679134 1915920.12071858
935527.495680365 1915920.50919665
935527.096892713 1915920.81877923
935526.69260087 1915921.16026483
935526.244033781 1915921.58302368
935525.845724114 1915921.98858467
935525.292678792 1915922.56963876
935524.981224434 1915922.91959385
935524.541845164 1915923.4564637
935524.313772496 1915923.78074873
935523.981031481 1915924.27532233
935523.725880092 1915924.66815714
935523.489640293 1915925.12927108
935523.258999743 1915925.55248531
935523.023903322 1915926.06760096
935522.818980364 1915926.57119855
935522.625450072 1915927.17594604
935522.473419833 1915927.7483614
935522.328673579 1915928.4288594
935522.256567251 1915929.00454108
935522.200456092 1915929.76941887
935522.184713405 1915930.25802073
935522.16784453 1915930.75460231
935522.182324183 1915931.29166866
935522.216504867 1915931.72108012
935522.259536624 1915932.0966483
935522.329050466 1915932.6935691
935522.463876777 1915933.2695319
935522.608826978 1915933.96361932
935522.821310331 1915934.62278819
935523.058608235 1915935.41930878
935523.247419065 1915935.93214677
935523.431676271 1915936.41692108
935523.657244766 1915936.94433748
935523.84876741 1915937.41223214
935524.053043854 1915937.83234354
935524.391379405 1915938.56148671
935524.631447098 1915939.05714268
935525.154892668 1915940.09112839
935525.390137405 1915940.57571125
935525.482312187 1915940.75211919
935525.83168781 1915941.41545743
935526.182062876 1915942.07881152
935526.535436278 1915942.74221313
935526.886874158 1915943.40158528
935527.237249223 1915944.06493937
935527.586624841 1915944.72827762
935527.939998238 1915945.39167923
935528.291436114 1915946.05105139
935528.641811175 1915946.71440548
935528.991186789 1915947.37774374
935529.344560183 1915948.04114536
935529.6969975 1915948.70053337
935529.999920666 1915949.26716444
935530.705731371 1915950.58995408
935531.059136446 1915951.25135683
935531.412557361 1915951.91176013
935532.02698677 1915953.07115046
935532.538405934 1915954.04396411
935532.821752106 1915954.58429277
935532.821752106 1915954.58429277
935534.369708578 1915957.14306028
935535.916665596 1915959.70181198
935536.562567569 1915960.76772979
935537.996295128 1915962.27100686
935539.317622447 1915962.91876166
935541.184229495 1915963.34922873
935543.270454273 1915963.48426795
935545.809587195 1915962.92270041
935548.550102151 1915961.70252619
935549.524694303 1915961.26811182
935549.524694303 1915961.26811182
935550.239368708 1915960.89655697
935550.635667754 1915960.68090641
935551.958441667 1915959.97609515
935553.148053084 1915959.34714933
935554.209879459 1915958.7701615
935555.532669227 1915958.06435077
935556.490618031 1915957.54469838
935556.850604359 1915957.34946582
935557.811440598 1915956.83685706
935558.174393577 1915956.64367092
935559.286334807 1915956.05848021
935560.609124591 1915955.35266946
935561.348150079 1915954.95850756
935562.671939313 1915954.25271264
935563.706368777 1915953.70128259
935563.801172136 1915953.64880178
935565.123961932 1915952.94299101
935565.405151872 1915952.79949329
935565.405151872 1915952.79949329
935567.932777071 1915951.19805905
935570.460402283 1915949.59662478
935572.988043349 1915947.99419103
935573.38389747 1915947.74354402
935575.333320577 1915946.16593422
935576.897764487 1915944.46825647
935577.311680791 1915943.14122283
935577.299496703 1915941.63948582
935576.817576062 1915940.25626446
935575.476359096 1915937.58380938
935574.135142113 1915934.91135432
935572.793925114 1915932.23889928
935571.913979526 1915930.48647887
935571.913979526 1915930.48647887
935571.598491251 1915929.89265676
935571.044205351 1915928.84918478
935571.044221193 1915928.84818534
935570.795666758 1915928.38338536
935570.546176246 1915927.91457176
935569.839350061 1915926.59276561
935569.467494082 1915925.89708067
935569.299548859 1915925.58151353
935569.180134203 1915925.35768804
935569.012173135 1915925.04312035
935568.30534694 1915923.72131422
935568.103403387 1915923.34322699
935568.016035696 1915923.17889158
935567.815075745 1915922.80181964
935567.77915774 1915922.73427063
935567.542279783 1915922.28964968
935566.834454134 1915920.96782771
935566.816986934 1915920.93456085
935566.54515873 1915920.42440563
935566.445162634 1915920.23687703
935566.252928358 1915919.87693824
935566.152916419 1915919.69040909
935565.446090206 1915918.36860297
935565.07521782 1915917.67393334
935564.78108361 1915917.1204376
935564.073257947 1915915.79861566
935563.811123177 1915915.30760833
935563.549987852 1915914.81661685
935563.515021761 1915914.75208202
935563.254854194 1915914.26310527
935562.54702852 1915912.94128334
935562.134415717 1915912.16797576
935562.113061633 1915912.12764942
935562.112093875 1915912.12563468
935561.742713399 1915911.46297899
935561.742713399 1915911.46297899
935560.337008954 1915908.82249192
935558.931320335 1915906.18100544
935557.525615861 1915903.54051842
935556.119927212 1915900.89903198
935554.714222706 1915898.25854501
935553.307518736 1915895.61804223
935551.901830043 1915892.97655586
935550.693309482 1915890.69908526
935550.693309482 1915890.69908526
935550.577797531 1915890.48131984
935550.340015153 1915890.03068644
935550.103153008 1915889.58506609
935550.021576019 1915889.43381855
935549.318303901 1915888.14006041
935549.098750532 1915887.73770138
935549.087105729 1915887.71552347
935548.781120725 1915887.15284268
935548.576147122 1915886.77670686
935548.213826097 1915886.11016435
935547.866068992 1915885.47084449
935547.595065923 1915884.97169908
935547.312386367 1915884.45237465
935547.200745452 1915884.24266816
935546.492919689 1915882.92084638
935546.326925799 1915882.60830931
935546.215269041 1915882.39960227
935546.030840184 1915882.05178362
935545.9628752 1915881.92474456
935545.789075859 1915881.60008741
935545.081250089 1915880.27826563
935544.824921838 1915879.79934676
935544.685104987 1915879.53820915
935544.41421281 1915879.03206763
935543.706387033 1915877.71024586
935543.546183854 1915877.41079665
935543.274323915 1915876.9026404
935543.148087385 1915876.66771015
935542.864566798 1915876.13837545
935542.156741012 1915874.8165537
935542.000424715 1915874.52416397
935541.834399131 1915874.2136258
935541.52463813 1915873.63688943
935540.816812334 1915872.31506769
935540.690607489 1915872.07813856
935540.387668329 1915871.51250699
935540.368249761 1915871.47621011
935539.66042396 1915870.15438838
935539.223506188 1915869.33770872
935539.202136258 1915869.29838182
935538.800152893 1915868.54823587
935538.777831045 1915868.50589479
935538.070005236 1915867.18407308
935537.844740341 1915866.76362901
935537.824369858 1915866.72431796
935537.596169999 1915866.29982858
935537.57771919 1915866.26554644
935537.17681448 1915865.51041911
935536.746671016 1915864.70784259
935536.741816374 1915864.69876837
935536.038020019 1915863.37501115
935535.543798445 1915862.45245507
935535.421464634 1915862.22358488
935535.286486571 1915861.97252094
935535.24181119 1915861.88983769
935534.538014826 1915860.56608049
935534.281718239 1915860.08516276
935534.068113985 1915859.68589716
935534.006955001 1915859.57096235
935533.749658966 1915859.09002878
935533.045862594 1915857.76627159
935532.781792239 1915857.27123491
935532.772098797 1915857.25208702
935532.298311068 1915856.36484423
935531.594514686 1915855.04108705
935531.518760087 1915854.90092847
935531.107114944 1915854.12963578
935531.05760076 1915854.03687887
935530.899364771 1915853.73946025
935530.191538918 1915852.4176386
935529.884728693 1915851.84394814
935529.530355649 1915851.18053079
935529.399296149 1915850.93452746
935528.691470286 1915849.61270582
935528.23323007 1915848.75370099
935528.109928492 1915848.52281608
935527.402102624 1915847.20099446
935527.105969436 1915846.64746718
935527.040923564 1915846.52547288
935526.750644465 1915845.98103566
935526.581715584 1915845.66445332
935525.873889707 1915844.34263172
935525.746701242 1915844.10468732
935525.391360426 1915843.43925526
935525.258333716 1915843.19122136
935525.174852876 1915843.03394548
935524.467011147 1915841.71312333
935524.21555334 1915841.2422793
935524.075752311 1915840.98014228
935523.770861749 1915840.41148075
935523.750459575 1915840.37416859
935523.239738506 1915839.42036046
935523.219352176 1915839.38204886
935523.042633681 1915839.05234701
935522.896010801 1915838.7791052
935522.719308149 1915838.4484039
935522.609602732 1915838.24272692
935522.326097943 1915837.71239284
935521.794974696 1915836.72127256
935521.632820127 1915836.41879337
935521.618272044 1915836.39057127
935521.532808152 1915836.23226427
935521.456117473 1915836.08809207
935521.356105499 1915835.90156297
935521.049295253 1915835.32787254
935520.992023144 1915835.21999723
935520.455061645 1915834.21878745
935520.284181393 1915833.89917511
935520.251150811 1915833.83866977
935520.080286399 1915833.51805798
935519.945340007 1915833.26499518
935519.773476153 1915832.94436756
935519.772508393 1915832.94235283
935519.318107499 1915832.09340586
935519.230723931 1915831.93006995
935518.776323037 1915831.08112299
935518.775339434 1915831.08010771
935518.610265739 1915830.77258376
935518.609282136 1915830.77156848
935518.353937434 1915830.29366498
935518.097609128 1915829.8147462
935517.559743228 1915828.80752394
935517.132534663 1915828.00899282
935516.580088988 1915826.97554736
935516.425724022 1915826.6861877
935516.086882624 1915826.05200779
935515.932501815 1915825.76364757
935515.506261006 1915824.9671312
935514.901572121 1915823.82389075
935514.653985334 1915823.36110568
935514.406382705 1915822.89932006
935513.890997066 1915821.92444444
935513.705616243 1915821.57361168
935513.642490043 1915821.4566463
935513.456093934 1915821.10679715
935513.261908217 1915820.74382847
935512.893970641 1915820.05320438
935512.329150016 1915818.98057464
935512.139834784 1915818.62568074
935511.778687368 1915817.94816034
935511.219689141 1915816.88661955
935511.079919781 1915816.62248366
935510.893523669 1915816.27263451
935510.752754863 1915816.00848278
935510.604101394 1915815.7372082
935510.383469303 1915815.33983065
935510.383485143 1915815.33883121
935509.898640067 1915814.45541205
935509.170650931 1915813.14426764
935508.81797571 1915812.49987152
935508.80242818 1915812.47163358
935508.601897252 1915812.13055765
935508.156191689 1915811.36372366
935507.397918191 1915810.07109344
935507.092330526 1915809.54640755
935507.074768261 1915809.51913738
935506.768673638 1915809.02643373
935506.379717387 1915808.40045674
935505.563604186 1915807.161893
935505.41709356 1915806.94463597
935505.366294758 1915806.86985324
935504.922891835 1915806.21002325
935504.571266327 1915805.6886064
935504.293840131 1915805.27933196
935503.941215177 1915804.75789927
935503.890400534 1915804.68411598
935503.730198681 1915804.44764772
935503.679368197 1915804.37486388
935503.361693505 1915803.91896544
935503.014304786 1915803.44560116
935502.905790283 1915803.29092758
935500.990946859 1915800.98426715
935500.488688951 1915800.37948723
935498.519813504 1915798.13895
935498.222273041 1915797.80033516
935496.287447592 1915795.80826231
935494.018253059 1915793.84587871
935493.067588787 1915793.02305521
935490.354935533 1915791.47651374
935488.000502354 1915790.22456264
935485.327868256 1915789.11752211
935482.729918407 1915788.53350674
935480.270025599 1915788.25858641
935477.387090742 1915788.37283998
