955541.637198 1956911.62618 0
955541.654909 1956911.63718 0
955541.699159 1956911.65913 0
955541.752353 1956911.70322 0
955541.814374 1956911.74727 0
955541.88528 1956911.80236 0
955541.965012 1956911.85741 0
955542.053629 1956911.9235 0
955542.151132 1956912.00064 0
955542.257462 1956912.07774 0
955542.346139 1956912.15493 0
955542.470239 1956912.25411 0
955542.59428 1956912.34221 0
955542.727147 1956912.43025 0
955542.868899 1956912.52935 0
955543.010592 1956912.61735 0
955543.152166 1956912.68316 0
955543.293859 1956912.77116 0
955543.435552 1956912.85916 0
955543.586012 1956912.93601 0
955543.727585 1956913.00182 0
955543.886752 1956913.05644 0
955544.081223 1956913.11087 0
955544.222737 1956913.16559 0
955544.417267 1956913.23111 0
955544.550015 1956913.29697 0
955544.726893 1956913.36259 0
955544.886119 1956913.42831 0
955545.036578 1956913.50516 0
955545.195804 1956913.57088 0
955545.479011 1956913.71359 0
955545.611819 1956913.79055 0
955545.744567 1956913.8564 0
955545.877374 1956913.93335 0
955545.99247 1956913.99931 0
955546.134222 1956914.0984 0
955546.267029 1956914.17535 0
955546.408722 1956914.26335 0
955546.523996 1956914.36259 0
955546.648097 1956914.46178 0
955546.781023 1956914.56092 0
955546.905123 1956914.6601 0
955547.020517 1956914.78153 0
955547.144617 1956914.88072 0
955547.268777 1956914.991 0
955547.38417 1956915.11243 0
955547.50833 1956915.22271 0
955547.623783 1956915.35523 0
955547.747943 1956915.46551 0
955547.854569 1956915.59808 0
955547.970022 1956915.7306 0
955548.076649 1956915.86316 0
955548.156738 1956915.98478 0
955548.245772 1956916.12853 0
955548.334747 1956916.2612 0
955548.414955 1956916.405 0
955548.486277 1956916.53776 0
955548.548953 1956916.70384 0
955548.620335 1956916.84769 0
955548.674124 1956917.00273 0
955548.736799 1956917.16882 0
955548.772996 1956917.33505 0
955548.809312 1956917.52347 0
955548.854335 1956917.68965 0
955548.899358 1956917.85583 0
955548.935615 1956918.03316 0
955548.9541 1956918.18839 0
955548.963878 1956918.36585 0
955548.964652 1956918.51008 0
955548.956838 1956918.69874 0
955548.948785 1956918.84301 0
955548.932086 1956919.02062 0
955548.897615 1956919.17614 0
955548.87197 1956919.3316 0
955548.828673 1956919.48716 0
955548.794202 1956919.64268 0
955548.742079 1956919.79828 0
955548.68113 1956919.95394 0
955548.611296 1956920.09855 0
955548.532635 1956920.2432 0
955548.462801 1956920.38781 0
955548.375254 1956920.52142 0
955548.287708 1956920.65503 0
955548.191277 1956920.77759 0
955548.077193 1956920.90025 0
955547.963109 1956921.0229 0
955547.840199 1956921.14561 0
955547.699578 1956921.25731 0
955547.576668 1956921.38001 0
955547.436106 1956921.50281 0
955547.286659 1956921.61456 0
955547.137331 1956921.7485 0
955546.970291 1956921.87144 0
955546.812017 1956921.98324 0
955546.644977 1956922.10618 0
955546.460226 1956922.21812 0
955546.293126 1956922.32997 0
955546.099549 1956922.44195 0
955545.93239 1956922.5427 0
955545.729927 1956922.64364 0
955545.53629 1956922.74454 0
955545.342653 1956922.84543 0
955545.148897 1956922.92413 0
955544.937548 1956923.01403 0
955544.743732 1956923.08164 0
955544.549917 1956923.14925 0
955544.33839 1956923.20586 0
955544.135629 1956923.25132 0
955543.915157 1956923.28579 0
955543.721043 1956923.29793 0
955543.491626 1956923.31025 0
955543.30622 1956923.30015 0
955543.094276 1956923.2791 0
955542.882273 1956923.24695 0
955542.678976 1956923.19257 0
955542.466973 1956923.16042 0
955542.263736 1956923.11713 0
955542.034021 1956923.07399 0
955541.839491 1956923.00846 0
955541.636135 1956922.94298 0
955541.432839 1956922.8886 0
955541.220716 1956922.83426 0
955541.034953 1956922.75759 0
955540.840423 1956922.69207 0
955540.65454 1956922.59321 0
955540.48631 1956922.49426 0
955540.309194 1956922.38426 0
955540.158556 1956922.27412 0
955540.007858 1956922.15289 0
955539.874754 1956922.02046 0
955539.732823 1956921.88808 0
955539.617251 1956921.73337 0
955539.51945 1956921.60076 0
955539.403818 1956921.43496 0
955539.305899 1956921.28015 0
955539.190327 1956921.12545 0
955539.101114 1956920.94841 0
955539.003194 1956920.7936 0
955538.913981 1956920.61656 0
955538.824828 1956920.45062 0
955538.735674 1956920.28467 0
955538.646521 1956920.11873 0
955538.57502 1956919.95269 0
955538.494573 1956919.76451 0
955538.431898 1956919.59842 0
955538.360397 1956919.43238 0
955538.288836 1956919.25524 0
955538.226101 1956919.07806 0
955538.163307 1956918.88979 0
955538.118284 1956918.7236 0
955538.073141 1956918.53523 0
955538.028118 1956918.36905 0
955537.991921 1956918.20282 0
955537.946838 1956918.02555 0
955537.893048 1956917.87051 0
955537.865558 1956917.68204 0
955537.855839 1956917.51567 0
955537.837235 1956917.33825 0
955537.836342 1956917.17183 0
955537.835389 1956916.99432 0
955537.834556 1956916.83899 0
955537.860081 1956916.66134 0
955537.885785 1956916.51697 0
955537.920196 1956916.35036 0
955537.963434 1956916.1837 0
955538.006611 1956916.00595 0
955538.041082 1956915.85044 0
955538.101971 1956915.68369 0
955538.145387 1956915.55032 0
955538.215222 1956915.40571 0
955538.276289 1956915.27224 0
955538.346183 1956915.13873 0
955538.424903 1956915.00517 0
955538.503742 1956914.8938 0
955538.591348 1956914.77128 0
955538.687839 1956914.65981 0
955538.775564 1956914.55949 0
955538.889707 1956914.44793 0
955538.986317 1956914.35865 0
955539.091694 1956914.25823 0
955539.19719 1956914.18 0
955539.311452 1956914.09063 0
955539.425833 1956914.02344 0
955539.540215 1956913.95626 0
955539.64577 1956913.88913 0
955539.777863 1956913.83294 0
955539.90119 1956913.7879 0
955540.015631 1956913.73181 0
955540.147783 1956913.68672 0
955540.262343 1956913.65282 0
955540.403381 1956913.61878 0
955540.535653 1956913.59588 0
955540.659098 1956913.57303 0
955540.809022 1956913.55004 0
955540.932587 1956913.54937 0
955541.073803 1956913.54862 0
955541.206194 1956913.54791 0
955541.338644 1956913.55829 0
955541.47998 1956913.57972 0
955541.594778 1956913.5902 0
955541.744999 1956913.62268 0
955541.877569 1956913.65525 0
955542.001371 1956913.69897 0
955542.125174 1956913.74268 0
955542.248917 1956913.7753 0
955542.364013 1956913.84126 0
955542.487816 1956913.88497 0
955542.593966 1956913.92878 0
955542.700177 1956913.98369 0
955542.788675 1956914.02759 0
955542.894826 1956914.0714 0
955542.965613 1956914.10431 0
955543.054171 1956914.15931 0
955543.124898 1956914.18112 0
955543.195745 1956914.22511 0
955543.24882 1956914.24702 0
955543.293129 1956914.28007 0
955543.337319 1956914.29092 0
955543.372742 1956914.31292 0
955543.399339 1956914.33497 0
955543.425877 1956914.34592 0
955543.443588 1956914.35692 0
955543.452474 1956914.36797 0
955543.4613 1956914.36792 0
955543.470126 1956914.36788 0
955543.4613 1956914.36792 0
955543.4613 1956914.36792 0
955543.4613 1956914.36792 0
955543.452414 1956914.35688 0
955543.452414 1956914.35688 0
955543.443588 1956914.35692 0
955543.443588 1956914.35692 0
955543.443588 1956914.35692 0
955543.443588 1956914.35692 0
955543.443588 1956914.35692 0
955543.443588 1956914.35692 0
955543.425877 1956914.34592 0
955543.417051 1956914.34597 0
955543.408165 1956914.33492 0
955543.408165 1956914.33492 0
955543.399279 1956914.32388 0
955543.399339 1956914.33497 0
955543.399339 1956914.33497 0
955543.399339 1956914.33497 0
955543.399339 1956914.33497 0
955543.399339 1956914.33497 0
955543.399339 1956914.33497 0
955543.399339 1956914.33497 0
955543.399339 1956914.33497 0
955543.399339 1956914.33497 0
955543.399339 1956914.33497 0
955543.399339 1956914.33497 0
955543.399339 1956914.33497 0
955543.399339 1956914.33497 0
955543.399339 1956914.33497 0
955543.399339 1956914.33497 0
955543.390513 1956914.33502 0
955543.390513 1956914.33502 0
955543.390513 1956914.33502 0
955543.390513 1956914.33502 0
955543.390513 1956914.33502 0
955543.390513 1956914.33502 0
955543.390513 1956914.33502 0
955543.390513 1956914.33502 0
955543.390513 1956914.33502 0
955543.390513 1956914.33502 0
955543.390513 1956914.33502 0
