955546.644049 1956913.70734 0
955546.644049 1956913.70734 0
955546.644049 1956913.70734 0
955546.644049 1956913.70734 0
955546.644109 1956913.71844 0
955546.644109 1956913.71844 0
955546.644109 1956913.71844 0
955546.652935 1956913.71839 0
955546.652935 1956913.71839 0
955546.644109 1956913.71844 0
955546.652935 1956913.71839 0
955546.652935 1956913.71839 0
955546.652935 1956913.71839 0
955546.644109 1956913.71844 0
955546.652935 1956913.71839 0
955546.644109 1956913.71844 0
955546.652935 1956913.71839 0
955546.66182 1956913.72944 0
955546.661939 1956913.75163 0
955546.679711 1956913.77372 0
955546.697601 1956913.81801 0
955546.733143 1956913.86219 0
955546.768804 1956913.92857 0
955546.822118 1956913.99486 0
955546.866665 1956914.07228 0
955546.920037 1956914.14966 0
955546.97347 1956914.23813 0
955547.035728 1956914.32656 0
955547.097987 1956914.41498 0
955547.151479 1956914.51455 0
955547.213737 1956914.60297 0
955547.275996 1956914.6914 0
955547.347021 1956914.76868 0
955547.400453 1956914.85716 0
955547.462652 1956914.93449 0
955547.516025 1956915.01186 0
955547.569398 1956915.08924 0
955547.631537 1956915.15548 0
955547.68491 1956915.23286 0
955547.729457 1956915.31028 0
955547.774064 1956915.3988 0
955547.818551 1956915.46513 0
955547.871924 1956915.54251 0
955547.916471 1956915.61994 0
955547.969903 1956915.70841 0
955548.032221 1956915.80793 0
955548.076887 1956915.90754 0
955548.14809 1956916.01811 0
955548.219353 1956916.13977 0
955548.290795 1956916.29472 0
955548.370944 1956916.42742 0
955548.442385 1956916.58237 0
955548.531479 1956916.73722 0
955548.620573 1956916.89207 0
955548.7009 1956917.05806 0
955548.798939 1956917.23506 0
955548.87038 1956917.39 0
955548.968359 1956917.5559 0
955549.048568 1956917.6997 0
955549.128776 1956917.84351 0
955549.21781 1956917.98726 0
955549.297958 1956918.11997 0
955549.387111 1956918.28592 0
955549.476027 1956918.40748 0
955549.56512 1956918.56233 0
955549.654035 1956918.6839 0
955549.743069 1956918.82766 0
955549.831985 1956918.94922 0
955549.9209 1956919.07079 0
955550.001048 1956919.2035 0
955550.072192 1956919.30297 0
955550.161167 1956919.43563 0
955550.232311 1956919.53511 0
955550.303455 1956919.63458 0
955550.365832 1956919.74519 0
955550.42809 1956919.83362 0
955550.490468 1956919.94423 0
955550.54396 1956920.0438 0
955550.606278 1956920.14332 0
955550.668655 1956920.25393 0
955550.722207 1956920.3646 0
955550.784584 1956920.47521 0
955550.846961 1956920.58583 0
955550.909398 1956920.70753 0
955550.980661 1956920.8292 0
955551.043158 1956920.962 0
955551.105654 1956921.0948 0
955551.176977 1956921.22756 0
955551.230766 1956921.3826 0
955551.293263 1956921.5154 0
955551.346992 1956921.65935 0
955551.409608 1956921.81434 0
955551.463278 1956921.94719 0
955551.517008 1956922.09114 0
955551.579505 1956922.22394 0
955551.624349 1956922.35684 0
955551.686846 1956922.48964 0
955551.749282 1956922.61135 0
955551.794008 1956922.72206 0
955551.856445 1956922.84377 0
955551.909996 1956922.95443 0
955551.972433 1956923.07614 0
955552.025925 1956923.17571 0
955552.07065 1956923.28642 0
955552.124142 1956923.38598 0
955552.177634 1956923.48555 0
955552.231126 1956923.58512 0
955552.284617 1956923.68469 0
955552.329283 1956923.7843 0
955552.382835 1956923.89496 0
955552.427441 1956923.98348 0
955552.480992 1956924.09414 0
955552.525658 1956924.19376 0
955552.570324 1956924.29337 0
955552.623875 1956924.40403 0
955552.730918 1956924.61426 0
955552.775644 1956924.72497 0
955552.83808 1956924.84668 0
955552.891691 1956924.96844 0
955552.945302 1956925.09019 0
955553.007799 1956925.223 0
955553.06129 1956925.32257 0
955553.123727 1956925.44427 0
955553.186164 1956925.56598 0
955553.248601 1956925.68769 0
955553.311038 1956925.8094 0
955553.364649 1956925.93116 0
955553.427086 1956926.05287 0
955553.480637 1956926.16353 0
955553.534188 1956926.27419 0
955553.596566 1956926.3848 0
955553.658883 1956926.48432 0
955553.712375 1956926.58389 0
955553.765867 1956926.68346 0
955553.837011 1956926.78293 0
955553.899388 1956926.89355 0
955553.970472 1956926.98192 0
955554.041676 1956927.09249 0
955554.11276 1956927.18087 0
955554.19279 1956927.29139 0
955554.263874 1956927.37977 0
955554.343725 1956927.457 0
955554.414869 1956927.55647 0
955554.477008 1956927.62271 0
955554.565744 1956927.71099 0
955554.63671 1956927.77718 0
955554.71662 1956927.86551 0
955554.796411 1956927.93165 0
955554.893974 1956928.01989 0
955554.991417 1956928.08594 0
955555.088979 1956928.17417 0
955555.186482 1956928.25131 0
955555.301578 1956928.31727 0
955555.407847 1956928.38327 0
955555.523002 1956928.46031 0
955555.646924 1956928.52622 0
955555.770905 1956928.60322 0
955555.894766 1956928.65803 0
955556.03634 1956928.72384 0
955556.18668 1956928.7785 0
955556.328194 1956928.83322 0
955556.460822 1956928.87689 0
955556.611103 1956928.92046 0
955556.752557 1956928.96408 0
955556.92049 1956929.00756 0
955557.061885 1956929.04009 0
955557.220873 1956929.06143 0
955557.370974 1956929.07171 0
955557.529902 1956929.08196 0
955557.697657 1956929.09215 0
955557.847699 1956929.09135 0
955558.006567 1956929.0905 0
955558.165436 1956929.08964 0
955558.333012 1956929.06655 0
955558.49182 1956929.05461 0
955558.668222 1956929.03147 0
955558.800374 1956928.98638 0
955558.959124 1956928.96334 0
955559.117695 1956928.90702 0
955559.249847 1956928.86193 0
955559.399711 1956928.82784 0
955559.566989 1956928.74928 0
955559.68149 1956928.70429 0
955559.831175 1956928.63691 0
955559.954323 1956928.55859 0
955560.07753 1956928.49136 0
955560.209504 1956928.41299 0
955560.332652 1956928.33466 0
955560.446974 1956928.25638 0
955560.570062 1956928.16696 0
955560.684265 1956928.0665 0
955560.798527 1956927.97713 0
955560.91279 1956927.88775 0
955561.009341 1956927.78738 0
955561.114717 1956927.68696 0
955561.220154 1956927.59764 0
955561.316645 1956927.48617 0
955561.40437 1956927.38585 0
955561.509866 1956927.30762 0
955561.606297 1956927.18506 0
955561.685375 1956927.11806 0
955561.799399 1956926.98431 0
955561.869472 1956926.88408 0
955561.966023 1956926.78371 0
955562.044683 1956926.63905 0
955562.141353 1956926.56087 0
955562.246432 1956926.40498 0
955562.307679 1956926.3048 0
955562.412878 1956926.17109 0
955562.491598 1956926.03753 0
955562.570437 1956925.92616 0
955562.657924 1956925.78146 0
955562.727937 1956925.67013 0
955562.797831 1956925.53662 0
955562.876611 1956925.41415 0
955562.928853 1956925.28073 0
955562.998807 1956925.15832 0
955563.068701 1956925.0248 0
955563.112236 1956924.91362 0
955563.173245 1956924.76906 0
955563.225547 1956924.64673 0
955563.286675 1956924.52436 0
955563.330091 1956924.39099 0
955563.391218 1956924.26862 0
955563.44352 1956924.14629 0
955563.495881 1956924.03506 0
955563.548124 1956923.90165 0
955563.600485 1956923.79042 0
955563.652786 1956923.66809 0
955563.713974 1956923.55681 0
955563.766275 1956923.43449 0
955563.827463 1956923.32321 0
955563.88865 1956923.21194 0
955563.932185 1956923.10075 0
955564.002198 1956922.98943 0
955564.045734 1956922.87825 0
955564.106861 1956922.75587 0
955564.168049 1956922.6446 0
955564.211524 1956922.52232 0
955564.281478 1956922.3999 0
955564.33372 1956922.26648 0
955564.394848 1956922.14411 0
955564.464742 1956922.0106 0
955564.516985 1956921.87718 0
955564.586879 1956921.74366 0
955564.647888 1956921.5991 0
955564.708956 1956921.46564 0
955564.769965 1956921.32108 0
955564.830973 1956921.17651 0
955564.883216 1956921.0431 0
955564.926572 1956920.89863 0
955564.987581 1956920.75407 0
955565.039764 1956920.60955 0
955565.074354 1956920.47623 0
955565.135303 1956920.32057 0
955565.169834 1956920.17616 0
955565.213191 1956920.03169 0
955565.256488 1956919.87613 0
955565.291019 1956919.73171 0
955565.334435 1956919.59834 0
955565.368906 1956919.44282 0
955565.403496 1956919.3095 0
955565.438027 1956919.16508 0
955565.472558 1956919.02066 0
955565.498262 1956918.87629 0
955565.523967 1956918.73192 0
955565.540846 1956918.5876 0
955565.56661 1956918.45432 0
955565.574662 1956918.31004 0
955565.582834 1956918.18795 0
955565.590887 1956918.04368 0
955565.590173 1956917.91054 0
955565.589459 1956917.77741 0
955565.571152 1956917.65546 0
955565.552845 1956917.53352 0
955565.543424 1956917.42262 0
955565.525058 1956917.28958 0
955565.506811 1956917.17873 0
955565.49739 1956917.06783 0
955565.488088 1956916.97912 0
955565.469841 1956916.86827 0
955565.460539 1956916.77956 0
955565.451178 1956916.67975 0
955565.43305 1956916.59109 0
955565.432574 1956916.50233 0
955565.414446 1956916.41367 0
955565.414029 1956916.33601 0
955565.404727 1956916.2473 0
955565.404311 1956916.16964 0
955565.403954 1956916.10307 0
955565.385945 1956916.0366 0
955565.385588 1956915.97003 0
955565.385231 1956915.90346 0
955565.376107 1956915.84804 0
955565.366865 1956915.77042 0
955565.366567 1956915.71495 0
955565.357325 1956915.63734 0
955565.348142 1956915.57082 0
955565.33884 1956915.48211 0
955565.329597 1956915.40449 0
955565.320295 1956915.31578 0
955565.302167 1956915.22712 0
955565.292805 1956915.12732 0
955565.265851 1956915.0387 0
955565.256549 1956914.94999 0
955565.229536 1956914.85028 0
955565.211408 1956914.76162 0
955565.184394 1956914.66191 0
955565.157499 1956914.58439 0
955565.130486 1956914.48468 0
955565.103651 1956914.41826 0
955565.067871 1956914.32969 0
955565.03215 1956914.25222 0
955565.005136 1956914.15251 0
955564.96059 1956914.07508 0
955564.92475 1956913.97542 0
955564.880144 1956913.8869 0
955564.844304 1956913.78724 0
955564.790812 1956913.68767 0
955564.746147 1956913.58806 0
955564.701422 1956913.47735 0
955564.639104 1956913.37783 0
955564.585493 1956913.25607 0
955564.532001 1956913.1565 0
955564.47839 1956913.03475 0
955564.424839 1956912.92409 0
955564.379995 1956912.79119 0
955564.317558 1956912.66948 0
955564.263947 1956912.54772 0
955564.210337 1956912.42597 0
955564.156726 1956912.30421 0
955564.103056 1956912.17136 0
955564.067157 1956912.0606 0
955564.013546 1956911.93884 0
955563.977587 1956911.81699 0
955563.932862 1956911.70628 0
955563.887958 1956911.56229 0
955563.851999 1956911.44044 0
955563.816041 1956911.31859 0
955563.780023 1956911.18564 0
955563.735178 1956911.05275 0
955563.69916 1956910.9198 0
955563.663142 1956910.78685 0
955563.627183 1956910.665 0
955563.591106 1956910.52096 0
955563.537435 1956910.38811 0
955563.492591 1956910.25521 0
955563.447747 1956910.12232 0
955563.402903 1956909.98942 0
955563.366825 1956909.84538 0
955563.330866 1956909.72353 0
955563.277137 1956909.57958 0
955563.241118 1956909.44663 0
955563.187389 1956909.30269 0
955563.15137 1956909.16974 0
955563.106467 1956909.02575 0
955563.052796 1956908.8929 0
955562.999067 1956908.74895 0
955562.954222 1956908.61606 0
955562.891666 1956908.47216 0
955562.82917 1956908.33935 0
955562.766733 1956908.21764 0
955562.695351 1956908.07379 0
955562.624088 1956907.95213 0
955562.54394 1956907.81942 0
955562.463851 1956907.69781 0
955562.383762 1956907.57619 0
955562.303733 1956907.46567 0
955562.214877 1956907.3552 0
955562.126022 1956907.24473 0
955562.046111 1956907.1564 0
955561.957315 1956907.05702 0
955561.868638 1956906.97983 0
955561.771016 1956906.8805 0
955561.682279 1956906.79222 0
955561.593602 1956906.71503 0
955561.487214 1956906.62684 0
955561.389651 1956906.5386 0
955561.300974 1956906.46142 0
955561.212297 1956906.38423 0
955561.123561 1956906.29594 0
955561.043769 1956906.2298 0
955560.955033 1956906.14152 0
955560.866356 1956906.06433 0
955560.768852 1956905.98719 0
955560.662464 1956905.899 0
955560.564961 1956905.82186 0
955560.458572 1956905.73367 0
955560.343417 1956905.65662 0
955560.228202 1956905.56848 0
955560.113047 1956905.49144 0
955559.98018 1956905.40339 0
955559.847313 1956905.31534 0
955559.723332 1956905.23834 0
955559.581639 1956905.15034 0
955559.448832 1956905.07339 0
955559.307139 1956904.98539 0
955559.165565 1956904.91958 0
955559.015106 1956904.84273 0
955558.891124 1956904.76573 0
955558.740665 1956904.68887 0
955558.599031 1956904.61196 0
955558.47511 1956904.54606 0
955558.32465 1956904.4692 0
955558.191902 1956904.40334 0
955558.06798 1956904.33744 0
955557.917521 1956904.26058 0
955557.811192 1956904.18349 0
955557.678384 1956904.10654 0
955557.545518 1956904.01849 0
955557.421596 1956903.95259 0
955557.288729 1956903.86454 0
955557.155862 1956903.77649 0
955557.049533 1956903.6994 0
955556.898954 1956903.60035 0
955556.801451 1956903.52321 0
955556.668584 1956903.43516 0
955556.553429 1956903.35812 0
955556.429388 1956903.27002 0
955556.296462 1956903.17088 0
955556.163595 1956903.08284 0
955556.030728 1956902.99479 0
955555.897861 1956902.90674 0
955555.764994 1956902.8187 0
955555.632008 1956902.70846 0
955555.499201 1956902.63151 0
955555.357508 1956902.54351 0
955555.224641 1956902.45546 0
955555.083007 1956902.37856 0
955554.923722 1956902.30175 0
955554.782148 1956902.23594 0
955554.622862 1956902.15913 0
955554.481288 1956902.09332 0
955554.331067 1956902.06084 0
955554.189493 1956901.99503 0
955554.056983 1956901.97355 0
955553.906702 1956901.92998 0
955553.765366 1956901.90854 0
955553.615145 1956901.87607 0
955553.465042 1956901.86578 0
955553.31494 1956901.85549 0
955553.164837 1956901.8452 0
955553.02362 1956901.84595 0
955552.873577 1956901.84676 0
955552.73242 1956901.85861 0
955552.582436 1956901.87051 0
955552.441279 1956901.88236 0
955552.282529 1956901.9054 0
955552.150317 1956901.9394 0
955551.991626 1956901.97353 0
955551.859295 1956901.98534 0
955551.70949 1956902.03052 0
955551.577278 1956902.06452 0
955551.445184 1956902.1207 0
955551.313032 1956902.16579 0
955551.180938 1956902.22197 0
955551.057731 1956902.2892 0
955550.934404 1956902.33424 0
955550.80237 1956902.40152 0
955550.688048 1956902.4798 0
955550.573607 1956902.53589 0
955550.459285 1956902.61416 0
955550.344963 1956902.69244 0
955550.248233 1956902.75953 0
955550.142856 1956902.85995 0
955550.046127 1956902.92704 0
955549.94069 1956903.01636 0
955549.861672 1956903.09445 0
955549.756176 1956903.17268 0
955549.668332 1956903.25082 0
955549.589374 1956903.34 0
955549.483818 1956903.40713 0
955549.413567 1956903.47408 0
955549.325783 1956903.56331 0
955549.23782 1956903.61926 0
955549.149976 1956903.69739 0
955549.070958 1956903.77548 0
955548.983054 1956903.84252 0
955548.895211 1956903.92066 0
955548.807307 1956903.9877 0
955548.719463 1956904.06583 0
955548.631619 1956904.14397 0
955548.534949 1956904.22215 0
955548.447105 1956904.30029 0
955548.332724 1956904.36747 0
955548.24488 1956904.44561 0
955548.130558 1956904.52388 0
955548.033888 1956904.60207 0
955547.91074 1956904.68039 0
955547.805244 1956904.75862 0
955547.699688 1956904.82576 0
955547.585426 1956904.91513 0
955547.497582 1956904.99327 0
955547.383319 1956905.08264 0
955547.295416 1956905.14968 0
955547.207572 1956905.22782 0
955547.119728 1956905.30595 0
955547.04077 1956905.39513 0
955546.952926 1956905.47327 0
955546.882734 1956905.55131 0
955546.803716 1956905.6294 0
955546.742351 1956905.70739 0
955546.680985 1956905.78539 0
955546.610793 1956905.86343 0
955546.558254 1956905.94137 0
955546.496947 1956906.03046 0
955546.435582 1956906.10845 0
955546.383102 1956906.19749 0
955546.330621 1956906.28654 0
955546.278201 1956906.38667 0
955546.22578 1956906.48681 0
955546.182126 1956906.5758 0
955546.138651 1956906.69808 0
955546.08617 1956906.78712 0
955546.060288 1956906.89821 0
955546.016752 1956907.00939 0
955545.981984 1956907.10943 0
955545.938449 1956907.22061 0
955545.894854 1956907.3207 0
955545.860145 1956907.43183 0
955545.834322 1956907.55402 0
955545.799613 1956907.66515 0
955545.764904 1956907.77629 0
955545.739081 1956907.89847 0
955545.704431 1956908.0207 0
955545.669722 1956908.13184 0
955545.635073 1956908.25406 0
955545.618076 1956908.3762 0
955545.592193 1956908.48729 0
955545.56631 1956908.59838 0
955545.549372 1956908.73161 0
955545.532255 1956908.83155 0
955545.515199 1956908.94259 0
955545.507027 1956909.06468 0
955545.498737 1956909.16458 0
955545.490566 1956909.28667 0
955545.491161 1956909.39761 0
955545.491756 1956909.50856 0
955545.492351 1956909.6195 0
955545.501773 1956909.7304 0
955545.502368 1956909.84135 0
955545.520675 1956909.96329 0
955545.538922 1956910.07414 0
955545.557288 1956910.20718 0
955545.575476 1956910.30694 0
955545.602609 1956910.42884 0
955545.629623 1956910.52855 0
955545.64787 1956910.6394 0
955545.68371 1956910.73906 0
955545.71961 1956910.84982 0
955545.746564 1956910.93843 0
955545.773578 1956911.03814 0
955545.800532 1956911.12676 0
955545.827606 1956911.23756 0
955545.845734 1956911.32622 0
955545.863922 1956911.42598 0
955545.88205 1956911.51464 0
955545.900178 1956911.6033 0
955545.918366 1956911.70306 0
955545.945261 1956911.78058 0
955545.963389 1956911.86924 0
955545.981458 1956911.94681 0
955546.017179 1956912.02428 0
955546.035247 1956912.10185 0
955546.062202 1956912.19046 0
955546.089097 1956912.26798 0
955546.124817 1956912.34546 0
955546.151712 1956912.42298 0
955546.187433 1956912.50045 0
955546.214328 1956912.57797 0
955546.250049 1956912.65544 0
955546.285769 1956912.73291 0
955546.330316 1956912.81034 0
955546.366097 1956912.89891 0
955546.401758 1956912.96529 0
955546.446305 1956913.04271 0
955546.481907 1956913.09799 0
955546.517568 1956913.16437 0
955546.55317 1956913.21966 0
955546.588772 1956913.27494 0
955546.615547 1956913.33027 0
955546.615547 1956913.33027 0
955546.606602 1956913.30813 0
955546.606543 1956913.29703 0
955546.615488 1956913.31918 0
955546.597717 1956913.29708 0
955546.606662 1956913.31922 0
955546.597776 1956913.30818 0
955546.606662 1956913.31922 0
955546.606602 1956913.30813 0
955546.606602 1956913.30813 0
955546.597776 1956913.30818 0
955546.606602 1956913.30813 0
955546.606602 1956913.30813 0
955546.606602 1956913.30813 0
955546.597776 1956913.30818 0
955546.606602 1956913.30813 0
955546.597776 1956913.30818 0
955546.606602 1956913.30813 0
955546.606602 1956913.30813 0
955546.606602 1956913.30813 0
955546.606602 1956913.30813 0
955546.597776 1956913.30818 0
955546.597776 1956913.30818 0
955546.597776 1956913.30818 0
955546.597776 1956913.30818 0
955546.597776 1956913.30818 0
955546.606602 1956913.30813 0
955546.597776 1956913.30818 0
955546.597776 1956913.30818 0
955546.597776 1956913.30818 0
955546.597776 1956913.30818 0
