955563.013902 1956909.86946 0
955563.013902 1956909.86946 0
955563.013902 1956909.86946 0
955563.013902 1956909.86946 0
955563.013902 1956909.86946 0
955563.013902 1956909.86946 0
955563.013902 1956909.86946 0
955563.013902 1956909.86946 0
955563.013902 1956909.86946 0
955563.013902 1956909.86946 0
955563.013902 1956909.86946 0
955563.013902 1956909.86946 0
955563.013902 1956909.86946 0
955563.013902 1956909.86946 0
955563.013902 1956909.86946 0
955563.013902 1956909.86946 0
955563.005076 1956909.86951 0
955563.005017 1956909.85841 0
955563.005076 1956909.86951 0
955563.013902 1956909.86946 0
955563.005076 1956909.86951 0
955563.005017 1956909.85841 0
955563.005076 1956909.86951 0
955563.005076 1956909.86951 0
955563.005017 1956909.85841 0
955563.005017 1956909.85841 0
955563.013902 1956909.86946 0
955563.013902 1956909.86946 0
955563.013902 1956909.86946 0
955563.005076 1956909.86951 0
955563.013902 1956909.86946 0
955563.005076 1956909.86951 0
955563.005076 1956909.86951 0
955563.013902 1956909.86946 0
955563.013902 1956909.86946 0
955563.013902 1956909.86946 0
955563.013843 1956909.85836 0
955563.013843 1956909.85836 0
955563.005017 1956909.85841 0
955563.005017 1956909.85841 0
955563.013843 1956909.85836 0
955563.005017 1956909.85841 0
955563.013843 1956909.85836 0
955563.013902 1956909.86946 0
955563.013902 1956909.86946 0
955563.005017 1956909.85841 0
955563.005076 1956909.86951 0
955563.005076 1956909.86951 0
955563.005076 1956909.86951 0
955563.005017 1956909.85841 0
955563.005076 1956909.86951 0
955563.005017 1956909.85841 0
955563.005076 1956909.86951 0
955563.005076 1956909.86951 0
955563.005076 1956909.86951 0
955563.005076 1956909.86951 0
955563.005076 1956909.86951 0
955563.013902 1956909.86946 0
955563.005076 1956909.86951 0
955563.005076 1956909.86951 0
955563.013902 1956909.86946 0
955563.013902 1956909.86946 0
955563.005017 1956909.85841 0
955562.996131 1956909.84736 0
955562.987245 1956909.83632 0
955562.960529 1956909.79208 0
955562.933873 1956909.75894 0
955562.89833 1956909.71475 0
955562.862788 1956909.67056 0
955562.836072 1956909.62632 0
955562.80053 1956909.58214 0
955562.773873 1956909.54899 0
955562.755924 1956909.49362 0
955562.729267 1956909.46047 0
955562.70267 1956909.43843 0
955562.675954 1956909.39419 0
955562.658123 1956909.361 0
955562.631407 1956909.31677 0
955562.595805 1956909.26148 0
955562.560204 1956909.2062 0
955562.515716 1956909.13987 0
955562.480055 1956909.07349 0
955562.417797 1956908.98506 0
955562.37325 1956908.90764 0
955562.319818 1956908.81917 0
955562.284038 1956908.7306 0
955562.239491 1956908.65317 0
955562.195004 1956908.58684 0
955562.159283 1956908.50937 0
955562.123622 1956908.44299 0
955562.079134 1956908.37666 0
955562.043473 1956908.31028 0
955562.007812 1956908.2439 0
955561.97221 1956908.18862 0
955561.936609 1956908.13334 0
955561.892121 1956908.06701 0
955561.865405 1956908.02277 0
955561.829863 1956907.97858 0
955561.803087 1956907.92325 0
955561.767545 1956907.87906 0
955561.740769 1956907.82373 0
955561.696342 1956907.76849 0
955561.669625 1956907.72426 0
955561.642909 1956907.68002 0
955561.616193 1956907.63578 0
955561.580651 1956907.5916 0
955561.545109 1956907.54741 0
955561.509448 1956907.48103 0
955561.456134 1956907.41475 0
955561.411587 1956907.33732 0
955561.3671 1956907.27099 0
955561.322553 1956907.19356 0
955561.260295 1956907.10514 0
955561.215808 1956907.03881 0
955561.171201 1956906.95029 0
955561.126714 1956906.88396 0
955561.082167 1956906.80653 0
955561.046566 1956906.75125 0
955561.010904 1956906.68487 0
955560.966417 1956906.61854 0
955560.930816 1956906.56326 0
955560.895214 1956906.50797 0
955560.859612 1956906.45269 0
955560.82401 1956906.3974 0
955560.788349 1956906.33103 0
955560.743862 1956906.2647 0
955560.699375 1956906.19836 0
955560.654828 1956906.12094 0
955560.601455 1956906.04356 0
955560.548023 1956905.95509 0
955560.485764 1956905.86666 0
955560.441277 1956905.80033 0
955560.387845 1956905.71186 0
955560.343357 1956905.64553 0
955560.29887 1956905.5792 0
955560.254442 1956905.52396 0
955560.209955 1956905.45763 0
955560.165527 1956905.4024 0
955560.112154 1956905.32502 0
955560.049896 1956905.23659 0
955559.987578 1956905.13707 0
955559.916494 1956905.04869 0
955559.836405 1956904.92708 0
955559.756435 1956904.82765 0
955559.685291 1956904.72818 0
955559.614087 1956904.61761 0
955559.543003 1956904.52924 0
955559.48963 1956904.45186 0
955559.427371 1956904.36343 0
955559.365172 1956904.2861 0
955559.31174 1956904.19763 0
955559.258427 1956904.13135 0
955559.21388 1956904.05392 0
955559.169393 1956903.98759 0
955559.11602 1956903.91021 0
955559.053761 1956903.82179 0
955559.018041 1956903.74431 0
955558.964787 1956903.68913 0
955558.911414 1956903.61175 0
955558.893524 1956903.56746 0
955558.84021 1956903.50118 0
955558.813494 1956903.45694 0
955558.76024 1956903.40175 0
955558.724579 1956903.33538 0
955558.689037 1956903.29119 0
955558.653435 1956903.2359 0
955558.617833 1956903.18062 0
955558.573524 1956903.14757 0
955558.529037 1956903.08124 0
955558.484609 1956903.02601 0
955558.42241 1956902.94868 0
955558.333733 1956902.87149 0
955558.253763 1956902.77206 0
955558.165027 1956902.68378 0
955558.085116 1956902.59545 0
955557.996439 1956902.51826 0
955557.916528 1956902.42993 0
955557.836737 1956902.36379 0
955557.756945 1956902.29765 0
955557.668387 1956902.24265 0
955557.588596 1956902.1765 0
955557.508864 1956902.12146 0
955557.41142 1956902.05541 0
955557.313976 1956901.98936 0
955557.225478 1956901.94546 0
955557.13686 1956901.87937 0
955557.057247 1956901.84651 0
955556.968689 1956901.79151 0
955556.88019 1956901.7476 0
955556.782925 1956901.71484 0
955556.694427 1956901.67094 0
955556.588335 1956901.63822 0
955556.517548 1956901.60531 0
955556.420224 1956901.56146 0
955556.322959 1956901.52869 0
955556.199215 1956901.49607 0
955556.066586 1956901.45241 0
955555.916365 1956901.41993 0
955555.774969 1956901.3874 0
955555.660112 1956901.36583 0
955555.50989 1956901.33335 0
955555.395092 1956901.32287 0
955555.253875 1956901.32363 0
955555.147903 1956901.3131 0
955555.024279 1956901.30267 0
955554.918366 1956901.30324 0
955554.803627 1956901.30385 0
955554.680122 1956901.31561 0
955554.538905 1956901.31637 0
955554.415459 1956901.33922 0
955554.283187 1956901.36212 0
955554.168449 1956901.36273 0
955554.053888 1956901.39663 0
955553.939209 1956901.40834 0
955553.842241 1956901.43105 0
955553.736507 1956901.4649 0
955553.648425 1956901.49866 0
955553.560284 1956901.52132 0
955553.480968 1956901.54394 0
955553.401772 1956901.58874 0
955553.322456 1956901.61136 0
955553.252026 1956901.64502 0
955553.181537 1956901.66759 0
955553.119874 1956901.69011 0
955553.067096 1956901.72368 0
955553.005432 1956901.7462 0
955552.952655 1956901.77977 0
955552.890991 1956901.80229 0
955552.811795 1956901.84709 0
955552.741424 1956901.89185 0
955552.671054 1956901.9366 0
955552.591858 1956901.98141 0
955552.477476 1956902.04859 0
955552.389572 1956902.11563 0
955552.284136 1956902.20496 0
955552.204939 1956902.24976 0
955552.117095 1956902.3279 0
955552.046725 1956902.37265 0
955551.967707 1956902.45074 0
955551.914989 1956902.49541 0
955551.844678 1956902.55126 0
955551.792019 1956902.60701 0
955551.730534 1956902.66282 0
955551.686702 1956902.71853 0
955551.625217 1956902.77433 0
955551.555025 1956902.85237 0
955551.502426 1956902.91922 0
955551.44106 1956902.99722 0
955551.397227 1956903.05293 0
955551.344628 1956903.11978 0
955551.300795 1956903.17549 0
955551.274674 1956903.2422 0
955551.230842 1956903.29791 0
955551.204602 1956903.34243 0
955551.152062 1956903.42037 0
955551.117055 1956903.47604 0
955551.090934 1956903.54275 0
955551.055927 1956903.59841 0
955551.029687 1956903.64293 0
955551.012333 1956903.6985 0
955550.986093 1956903.74302 0
955550.968619 1956903.7764 0
955550.942439 1956903.83201 0
955550.916258 1956903.88763 0
955550.890196 1956903.96543 0
955550.85519 1956904.02109 0
955550.811655 1956904.13227 0
955550.794241 1956904.17675 0
955550.768179 1956904.25455 0
955550.75971 1956904.32117 0
955550.742296 1956904.36564 0
955550.716175 1956904.43235 0
955550.716413 1956904.47673 0
955550.69894 1956904.51011 0
955550.690292 1956904.54344 0
955550.681704 1956904.58786 0
955550.673116 1956904.63229 0
955550.664528 1956904.67671 0
955550.647233 1956904.74338 0
955550.629998 1956904.82113 0
955550.612762 1956904.89889 0
955550.595646 1956904.99884 0
955550.569703 1956905.09883 0
955550.561532 1956905.22092 0
955550.544415 1956905.32086 0
955550.536244 1956905.44295 0
955550.527894 1956905.53175 0
955550.519544 1956905.62056 0
955550.528846 1956905.70927 0
955550.520437 1956905.78698 0
955550.520913 1956905.87573 0
955550.530275 1956905.97554 0
955550.539636 1956906.07534 0
955550.540232 1956906.18629 0
955550.558479 1956906.29714 0
955550.5679 1956906.40804 0
955550.585969 1956906.4856 0
955550.604216 1956906.59646 0
955550.613399 1956906.66298 0
955550.64918 1956906.75154 0
955550.658422 1956906.82916 0
955550.685377 1956906.91777 0
955550.703386 1956906.98425 0
955550.739226 1956907.08391 0
955550.76618 1956907.17252 0
955550.810846 1956907.27214 0
955550.83786 1956907.37185 0
955550.900356 1956907.50465 0
955550.945022 1956907.60426 0
955550.980683 1956907.67064 0
955551.034235 1956907.7813 0
955551.069837 1956907.83659 0
955551.114502 1956907.9362 0
955551.15893 1956907.99144 0
955551.212363 1956908.07991 0
955551.265736 1956908.15729 0
955551.327994 1956908.24571 0
955551.399198 1956908.35628 0
955551.470223 1956908.43356 0
955551.532541 1956908.53308 0
955551.59468 1956908.59932 0
955551.665646 1956908.66551 0
955551.718959 1956908.73179 0
955551.772213 1956908.78698 0
955551.834352 1956908.85322 0
955551.878721 1956908.89736 0
955551.9408 1956908.9525 0
955551.985169 1956908.99664 0
955552.038423 1956909.05183 0
955552.073965 1956909.09602 0
955552.109448 1956909.12911 0
955552.14499 1956909.1733 0
955552.189299 1956909.20635 0
955552.242612 1956909.27263 0
955552.295925 1956909.33892 0
955552.36695 1956909.4162 0
955552.446921 1956909.51563 0
955552.52695 1956909.62614 0
955552.615865 1956909.74771 0
955552.678064 1956909.82504 0
955552.775805 1956909.94656 0
955552.820352 1956910.02399 0
955552.891556 1956910.13455 0
955552.944929 1956910.21193 0
955552.998361 1956910.30041 0
955553.051734 1956910.37778 0
955553.105107 1956910.45516 0
955553.149654 1956910.53259 0
955553.194141 1956910.59892 0
955553.238628 1956910.66525 0
955553.283116 1956910.73158 0
955553.336488 1956910.80896 0
955553.389802 1956910.87524 0
955553.443115 1956910.94152 0
955553.487543 1956910.99676 0
955553.540856 1956911.06304 0
955553.603055 1956911.14037 0
955553.682966 1956911.2287 0
955553.727394 1956911.28394 0
955553.807245 1956911.36118 0
955553.860558 1956911.42746 0
955553.940349 1956911.4936 0
955554.020319 1956911.59303 0
955554.08234 1956911.63707 0
955554.171076 1956911.72536 0
955554.215445 1956911.7695 0
955554.312948 1956911.84664 0
955554.383854 1956911.90173 0
955554.490183 1956911.97883 0
955554.552322 1956912.04506 0
955554.64094 1956912.11116 0
955554.711846 1956912.16625 0
955554.791578 1956912.2213 0
955554.862483 1956912.27639 0
955554.933389 1956912.33149 0
955555.022007 1956912.39758 0
955555.110565 1956912.45258 0
955555.190297 1956912.50763 0
955555.278855 1956912.56263 0
955555.349701 1956912.60663 0
955555.420488 1956912.63953 0
955555.509046 1956912.69453 0
955555.588719 1956912.73848 0
955555.668332 1956912.77134 0
955555.739118 1956912.80425 0
955555.818731 1956912.8371 0
955555.880692 1956912.87006 0
955555.969131 1956912.90287 0
955556.05757 1956912.93568 0
955556.146009 1956912.96849 0
955556.243215 1956912.99016 0
955556.331654 1956913.02297 0
955556.437685 1956913.04459 0
955556.543776 1956913.0773 0
955556.658693 1956913.10997 0
955556.75578 1956913.10945 0
955556.861871 1956913.14217 0
955556.941305 1956913.14174 0
955557.038451 1956913.15231 0
955557.118005 1956913.17408 0
955557.223917 1956913.17351 0
955557.321063 1956913.18408 0
955557.453513 1956913.19447 0
955557.577078 1956913.1938 0
955557.709469 1956913.19309 0
955557.8418 1956913.18129 0
955557.991783 1956913.16939 0
955558.150592 1956913.15744 0
955558.300457 1956913.12336 0
955558.45038 1956913.10036 0
955558.591478 1956913.07741 0
955558.72369 1956913.04342 0
955558.855902 1956913.00943 0
955558.970463 1956912.97553 0
955559.093789 1956912.93049 0
955559.199523 1956912.89663 0
955559.314024 1956912.85164 0
955559.410872 1956912.80674 0
955559.516606 1956912.77289 0
955559.631047 1956912.7168 0
955559.736662 1956912.66076 0
955559.842218 1956912.59363 0
955559.947773 1956912.52649 0
955560.062155 1956912.45931 0
955560.150058 1956912.39227 0
955560.255554 1956912.31404 0
955560.325865 1956912.25818 0
955560.413769 1956912.19114 0
955560.475253 1956912.13534 0
955560.554331 1956912.06835 0
955560.615816 1956912.01254 0
955560.668474 1956911.95678 0
955560.729959 1956911.90098 0
955560.773732 1956911.83418 0
955560.826451 1956911.78951 0
955560.870343 1956911.7449 0
955560.914235 1956911.70028 0
955560.949301 1956911.65572 0
955560.984367 1956911.61115 0
955561.019493 1956911.57768 0
955561.045733 1956911.53316 0
955561.080799 1956911.48859 0
955561.115866 1956911.44402 0
955561.133339 1956911.41064 0
955561.159639 1956911.37722 0
955561.177172 1956911.35493 0
955561.194645 1956911.32155 0
955561.220945 1956911.28813 0
955561.238419 1956911.25475 0
955561.273544 1956911.22128 0
955561.299785 1956911.17676 0
955561.317318 1956911.15447 0
955561.334791 1956911.12109 0
955561.352324 1956911.09881 0
955561.378624 1956911.06538 0
955561.396097 1956911.03201 0
955561.404805 1956911.00977 0
955561.422278 1956910.97639 0
955561.431104 1956910.97634 0
955561.448518 1956910.93187 0
955561.466051 1956910.90959 0
955561.500999 1956910.84283 0
955561.52712 1956910.77612 0
955561.579659 1956910.69817 0
955561.614547 1956910.62032 0
955561.649435 1956910.54247 0
955561.675615 1956910.48686 0
955561.701677 1956910.40905 0
955561.719032 1956910.35348 0
955561.745212 1956910.29787 0
955561.762567 1956910.2423 0
955561.788688 1956910.17559 0
955561.814809 1956910.10888 0
955561.840811 1956910.01998 0
955561.858106 1956909.95332 0
955561.875342 1956909.87557 0
955561.901463 1956909.80886 0
955561.918758 1956909.74219 0
955561.936053 1956909.67553 0
955561.944582 1956909.62001 0
955561.95311 1956909.56449 0
955561.961639 1956909.50897 0
955561.970167 1956909.45345 0
955561.987522 1956909.39788 0
955561.996051 1956909.34236 0
955562.00452 1956909.27575 0
955562.012929 1956909.19804 0
955562.021398 1956909.13142 0
955562.020922 1956909.04267 0
955562.029332 1956908.96496 0
955562.02003 1956908.87625 0
955562.028439 1956908.79854 0
955562.027963 1956908.70978 0
955562.027428 1956908.60993 0
955562.018126 1956908.52122 0
955562.017709 1956908.44356 0
955562.017233 1956908.3548 0
955562.00799 1956908.27719 0
955561.998748 1956908.19957 0
955561.989565 1956908.13305 0
955561.971615 1956908.07767 0
955561.971318 1956908.0222 0
955561.953368 1956907.96682 0
955561.944245 1956907.9114 0
955561.944007 1956907.86702 0
955561.917231 1956907.81169 0
955561.908048 1956907.74517 0
955561.898924 1956907.68974 0
955561.880915 1956907.62327 0
955561.862906 1956907.5568 0
955561.844897 1956907.49032 0
955561.826888 1956907.42385 0
955561.808938 1956907.36847 0
955561.790989 1956907.3131 0
955561.781925 1956907.26876 0
955561.763975 1956907.21339 0
955561.746144 1956907.1802 0
955561.728314 1956907.14701 0
955561.71925 1956907.10268 0
955561.701419 1956907.06949 0
955561.683529 1956907.0252 0
955561.665698 1956906.99202 0
955561.647808 1956906.94773 0
955561.621033 1956906.8924 0
955561.594257 1956906.83707 0
955561.567422 1956906.77064 0
955561.531701 1956906.69317 0
955561.487154 1956906.61575 0
955561.433722 1956906.52727 0
955561.38029 1956906.4388 0
955561.335683 1956906.35028 0
955561.291196 1956906.28395 0
955561.246709 1956906.21762 0
955561.193395 1956906.15134 0
955561.140082 1956906.08505 0
955561.095595 1956906.01872 0
955561.051167 1956905.96349 0
955560.997854 1956905.8972 0
955560.953426 1956905.84197 0
955560.882401 1956905.76468 0
955560.820262 1956905.69845 0
955560.749237 1956905.62116 0
955560.678271 1956905.55497 0
955560.59842 1956905.47774 0
955560.509743 1956905.40055 0
955560.438778 1956905.33436 0
955560.358927 1956905.25712 0
955560.279195 1956905.20208 0
955560.243653 1956905.15789 0
955560.296906 1956905.21308 0
955560.305851 1956905.23522 0
955560.28808 1956905.21312 0
955560.279135 1956905.19098 0
955560.296906 1956905.21308 0
955560.279195 1956905.20208 0
955560.28808 1956905.21312 0
955560.279195 1956905.20208 0
955560.28808 1956905.21312 0
955560.288021 1956905.20203 0
955560.28808 1956905.21312 0
955560.279195 1956905.20208 0
955560.28808 1956905.21312 0
955560.279195 1956905.20208 0
955560.288021 1956905.20203 0
955560.28808 1956905.21312 0
955560.28808 1956905.21312 0
955560.28808 1956905.21312 0
955560.28808 1956905.21312 0
955560.28808 1956905.21312 0
955560.28808 1956905.21312 0
955560.28808 1956905.21312 0
955560.28808 1956905.21312 0
955560.28808 1956905.21312 0
955560.28808 1956905.21312 0
955560.288021 1956905.20203 0
955560.28808 1956905.21312 0
955560.288021 1956905.20203 0
955560.288021 1956905.20203 0
955560.288021 1956905.20203 0
955560.28808 1956905.21312 0
955560.28808 1956905.21312 0
955560.28808 1956905.21312 0
955560.28808 1956905.21312 0
955560.28808 1956905.21312 0
955560.28808 1956905.21312 0
955560.28808 1956905.21312 0
955560.28808 1956905.21312 0
955560.28808 1956905.21312 0
955560.28808 1956905.21312 0
955560.28808 1956905.21312 0
955560.296906 1956905.21308 0
955560.28808 1956905.21312 0
955560.28808 1956905.21312 0
955560.296906 1956905.21308 0
955560.28808 1956905.21312 0
955560.28808 1956905.21312 0
955560.28808 1956905.21312 0
955560.28808 1956905.21312 0
955560.28808 1956905.21312 0
955560.288021 1956905.20203 0
955560.288021 1956905.20203 0
955560.288021 1956905.20203 0
955560.288021 1956905.20203 0
955560.288021 1956905.20203 0
955560.288021 1956905.20203 0
955560.288021 1956905.20203 0
955560.288021 1956905.20203 0
955560.288021 1956905.20203 0
955560.288021 1956905.20203 0
955560.288021 1956905.20203 0
955560.288021 1956905.20203 0
955560.288021 1956905.20203 0
955560.296847 1956905.20198 0
955560.296847 1956905.20198 0
955560.296847 1956905.20198 0
