955566.017589 1956921.90241 0
955566.017589 1956921.90241 0
955566.017589 1956921.90241 0
955566.017589 1956921.90241 0
955566.017589 1956921.90241 0
955566.008763 1956921.90246 0
955566.017589 1956921.90241 0
955566.017589 1956921.90241 0
955566.008763 1956921.90246 0
955566.017589 1956921.90241 0
955566.017589 1956921.90241 0
955566.017589 1956921.90241 0
955566.017589 1956921.90241 0
955566.017589 1956921.90241 0
955566.017589 1956921.90241 0
955566.017589 1956921.90241 0
955566.017589 1956921.90241 0
955566.017589 1956921.90241 0
955566.017649 1956921.91351 0
955566.017589 1956921.90241 0
955566.017649 1956921.91351 0
955566.017649 1956921.91351 0
955566.017649 1956921.91351 0
955566.017589 1956921.90241 0
955566.017649 1956921.91351 0
955566.017589 1956921.90241 0
955566.017649 1956921.91351 0
955566.017589 1956921.90241 0
955566.017649 1956921.91351 0
955566.017589 1956921.90241 0
955566.017649 1956921.91351 0
955566.017649 1956921.91351 0
955566.017649 1956921.91351 0
955566.017649 1956921.91351 0
955566.017649 1956921.91351 0
955566.017589 1956921.90241 0
955566.017649 1956921.91351 0
955566.017589 1956921.90241 0
955566.017649 1956921.91351 0
955566.017649 1956921.91351 0
955566.017649 1956921.91351 0
955566.017649 1956921.91351 0
955566.017649 1956921.91351 0
955566.017589 1956921.90241 0
955566.008763 1956921.90246 0
955566.008822 1956921.91356 0
955565.999996 1956921.9136 0
955565.982463 1956921.93589 0
955565.956104 1956921.95822 0
955565.920979 1956921.99169 0
955565.877146 1956922.0474 0
955565.833194 1956922.08092 0
955565.780476 1956922.12558 0
955565.736643 1956922.18129 0
955565.683985 1956922.23705 0
955565.631326 1956922.29281 0
955565.569901 1956922.35971 0
955565.526068 1956922.41542 0
955565.473528 1956922.49336 0
955565.429755 1956922.56017 0
955565.377156 1956922.62702 0
955565.324557 1956922.69387 0
955565.280783 1956922.76067 0
955565.23701 1956922.82748 0
955565.193237 1956922.89428 0
955565.149523 1956922.97218 0
955565.096984 1956923.05013 0
955565.035677 1956923.13921 0
955564.992023 1956923.22821 0
955564.930776 1956923.32839 0
955564.878356 1956923.42853 0
955564.843647 1956923.53966 0
955564.791345 1956923.66199 0
955564.765402 1956923.76198 0
955564.721867 1956923.87316 0
955564.687158 1956923.9843 0
955564.652449 1956924.09543 0
955564.626566 1956924.20652 0
955564.600682 1956924.31761 0
955564.574859 1956924.43979 0
955564.549035 1956924.56197 0
955564.523212 1956924.68415 0
955564.51504 1956924.80624 0
955564.498042 1956924.92838 0
955564.481104 1956925.06161 0
955564.481759 1956925.18365 0
955564.464821 1956925.31688 0
955564.474361 1956925.44996 0
955564.457482 1956925.59429 0
955564.467082 1956925.73847 0
955564.467855 1956925.8827 0
955564.450977 1956926.02702 0
955564.45175 1956926.17125 0
955564.452583 1956926.32658 0
955564.435764 1956926.482 0
955564.427771 1956926.63737 0
955564.419778 1956926.79274 0
955564.402959 1956926.94816 0
955564.386199 1956927.11467 0
955564.360614 1956927.28123 0
955564.343854 1956927.44775 0
955564.318268 1956927.61431 0
955564.292742 1956927.79196 0
955564.249564 1956927.96971 0
955564.223979 1956928.13627 0
955564.18086 1956928.32512 0
955564.137682 1956928.50287 0
955564.085737 1956928.69176 0
955564.024728 1956928.83632 0
955563.946246 1956929.01426 0
955563.894063 1956929.15877 0
955563.806577 1956929.30348 0
955563.727856 1956929.43704 0
955563.622658 1956929.57074 0
955563.543878 1956929.69321 0
955563.447566 1956929.83796 0
955563.342367 1956929.97166 0
955563.245995 1956930.10532 0
955563.140916 1956930.26121 0
955563.035598 1956930.37272 0
955562.904041 1956930.52876 0
955562.807669 1956930.66241 0
955562.6584 1956930.80745 0
955562.535609 1956930.95234 0
955562.395166 1956931.09733 0
955562.245838 1956931.23126 0
955562.122987 1956931.36506 0
955561.9473 1956931.52133 0
955561.82433 1956931.63294 0
955561.657409 1956931.77807 0
955561.508022 1956931.90092 0
955561.349808 1956932.02381 0
955561.191594 1956932.1467 0
955561.024554 1956932.26964 0
955560.848747 1956932.40372 0
955560.672822 1956932.51562 0
955560.479244 1956932.6276 0
955560.303259 1956932.7284 0
955560.109682 1956932.84039 0
955559.924812 1956932.93014 0
955559.72223 1956933.00889 0
955559.510881 1956933.09878 0
955559.299414 1956933.16649 0
955559.087886 1956933.22309 0
955558.867414 1956933.25756 0
955558.655709 1956933.28089 0
955558.443884 1956933.28202 0
955558.223234 1956933.28321 0
955558.01129 1956933.26215 0
955557.81688 1956933.21882 0
955557.604758 1956933.16448 0
955557.401461 1956933.1101 0
955557.18928 1956933.04466 0
955556.977098 1956932.97923 0
955556.764798 1956932.89161 0
955556.570209 1956932.81499 0
955556.340196 1956932.71637 0
955556.154374 1956932.62861 0
955555.942073 1956932.54099 0
955555.764957 1956932.43099 0
955555.587782 1956932.3099 0
955555.419314 1956932.16657 0
955555.268558 1956932.03424 0
955555.108856 1956931.87976 0
955554.975573 1956931.71406 0
955554.851176 1956931.55939 0
955554.72654 1956931.36035 0
955554.602083 1956931.1946 0
955554.477447 1956930.99556 0
955554.370523 1956930.80752 0
955554.254714 1956930.60843 0
955554.147849 1956930.43149 0
955554.049632 1956930.22121 0
955553.951475 1956930.02203 0
955553.862024 1956929.80061 0
955553.772752 1956929.61248 0
955553.70978 1956929.39092 0
955553.637981 1956929.1694 0
955553.59278 1956928.96994 0
955553.556226 1956928.73714 0
955553.519732 1956928.51544 0
955553.492004 1956928.28259 0
955553.464336 1956928.06084 0
955553.445374 1956927.81686 0
955553.426591 1956927.60616 0
955553.416456 1956927.36212 0
955553.415206 1956927.12914 0
955553.422842 1956926.9072 0
955553.448011 1956926.66297 0
955553.482065 1956926.4298 0
955553.524886 1956926.18548 0
955553.567766 1956925.95226 0
955553.619592 1956925.74118 0
955553.680005 1956925.48567 0
955553.740597 1956925.26345 0
955553.809956 1956925.03008 0
955553.896966 1956924.79662 0
955553.97521 1956924.5743 0
955554.062221 1956924.34084 0
955554.158057 1956924.10734 0
955554.262899 1956923.90707 0
955554.367621 1956923.68461 0
955554.490114 1956923.48424 0
955554.612607 1956923.28388 0
955554.743986 1956923.09456 0
955554.893077 1956922.91624 0
955555.042167 1956922.73792 0
955555.208909 1956922.55951 0
955555.366885 1956922.39224 0
955555.52498 1956922.24716 0
955555.700608 1956922.07979 0
955555.858644 1956921.92361 0
955556.043277 1956921.78949 0
955556.218964 1956921.63321 0
955556.394771 1956921.49913 0
955556.561751 1956921.3651 0
955556.75521 1956921.23092 0
955556.913484 1956921.11912 0
955557.098116 1956920.98499 0
955557.265216 1956920.87315 0
955557.458794 1956920.76116 0
955557.625953 1956920.66041 0
955557.810764 1956920.55957 0
955557.986809 1956920.46986 0
955558.180446 1956920.36897 0
955558.365376 1956920.29031 0
955558.567899 1956920.20047 0
955558.743944 1956920.11076 0
955558.928814 1956920.02101 0
955559.113626 1956919.92017 0
955559.280725 1956919.80832 0
955559.447884 1956919.70757 0
955559.614984 1956919.59573 0
955559.773258 1956919.48393 0
955559.940417 1956919.38318 0
955560.089924 1956919.28252 0
955560.248257 1956919.18182 0
955560.415416 1956919.08107 0
955560.582635 1956918.99141 0
955560.741028 1956918.9018 0
955560.917072 1956918.8121 0
955561.075525 1956918.73359 0
955561.251629 1956918.65498 0
955561.410021 1956918.56537 0
955561.586185 1956918.49785 0
955561.744756 1956918.44153 0
955561.92098 1956918.38511 0
955562.07967 1956918.35097 0
955562.256072 1956918.32784 0
955562.414821 1956918.3048 0
955562.591283 1956918.29276 0
955562.750211 1956918.303 0
955562.917906 1956918.3021 0
955563.08566 1956918.31229 0
955563.244707 1956918.34473 0
955563.41258 1956918.37711 0
955563.571687 1956918.42064 0
955563.739679 1956918.47521 0
955563.898905 1956918.54093 0
955564.058131 1956918.60664 0
955564.20859 1956918.6835 0
955564.359108 1956918.77145 0
955564.491975 1956918.8595 0
955564.642553 1956918.95854 0
955564.775479 1956919.05769 0
955564.899758 1956919.19016 0
955565.023858 1956919.28935 0
955565.13937 1956919.43296 0
955565.228225 1956919.54343 0
955565.31714 1956919.665 0
955565.397229 1956919.78661 0
955565.468491 1956919.90828 0
955565.530869 1956920.01889 0
955565.58442 1956920.12955 0
955565.629085 1956920.22917 0
955565.673751 1956920.32878 0
955565.700765 1956920.42849 0
955565.736604 1956920.52815 0
955565.763499 1956920.60567 0
955565.790394 1956920.68319 0
955565.808462 1956920.76076 0
955565.826471 1956920.82723 0
955565.835654 1956920.89375 0
955565.844837 1956920.96027 0
955565.845135 1956921.01575 0
955565.854199 1956921.06008 0
955565.863203 1956921.09331 0
955565.863441 1956921.13769 0
955565.872446 1956921.17093 0
955565.863798 1956921.20426 0
955565.872803 1956921.2375 0
955565.872981 1956921.27078 0
955565.873219 1956921.31516 0
955565.873457 1956921.35954 0
955565.873695 1956921.40392 0
955565.88264 1956921.42606 0
955565.873993 1956921.45939 0
955565.882938 1956921.48153 0
955565.883057 1956921.50372 0
955565.883176 1956921.52591 0
955565.883235 1956921.537 0
955565.883295 1956921.5481 0
955565.883354 1956921.55919 0
955565.883354 1956921.55919 0
955565.883354 1956921.55919 0
955565.883354 1956921.55919 0
955565.883295 1956921.5481 0
955565.883295 1956921.5481 0
955565.883295 1956921.5481 0
955565.883295 1956921.5481 0
955565.883295 1956921.5481 0
955565.874469 1956921.54815 0
955565.883295 1956921.5481 0
955565.883295 1956921.5481 0
955565.883295 1956921.5481 0
955565.883295 1956921.5481 0
955565.883295 1956921.5481 0
955565.883295 1956921.5481 0
