955551.618927 1956916.41 0
955551.618927 1956916.41 0
955551.618927 1956916.41 0
955551.618986 1956916.4211 0
955551.627812 1956916.42105 0
955551.627812 1956916.42105 0
955551.627872 1956916.43214 0
955551.627872 1956916.43214 0
955551.627872 1956916.43214 0
955551.627872 1956916.43214 0
955551.627931 1956916.44324 0
955551.627931 1956916.44324 0
955551.627991 1956916.45433 0
955551.627991 1956916.45433 0
955551.627991 1956916.45433 0
955551.627991 1956916.45433 0
955551.627991 1956916.45433 0
955551.62805 1956916.46543 0
955551.62805 1956916.46543 0
955551.62805 1956916.46543 0
955551.62811 1956916.47652 0
955551.62811 1956916.47652 0
955551.62811 1956916.47652 0
955551.62811 1956916.47652 0
955551.636996 1956916.48757 0
955551.654707 1956916.49857 0
955551.672359 1956916.49847 0
955551.707723 1956916.50938 0
955551.734261 1956916.52033 0
955551.77845 1956916.53119 0
955551.8227 1956916.55314 0
955551.884541 1956916.5639 0
955551.937617 1956916.58581 0
955552.01717 1956916.60757 0
955552.087838 1956916.61829 0
955552.185162 1956916.66215 0
955552.291194 1956916.68377 0
955552.397344 1956916.72758 0
955552.503495 1956916.77139 0
955552.627238 1956916.80401 0
955552.733448 1956916.85891 0
955552.848425 1956916.90268 0
955552.954575 1956916.94649 0
955553.069552 1956916.99025 0
955553.166876 1956917.03411 0
955553.26426 1956917.08906 0
955553.361585 1956917.13292 0
955553.450083 1956917.17682 0
955553.556234 1956917.22063 0
955553.644792 1956917.27563 0
955553.759828 1956917.33049 0
955553.866097 1956917.39649 0
955553.98996 1956917.4513 0
955554.131474 1956917.50601 0
955554.255395 1956917.57192 0
955554.414502 1956917.61544 0
955554.556016 1956917.67016 0
955554.715183 1956917.72478 0
955554.856578 1956917.75731 0
955554.998032 1956917.80093 0
955555.15708 1956917.83336 0
955555.280763 1956917.85489 0
955555.43987 1956917.89841 0
955555.563554 1956917.91994 0
955555.704889 1956917.94137 0
955555.837399 1956917.96285 0
955555.969849 1956917.97323 0
955556.128896 1956918.00566 0
955556.234809 1956918.0051 0
955556.393796 1956918.02643 0
955556.508594 1956918.03691 0
955556.640985 1956918.0362 0
955556.764609 1956918.04663 0
955556.888174 1956918.04597 0
955557.011857 1956918.0675 0
955557.11777 1956918.06693 0
955557.25022 1956918.07731 0
955557.347306 1956918.07679 0
955557.479697 1956918.07608 0
955557.576783 1956918.07556 0
955557.691522 1956918.07495 0
955557.797434 1956918.07438 0
955557.903287 1956918.06272 0
955558.00914 1956918.05105 0
955558.106167 1956918.03944 0
955558.21202 1956918.02778 0
955558.317873 1956918.01611 0
955558.414959 1956918.01559 0
955558.512046 1956918.01507 0
955558.617899 1956918.00341 0
955558.714926 1956917.99179 0
955558.812012 1956917.99127 0
955558.900213 1956917.97971 0
955558.988414 1956917.96814 0
955559.085381 1956917.94543 0
955559.182408 1956917.93381 0
955559.279435 1956917.9222 0
955559.358751 1956917.89958 0
955559.464544 1956917.87682 0
955559.561512 1956917.85411 0
955559.658419 1956917.82031 0
955559.764153 1956917.78646 0
955559.869887 1956917.75261 0
955560.00204 1956917.70752 0
955560.107655 1956917.65148 0
955560.266226 1956917.59515 0
955560.39826 1956917.52787 0
955560.556712 1956917.44936 0
955560.706279 1956917.3598 0
955560.855845 1956917.27024 0
955561.022885 1956917.1473 0
955561.172333 1956917.03555 0
955561.339373 1956916.91261 0
955561.479816 1956916.76762 0
955561.629145 1956916.63368 0
955561.760703 1956916.47765 0
955561.89232 1956916.33271 0
955562.023758 1956916.15448 0
955562.119952 1956915.98754 0
955562.251391 1956915.80932 0
955562.347525 1956915.63129 0
955562.44366 1956915.45325 0
955562.521964 1956915.24203 0
955562.59162 1956915.06414 0
955562.669924 1956914.85291 0
955562.712983 1956914.65298 0
955562.756042 1956914.45304 0
955562.798982 1956914.23091 0
955562.806738 1956914.03116 0
955562.823259 1956913.82027 0
955562.831074 1956913.63161 0
955562.821117 1956913.42086 0
955562.81122 1956913.22121 0
955562.783552 1956912.99946 0
955562.747236 1956912.81104 0
955562.710742 1956912.58934 0
955562.639122 1956912.40111 0
955562.585035 1956912.19059 0
955562.513475 1956912.01346 0
955562.424203 1956911.82532 0
955562.334931 1956911.63719 0
955562.245659 1956911.44906 0
955562.138735 1956911.26102 0
955562.040637 1956911.07293 0
955561.951365 1956910.88479 0
955561.870919 1956910.69661 0
955561.772642 1956910.47524 0
955561.683489 1956910.3093 0
955561.611631 1956910.07669 0
955561.531126 1956909.87741 0
955561.441735 1956909.66709 0
955561.343577 1956909.46791 0
955561.227768 1956909.26882 0
955561.138555 1956909.09178 0
955561.01386 1956908.88164 0
955560.898229 1956908.71584 0
955560.791305 1956908.5278 0
955560.666728 1956908.33986 0
955560.559864 1956908.16291 0
955560.443995 1956907.95273 0
955560.345956 1956907.77574 0
955560.230146 1956907.57665 0
955560.140874 1956907.38851 0
955560.051483 1956907.17819 0
955559.962211 1956906.99006 0
955559.881705 1956906.79078 0
955559.8012 1956906.5915 0
955559.720754 1956906.40332 0
955559.640248 1956906.20405 0
955559.551036 1956906.02701 0
955559.461704 1956905.82778 0
955559.354899 1956905.66193 0
955559.248094 1956905.49607 0
955559.141229 1956905.31913 0
955559.016891 1956905.17556 0
955558.901378 1956905.03195 0
955558.768155 1956904.87733 0
955558.670532 1956904.778 0
955558.528482 1956904.62344 0
955558.38673 1956904.52434 0
955558.244799 1956904.39197 0
955558.085335 1956904.28187 0
955557.943642 1956904.19387 0
955557.80183 1956904.08368 0
955557.642485 1956903.99578 0
955557.500911 1956903.92997 0
955557.332681 1956903.83102 0
955557.1824 1956903.78744 0
955557.023114 1956903.71063 0
955556.855181 1956903.66716 0
955556.696074 1956903.62363 0
955556.519255 1956903.5691 0
955556.369093 1956903.54772 0
955556.192453 1956903.52648 0
955556.015813 1956903.50523 0
955555.856825 1956903.4839 0
955555.680185 1956903.46265 0
955555.530142 1956903.46346 0
955555.344855 1956903.47555 0
955555.186045 1956903.4875 0
955555.018469 1956903.51058 0
955554.868545 1956903.53358 0
955554.692084 1956903.54562 0
955554.551105 1956903.59076 0
955554.392474 1956903.63599 0
955554.242669 1956903.68117 0
955554.092864 1956903.72635 0
955553.943119 1956903.78263 0
955553.811025 1956903.83881 0
955553.652454 1956903.89514 0
955553.52042 1956903.96242 0
955553.397272 1956904.04074 0
955553.265238 1956904.10802 0
955553.141971 1956904.16415 0
955553.010056 1956904.25362 0
955552.904382 1956904.29857 0
955552.781293 1956904.38799 0
955552.658145 1956904.46631 0
955552.552649 1956904.54454 0
955552.438327 1956904.62282 0
955552.33289 1956904.71214 0
955552.227394 1956904.79037 0
955552.113191 1956904.89084 0
955552.016521 1956904.96902 0
955551.911144 1956905.06944 0
955551.814534 1956905.15872 0
955551.709097 1956905.24805 0
955551.621313 1956905.33728 0
955551.515936 1956905.4377 0
955551.428151 1956905.52693 0
955551.340427 1956905.62725 0
955551.23499 1956905.71657 0
955551.156032 1956905.80576 0
955551.05954 1956905.91722 0
955550.971756 1956906.00645 0
955550.884031 1956906.10678 0
955550.805073 1956906.19596 0
955550.717348 1956906.29629 0
955550.629623 1956906.39661 0
955550.541839 1956906.48584 0
955550.462999 1956906.59721 0
955550.384041 1956906.6864 0
955550.305142 1956906.78667 0
955550.226243 1956906.88695 0
955550.147285 1956906.97613 0
955550.077153 1956907.06527 0
955549.998313 1956907.17664 0
955549.919355 1956907.26582 0
955549.840397 1956907.35501 0
955549.770324 1956907.45524 0
955549.700192 1956907.54437 0
955549.621233 1956907.63355 0
955549.542394 1956907.74493 0
955549.463436 1956907.83411 0
955549.384537 1956907.93439 0
955549.32329 1956908.03457 0
955549.244392 1956908.13485 0
955549.174319 1956908.23508 0
955549.104246 1956908.33531 0
955549.016462 1956908.42454 0
955548.964101 1956908.53577 0
955548.876376 1956908.63609 0
955548.797418 1956908.72527 0
955548.73623 1956908.83655 0
955548.666098 1956908.92569 0
955548.587199 1956909.02597 0
955548.526012 1956909.13724 0
955548.447113 1956909.23752 0
955548.385867 1956909.3377 0
955548.315794 1956909.43793 0
955548.2722 1956909.53802 0
955548.210953 1956909.6382 0
955548.158532 1956909.73834 0
955548.123823 1956909.84947 0
955548.053632 1956909.92751 0
955548.027689 1956910.02751 0
955547.975268 1956910.12764 0
955547.931674 1956910.22773 0
955547.896846 1956910.31668 0
955547.870963 1956910.42777 0
955547.836194 1956910.52781 0
955547.819138 1956910.63885 0
955547.775483 1956910.72784 0
955547.758486 1956910.84997 0
955547.732425 1956910.92778 0
955547.715427 1956911.04991 0
955547.707137 1956911.14981 0
955547.681254 1956911.2609 0
955547.68179 1956911.36075 0
955547.673499 1956911.46065 0
955547.656383 1956911.5606 0
955547.648033 1956911.6494 0
955547.657454 1956911.7603 0
955547.658049 1956911.87124 0
955547.6497 1956911.96005 0
955547.650235 1956912.0599 0
955547.641826 1956912.13761 0
955547.660014 1956912.23737 0
955547.669375 1956912.33717 0
955547.687563 1956912.43693 0
955547.688099 1956912.53678 0
955547.715053 1956912.62539 0
955547.733241 1956912.72515 0
955547.751429 1956912.82491 0
955547.778443 1956912.92461 0
955547.805456 1956913.02432 0
955547.823585 1956913.11299 0
955547.859365 1956913.20155 0
955547.886379 1956913.30126 0
955547.904447 1956913.37883 0
955547.949054 1956913.46735 0
955547.984834 1956913.55592 0
955548.020555 1956913.63339 0
955548.038505 1956913.68877 0
955548.083171 1956913.78838 0
955548.127717 1956913.86581 0
955548.163557 1956913.96547 0
955548.199338 1956914.05404 0
955548.243885 1956914.13146 0
955548.279605 1956914.20893 0
955548.333038 1956914.29741 0
955548.368759 1956914.37488 0
955548.422131 1956914.45226 0
955548.466678 1956914.52968 0
955548.50234 1956914.59606 0
955548.564539 1956914.67339 0
955548.609085 1956914.75082 0
955548.662399 1956914.8171 0
955548.715831 1956914.90557 0
955548.77803 1956914.9829 0
955548.849115 1956915.07128 0
955548.92014 1956915.14856 0
955548.991224 1956915.23694 0
955549.071135 1956915.32527 0
955549.159931 1956915.42465 0
955549.248548 1956915.49075 0
955549.337285 1956915.57903 0
955549.434907 1956915.67836 0
955549.53241 1956915.7555 0
955549.612261 1956915.83274 0
955549.674341 1956915.88788 0
955549.727535 1956915.93197 0
955549.73648 1956915.95411 0
955549.727595 1956915.94307 0
955549.709883 1956915.93207 0
955549.727595 1956915.94307 0
955549.727654 1956915.95416 0
955549.718828 1956915.95421 0
955549.727714 1956915.96526 0
955549.718888 1956915.9653 0
955549.727714 1956915.96526 0
955549.727773 1956915.97635 0
955549.727773 1956915.97635 0
955549.727833 1956915.98744 0
955549.727833 1956915.98744 0
955549.727892 1956915.99854 0
955549.736718 1956915.99849 0
955549.736778 1956916.00959 0
955549.736778 1956916.00959 0
955549.736837 1956916.02068 0
955549.736837 1956916.02068 0
955549.736897 1956916.03178 0
955549.745723 1956916.03173 0
955549.745783 1956916.04282 0
955549.745783 1956916.04282 0
955549.745842 1956916.05392 0
955549.745842 1956916.05392 0
955549.745902 1956916.06501 0
955549.745902 1956916.06501 0
955549.754728 1956916.06496 0
955549.754728 1956916.06496 0
955549.754787 1956916.07606 0
955549.754787 1956916.07606 0
955549.754787 1956916.07606 0
955549.754847 1956916.08715 0
