955550.321516 1956914.77492 0
955550.604723 1956914.91763 0
955550.905583 1956915.06025 0
955551.233158 1956915.24711 0
955551.569619 1956915.44501 0
955551.888368 1956915.63191 0
955552.224769 1956915.81872 0
955552.578644 1956915.97215 0
955552.914986 1956916.14787 0
955553.242502 1956916.32363 0
955553.596377 1956916.47706 0
955553.932659 1956916.64168 0
955554.312952 1956916.78387 0
955554.710838 1956916.91488 0
955555.135202 1956917.04574 0
955555.426878 1956917.12184 0
955555.868716 1956917.21932 0
955556.31932 1956917.30566 0
955556.743387 1956917.38105 0
955557.176279 1956917.4564 0
955557.59146 1956917.52074 0
955558.015407 1956917.57394 0
955558.439236 1956917.60495 0
955558.845174 1956917.59168 0
955559.25976 1956917.54508 0
955559.674108 1956917.45409 0
955560.097103 1956917.32978 0
955560.378942 1956917.21732 0
955560.660601 1956917.07158 0
955560.924609 1956916.92593 0
955561.179672 1956916.75814 0
955561.531166 1956916.46778 0
955561.759513 1956916.25576 0
955562.06658 1956915.91017 0
955562.241732 1956915.65404 0
955562.407999 1956915.38687 0
955562.56538 1956915.10866 0
955562.70499 1956914.80835 0
955562.818063 1956914.49708 0
955562.913483 1956914.18591 0
955562.97348 1956913.85275 0
955563.015885 1956913.53077 0
955563.031693 1956913.18674 0
955563.021082 1956912.85395 0
955562.983992 1956912.5213 0
955562.929251 1956912.18875 0
955562.848032 1956911.85634 0
955562.731627 1956911.5463 0
955562.606456 1956911.24741 0
955562.454807 1956910.94866 0
955562.285565 1956910.6611 0
955562.107437 1956910.3625 0
955561.947021 1956910.07489 0
955561.795253 1956909.75395 0
955561.643544 1956909.44411 0
955561.509428 1956909.12307 0
955561.392904 1956908.79085 0
955561.267554 1956908.45868 0
955561.15109 1956908.13755 0
955561.043333 1956907.79419 0
955560.935635 1956907.46192 0
955560.836823 1956907.14069 0
955560.702707 1956906.81966 0
955560.551176 1956906.5431 0
955560.39082 1956906.26659 0
955560.221756 1956906.01231 0
955559.937478 1956905.6699 0
955559.635726 1956905.36086 0
955559.342741 1956905.04068 0
955559.041108 1956904.75383 0
955558.730708 1956904.47812 0
955558.411721 1956904.24684 0
955558.101797 1956904.05989 0
955557.730151 1956903.88436 0
955557.332086 1956903.72007 0
955556.899014 1956903.61145 0
955556.448409 1956903.5251 0
955556.148204 1956903.50452 0
955555.830407 1956903.49513 0
955555.503843 1956903.49689 0
955555.186283 1956903.53187 0
955554.877669 1956903.589 0
955554.586826 1956903.66823 0
955554.287156 1956903.7475 0
955553.996313 1956903.82672 0
955553.70547 1956903.90595 0
955553.300185 1956904.04126 0
955552.921617 1956904.22081 0
955552.56082 1956904.42245 0
955552.217854 1956904.65729 0
955551.910192 1956904.89193 0
955551.593882 1956905.1599 0
955551.286518 1956905.45002 0
955550.996806 1956905.74004 0
955550.698505 1956906.07449 0
955550.417857 1956906.40884 0
955550.13715 1956906.7321 0
955549.85662 1956907.08864 0
955549.576032 1956907.43409 0
955549.391994 1956907.67916 0
955549.164481 1956908.04652 0
955548.972213 1956908.40259 0
955548.815367 1956908.78065 0
955548.685 1956909.15858 0
955548.580992 1956909.51417 0
955548.512407 1956909.89177 0
955548.487893 1956910.25803 0
955548.481032 1956910.6242 0
955548.483055 1956911.00142 0
955548.4849 1956911.34535 0
955548.513343 1956911.71133 0
955548.550551 1956912.06616 0
955548.587701 1956912.40991 0
955548.633617 1956912.74251 0
955548.697065 1956913.05283 0
955548.787052 1956913.37409 0
955548.894571 1956913.67308 0
955549.019624 1956913.94978 0
955549.046340263 1956913.9940180595 0
955549.0582107279 1956914.0008958094 0
955549.0700811929 1956914.0077735593 0
955549.0819516578 1956914.0146513092 0
955549.0938221227 1956914.0215290594 0
955549.1056925877 1956914.0284068093 0
955549.1175630526 1956914.0352845592 0
955549.1294335175 1956914.0421623092 0
955549.1413039825 1956914.049040059 0
955549.1531744474 1956914.055917809 0
955549.1650449123 1956914.0627955592 0
955549.1769153773 1956914.069673309 0
955549.1887858422 1956914.076551059 0
955549.200656307 1956914.083428809 0
955549.212526772 1956914.0903065589 0
955549.224397237 1956914.0971843088 0
955549.2362677018 1956914.104062059 0
955549.2481381667 1956914.110939809 0
955549.2600086317 1956914.1178175588 0
955549.2718790966 1956914.1246953087 0
955549.2837495615 1956914.1315730587 0
955549.2956200265 1956914.1384508086 0
955549.3074904914 1956914.1453285587 0
955549.3193609563 1956914.1522063087 0
955549.3312314213 1956914.1590840586 0
955549.3431018862 1956914.1659618085 0
955549.3549723511 1956914.1728395585 0
955549.3668428161 1956914.1797173084 0
955549.378713281 1956914.1865950585 0
955549.3905837459 1956914.1934728085 0
955549.4024542109 1956914.2003505584 0
955549.4143246758 1956914.2072283083 0
955549.4261951407 1956914.2141060582 0
955549.4380656057 1956914.2209838082 0
955549.4499360706 1956914.227861558 0
955549.4618065355 1956914.2347393082 0
955549.4736770005 1956914.2416170582 0
955549.4855474654 1956914.248494808 0
955549.4974179303 1956914.255372558 0
955549.5092883953 1956914.262250308 0
955549.5211588602 1956914.2691280579 0
955549.5330293251 1956914.276005808 0
955549.5448997901 1956914.282883558 0
955549.556770255 1956914.2897613079 0
955549.5686407199 1956914.2966390578 0
955549.5805111849 1956914.3035168077 0
955549.5923816498 1956914.3103945577 0
955549.6042521147 1956914.3172723078 0
955549.6161225797 1956914.3241500577 0
955549.6279930446 1956914.3310278077 0
955549.6398635095 1956914.3379055576 0
955549.6517339743 1956914.3447833075 0
955549.6636044394 1956914.3516610574 0
955549.6754749042 1956914.3585388076 0
955549.6873453691 1956914.3654165575 0
955549.6992158341 1956914.3722943075 0
955549.711086299 1956914.3791720574 0
955549.7229567639 1956914.3860498073 0
955549.7348272289 1956914.3929275572 0
955549.7466976938 1956914.3998053074 0
955549.7585681587 1956914.4066830573 0
955549.7704386237 1956914.4135608072 0
955549.7823090886 1956914.4204385572 0
955549.7941795535 1956914.427316307 0
955549.8060500185 1956914.434194057 0
955549.8179204834 1956914.4410718072 0
955549.8297909483 1956914.447949557 0
955549.8416614133 1956914.454827307 0
955549.8535318782 1956914.461705057 0
955549.8654023431 1956914.4685828069 0
955549.8772728081 1956914.4754605568 0
955549.889143273 1956914.4823383067 0
955549.9010137379 1956914.489216057 0
955549.9128842029 1956914.4960938068 0
955549.9247546678 1956914.5029715567 0
955549.9366251327 1956914.5098493067 0
955549.9484955977 1956914.5167270566 0
955549.9603660626 1956914.5236048065 0
955549.9722365275 1956914.5304825567 0
955549.9841069925 1956914.5373603066 0
955549.9959774574 1956914.5442380565 0
955550.0078479223 1956914.5511158064 0
955550.0197183873 1956914.5579935564 0
955550.0315888522 1956914.5648713063 0
955550.0434593171 1956914.5717490565 0
955550.055329782 1956914.5786268064 0
955550.067200247 1956914.5855045563 0
955550.0790707119 1956914.5923823062 0
955550.0909411767 1956914.5992600562 0
955550.1028116418 1956914.606137806 0
955550.1146821067 1956914.6130155562 0
955550.1265525715 1956914.6198933062 0
955550.1384230366 1956914.626771056 0
955550.1502935014 1956914.633648806 0
955550.1621639663 1956914.640526556 0
955550.1740344313 1956914.6474043059 0
955550.1859048962 1956914.654282056 0
955550.1977753611 1956914.661159806 0
955550.2096458261 1956914.6680375559 0
955550.221516291 1956914.6749153058 0
