955542.612246 1956910.75554 0
955542.612246 1956910.75554 0
955542.612305 1956910.76664 0
955542.612305 1956910.76664 0
955542.612246 1956910.75554 0
955542.612246 1956910.75554 0
955542.612305 1956910.76664 0
955542.612246 1956910.75554 0
955542.612246 1956910.75554 0
955542.612246 1956910.75554 0
955542.612246 1956910.75554 0
955542.612246 1956910.75554 0
955542.612246 1956910.75554 0
955542.612246 1956910.75554 0
955542.612305 1956910.76664 0
955542.603479 1956910.76668 0
955542.603479 1956910.76668 0
955542.603479 1956910.76668 0
955542.621191 1956910.77768 0
955542.656733 1956910.82187 0
955542.692216 1956910.85497 0
955542.736763 1956910.93239 0
955542.790136 1956911.00977 0
955542.852335 1956911.0871 0
955542.914593 1956911.17553 0
955542.994623 1956911.28604 0
955543.074653 1956911.39656 0
955543.163568 1956911.51813 0
955543.252543 1956911.65079 0
955543.350522 1956911.81669 0
955543.466154 1956911.98249 0
955543.564133 1956912.14839 0
955543.670879 1956912.30315 0
955543.786392 1956912.44676 0
955543.875426 1956912.59052 0
955543.982112 1956912.73418 0
955544.062261 1956912.86689 0
955544.151355 1956913.02174 0
955544.231503 1956913.15445 0
955544.320716 1956913.33149 0
955544.409691 1956913.46415 0
955544.50767 1956913.63005 0
955544.588117 1956913.81823 0
955544.686096 1956913.98413 0
955544.775428 1956914.18335 0
955544.8647 1956914.37149 0
955544.98051 1956914.57058 0
955545.078668 1956914.76976 0
955545.212249 1956914.99094 0
955545.354537 1956915.18988 0
955545.514537 1956915.39983 0
955545.683303 1956915.59863 0
955545.860955 1956915.80848 0
955546.038309 1956915.96286 0
955546.233494 1956916.15042 0
955546.4285 1956916.30471 0
955546.632214 1956916.43675 0
955546.82722 1956916.59104 0
955547.0134 1956916.74537 0
955547.225999 1956916.88846 0
955547.447304 1956917.00932 0
955547.66861 1956917.13017 0
955547.916215 1956917.2176 0
955548.172766 1956917.32718 0
955548.420371 1956917.41461 0
955548.720754 1956917.46847 0
955548.994718 1956917.53357 0
955549.277449 1956917.58753 0
955549.551414 1956917.65263 0
955549.825378 1956917.71773 0
955550.072864 1956917.78297 0
955550.347007 1956917.88135 0
955550.568313 1956918.00221 0
955550.798504 1956918.13411 0
955551.011103 1956918.27721 0
955551.197283 1956918.43154 0
955551.383641 1956918.61915 0
955551.534517 1956918.77367 0
955551.685631 1956918.97257 0
955551.819093 1956919.17156 0
955551.934962 1956919.38174 0
955552.042125 1956919.61416 0
955552.131635 1956919.84667 0
955552.203552 1956920.09037 0
955552.266763 1956920.35631 0
955552.303496 1956920.62239 0
955552.313809 1956920.89971 0
955552.306471 1956921.17712 0
955552.272655 1956921.45467 0
955552.221306 1956921.75451 0
955552.169956 1956922.05435 0
955552.100955 1956922.35428 0
955552.058491 1956922.66517 0
955552.016027 1956922.97605 0
955552.000101 1956923.29789 0
955552.001887 1956923.63073 0
955552.030091 1956923.95233 0
955552.084951 1956924.30707 0
955552.139634 1956924.62853 0
955552.265043 1956924.9718 0
955552.372622 1956925.28188 0
955552.533216 1956925.60277 0
955552.720229 1956925.91242 0
955552.907242 1956926.22208 0
955553.120912 1956926.56487 0
955553.281328 1956926.85248 0
955553.441684 1956927.12899 0
955553.521952 1956927.28389 0
955553.602457 1956927.48317 0
955553.664775 1956927.58269 0
955553.67378 1956927.61592 0
955553.682665 1956927.62697 0
955553.65583 1956927.56055 0
955553.664716 1956927.57159 0
955553.673601 1956927.58264 0
955553.664656 1956927.5605 0
955553.673601 1956927.58264 0
955553.664716 1956927.57159 0
955553.673542 1956927.57155 0
955553.673542 1956927.57155 0
955553.673542 1956927.57155 0
955553.673542 1956927.57155 0
955553.673542 1956927.57155 0
955553.673542 1956927.57155 0
955553.673542 1956927.57155 0
955553.664716 1956927.57159 0
955553.673542 1956927.57155 0
955553.664716 1956927.57159 0
955553.664716 1956927.57159 0
955553.664716 1956927.57159 0
955553.664716 1956927.57159 0
955553.673542 1956927.57155 0
955553.664716 1956927.57159 0
955553.664716 1956927.57159 0
955553.664716 1956927.57159 0
955553.664716 1956927.57159 0
955553.664716 1956927.57159 0
955553.664716 1956927.57159 0
955553.664716 1956927.57159 0
955553.664716 1956927.57159 0
955553.664716 1956927.57159 0
955553.664716 1956927.57159 0
955553.664716 1956927.57159 0
955553.664716 1956927.57159 0
955553.664716 1956927.57159 0
955553.664716 1956927.57159 0
955553.673542 1956927.57155 0
955553.664716 1956927.57159 0
955553.673542 1956927.57155 0
955553.664716 1956927.57159 0
955553.664716 1956927.57159 0
955553.664716 1956927.57159 0
955553.664716 1956927.57159 0
955553.664716 1956927.57159 0
955553.664716 1956927.57159 0
955553.664716 1956927.57159 0
955553.673542 1956927.57155 0
955553.673542 1956927.57155 0
955553.664716 1956927.57159 0
955553.673542 1956927.57155 0
955553.673542 1956927.57155 0
955553.673542 1956927.57155 0
955553.673542 1956927.57155 0
955553.673542 1956927.57155 0
955553.673542 1956927.57155 0
955553.673542 1956927.57155 0
955553.673542 1956927.57155 0
955553.673542 1956927.57155 0
955553.673542 1956927.57155 0
955553.673542 1956927.57155 0
