955541.819687 1956911.09264 0
955541.828513 1956911.09259 0
955541.828513 1956911.09259 0
955541.819687 1956911.09264 0
955541.819687 1956911.09264 0
955541.828513 1956911.09259 0
955541.828513 1956911.09259 0
955541.828513 1956911.09259 0
955541.828513 1956911.09259 0
955541.828513 1956911.09259 0
955541.828513 1956911.09259 0
955541.828513 1956911.09259 0
955541.828513 1956911.09259 0
955541.828513 1956911.09259 0
955541.828513 1956911.09259 0
955541.819687 1956911.09264 0
955541.828513 1956911.09259 0
955541.846344 1956911.12578 0
955541.881886 1956911.16997 0
955541.926314 1956911.22521 0
955541.979687 1956911.30259 0
955542.041946 1956911.39101 0
955542.104264 1956911.49053 0
955542.148692 1956911.54577 0
955542.21095 1956911.63419 0
955542.246612 1956911.70057 0
955542.299985 1956911.77795 0
955542.344532 1956911.85537 0
955542.389019 1956911.9217 0
955542.433566 1956911.99913 0
955542.486879 1956912.06541 0
955542.549138 1956912.15384 0
955542.620282 1956912.25331 0
955542.709138 1956912.36378 0
955542.797993 1956912.47425 0
955542.904561 1956912.59573 0
955543.011128 1956912.7172 0
955543.153059 1956912.84958 0
955543.268512 1956912.9821 0
955543.374841 1956913.05919 0
955543.525539 1956913.18042 0
955543.631809 1956913.24642 0
955543.755968 1956913.35671 0
955543.89784 1956913.47799 0
955544.030826 1956913.58823 0
955544.172697 1956913.70951 0
955544.279146 1956913.80879 0
955544.412251 1956913.94122 0
955544.518818 1956914.06269 0
955544.63439 1956914.2174 0
955544.732191 1956914.35001 0
955544.865593 1956914.53791 0
955544.954687 1956914.69276 0
955545.044019 1956914.89199 0
955545.124525 1956915.09126 0
955545.196026 1956915.2573 0
955545.285417 1956915.46763 0
955545.34839 1956915.68919 0
955545.428955 1956915.89956 0
955545.500814 1956916.13217 0
955545.572553 1956916.34258 0
955545.662004 1956916.564 0
955545.76034 1956916.79647 0
955545.858617 1956917.01784 0
955545.992317 1956917.26121 0
955546.117013 1956917.47134 0
955546.285898 1956917.69233 0
955546.445838 1956917.89119 0
955546.605659 1956918.06785 0
955546.792077 1956918.26655 0
955546.995969 1956918.43188 0
955547.208687 1956918.59717 0
955547.438997 1956918.75126 0
955547.651596 1956918.89435 0
955547.881787 1956919.02626 0
955548.129452 1956919.12478 0
955548.368291 1956919.22335 0
955548.615896 1956919.31079 0
955548.872625 1956919.45364 0
955549.09393 1956919.5745 0
955549.359307 1956919.68402 0
955549.563079 1956919.82716 0
955549.784385 1956919.94802 0
955549.988158 1956920.09116 0
955550.192049 1956920.25649 0
955550.369522 1956920.43306 0
955550.555762 1956920.59848 0
955550.724409 1956920.7751 0
955550.875404 1956920.9518 0
955551.008806 1956921.1397 0
955551.133382 1956921.32765 0
955551.240306 1956921.51569 0
955551.356116 1956921.71477 0
955551.454274 1956921.91396 0
955551.543665 1956922.12428 0
955551.641882 1956922.33456 0
955551.740218 1956922.56702 0
955551.838555 1956922.79949 0
955551.910472 1956923.04319 0
955551.999923 1956923.26461 0
955552.062895 1956923.48617 0
955552.125927 1956923.71882 0
955552.197607 1956923.91815 0
955552.251813 1956924.15085 0
955552.323492 1956924.35017 0
955552.403998 1956924.54945 0
955552.484385 1956924.72654 0
955552.556064 1956924.92586 0
955552.636391 1956925.09185 0
955552.716778 1956925.26894 0
955552.805812 1956925.41269 0
955552.894965 1956925.57864 0
955552.992765 1956925.71125 0
955553.117222 1956925.87701 0
955553.232794 1956926.03172 0
955553.366077 1956926.19743 0
955553.516893 1956926.34085 0
955553.658943 1956926.49542 0
955553.836356 1956926.66089 0
955553.960456 1956926.76008 0
955554.146576 1956926.90331 0
955554.297155 1956927.00236 0
955554.465444 1956927.11241 0
955554.651327 1956927.21126 0
955554.828323 1956927.29907 0
955555.014205 1956927.39793 0
955555.208735 1956927.46346 0
955555.394439 1956927.52903 0
955555.615447 1956927.59441 0
955555.827569 1956927.64875 0
955556.06605 1956927.68076 0
955556.313298 1956927.70162 0
955556.569431 1956927.73353 0
955556.834331 1956927.7543 0
955557.134535 1956927.77488 0
955557.399495 1956927.80674 0
955557.682166 1956927.84961 0
955557.964956 1956927.91466 0
955558.186082 1956928.00223 0
955558.451518 1956928.12285 0
955558.663819 1956928.21047 0
955558.902895 1956928.35342 0
955559.106727 1956928.50766 0
955559.275195 1956928.65099 0
955559.461493 1956928.82751 0
955559.612428 1956928.99312 0
955559.772428 1956929.20307 0
955559.906068 1956929.43534 0
955560.030763 1956929.64548 0
955560.120332 1956929.88909 0
955560.209842 1956930.1216 0
955560.2817 1956930.35421 0
955560.336084 1956930.62019 0
955560.355104 1956930.87527 0
955560.356592 1956931.15264 0
955560.349135 1956931.40786 0
955560.315259 1956931.67432 0
955560.246138 1956931.95206 0
955560.159246 1956932.20771 0
955560.054703 1956932.46346 0
955559.932447 1956932.7082 0
955559.783655 1956932.94199 0
955559.634802 1956933.16469 0
955559.459413 1956933.37643 0
955559.2486 1956933.56617 0
955559.037668 1956933.73373 0
955558.81785 1956933.89024 0
955558.571495 1956934.03579 0
955558.316195 1956934.15921 0
955558.05189 1956934.24938 0
955557.77876 1956934.33961 0
955557.514217 1956934.3854 0
955557.223137 1956934.42025 0
955556.958356 1956934.42167 0
955556.666979 1956934.40104 0
955556.384308 1956934.35818 0
955556.136763 1956934.28184 0
955555.86268 1956934.19456 0
955555.623842 1956934.09598 0
955555.358228 1956933.94208 0
955555.154515 1956933.81003 0
955554.941738 1956933.63366 0
955554.720136 1956933.45733 0
955554.533837 1956933.28081 0
955554.329767 1956933.08219 0
955554.152235 1956932.89453 0
955553.974703 1956932.70687 0
955553.850186 1956932.53002 0
955553.796992 1956932.48593 0
955553.734793 1956932.4086 0
955553.743619 1956932.40855 0
955553.752684 1956932.45288 0
955553.76145 1956932.44174 0
955553.770395 1956932.46388 0
955553.779221 1956932.46383 0
955553.779221 1956932.46383 0
955553.779221 1956932.46383 0
955553.779221 1956932.46383 0
955553.779221 1956932.46383 0
955553.779221 1956932.46383 0
955553.779221 1956932.46383 0
955553.779221 1956932.46383 0
955553.779221 1956932.46383 0
955553.779221 1956932.46383 0
955553.779221 1956932.46383 0
955553.779221 1956932.46383 0
955553.779221 1956932.46383 0
955553.779221 1956932.46383 0
955553.779221 1956932.46383 0
955553.779221 1956932.46383 0
955553.779221 1956932.46383 0
955553.779221 1956932.46383 0
955553.779221 1956932.46383 0
955553.779221 1956932.46383 0
955553.779221 1956932.46383 0
955553.779221 1956932.46383 0
955553.779221 1956932.46383 0
955553.779221 1956932.46383 0
955553.779221 1956932.46383 0
955553.779221 1956932.46383 0
955553.779221 1956932.46383 0
955553.779221 1956932.46383 0
955553.779221 1956932.46383 0
955553.779221 1956932.46383 0
955553.779221 1956932.46383 0
955553.779221 1956932.46383 0
955553.779221 1956932.46383 0
955553.779221 1956932.46383 0
955553.779221 1956932.46383 0
955553.779221 1956932.46383 0
955553.779221 1956932.46383 0
955553.779221 1956932.46383 0
955553.779221 1956932.46383 0
955553.779221 1956932.46383 0
955553.779221 1956932.46383 0
955553.779221 1956932.46383 0
955553.779221 1956932.46383 0
955553.779221 1956932.46383 0
955553.788107 1956932.47488 0
955553.779221 1956932.46383 0
955553.779221 1956932.46383 0
955553.779221 1956932.46383 0
955553.779221 1956932.46383 0
955553.788047 1956932.46378 0
955553.779221 1956932.46383 0
955553.779221 1956932.46383 0
955553.779221 1956932.46383 0
955553.779221 1956932.46383 0
955553.779221 1956932.46383 0
955553.779221 1956932.46383 0
955553.779221 1956932.46383 0
955553.779221 1956932.46383 0
955553.779221 1956932.46383 0
955553.779221 1956932.46383 0
955553.779221 1956932.46383 0
955553.779221 1956932.46383 0
955553.779221 1956932.46383 0
955553.779221 1956932.46383 0
955553.779221 1956932.46383 0
