955554.554497 1956904.22315 0
955554.299493 1956904.40203 0
955554.018131 1956904.60325 0
955553.745535 1956904.79333 0
955553.429047 1956905.02802 0
955553.138858 1956905.22928 0
955552.795892 1956905.46411 0
955552.479523 1956905.72099 0
955552.172099 1956906.00002 0
955551.890975 1956906.24561 0
955551.636388 1956906.50216 0
955551.390627 1956906.75866 0
955551.144867 1956907.01516 0
955550.890578 1956907.32718 0
955550.645472 1956907.70572 0
955550.47032 1956907.96185 0
955550.260637 1956908.36239 0
955550.086318 1956908.77383 0
955549.973841 1956909.19604 0
955549.931318 1956909.49584 0
955549.924159 1956909.80653 0
955549.934711 1956910.12823 0
955549.962855 1956910.43873 0
955550.008652 1956910.74914 0
955550.054389 1956911.04846 0
955550.100126 1956911.34778 0
955550.145983 1956911.66928 0
955550.227262 1956912.01279 0
955550.33502 1956912.35615 0
955550.487027 1956912.72147 0
955550.682925 1956913.04217 0
955550.905184 1956913.34054 0
955551.145153 1956913.64991 0
955551.384944 1956913.926 0
955551.615731 1956914.16885 0
955551.855462 1956914.43384 0
955552.086011 1956914.63231 0
955552.458073 1956914.8855 0
955552.75923 1956915.08359 0
955553.024785 1956915.2264 0
955553.352241 1956915.39107 0
955553.626563 1956915.52273 0
955553.909591 1956915.63217 0
955554.227924 1956915.74141 0
955554.572616 1956915.82832 0
955554.926252 1956915.93737 0
955555.279711 1956916.01314 0
955555.659468 1956916.05548 0
955556.056759 1956916.07554 0
955556.427453 1956916.07355 0
955556.780435 1956916.06056 0
955557.115706 1956916.03657 0
955557.450917 1956916.00149 0
955557.759471 1956915.93327 0
955558.10333 1956915.86485 0
955558.438243 1956915.7743 0
955558.728848 1956915.6507 0
955559.010567 1956915.51605 0
955559.30982 1956915.35911 0
955559.591301 1956915.18008 0
955559.872604 1956914.96777 0
955560.12731 1956914.73341 0
955560.37313 1956914.48801 0
955560.592293 1956914.20946 0
955560.820164 1956913.90867 0
955561.030442 1956913.61908 0
955561.232013 1956913.35172 0
955561.433524 1956913.07327 0
955561.635095 1956912.80591 0
955561.836666 1956912.53855 0
955562.038118 1956912.249 0
955562.257163 1956911.94826 0
955562.458496 1956911.63653 0
955562.686426 1956911.34684 0
955562.896704 1956911.05724 0
955563.115749 1956910.75651 0
955563.317141 1956910.45586 0
955563.536245 1956910.16622 0
955563.746226 1956909.82115 0
955563.947262 1956909.45394 0
955564.121998 1956909.12016 0
955564.270077 1956908.75323 0
955564.374086 1956908.39764 0
955564.451676 1956908.05328 0
955564.502728 1956907.69797 0
955564.544895 1956907.33161 0
955564.542753 1956906.93221 0
955564.487595 1956906.52199 0
955564.388248 1956906.10092 0
955564.253775 1956905.71332 0
955564.084116 1956905.34809 0
955563.896865 1956904.99406 0
955563.692021 1956904.65122 0
955563.451873 1956904.30856 0
955563.203078 1956903.99924 0
955562.927983 1956903.72334 0
955562.653007 1956903.46964 0
955562.334019 1956903.23835 0
955561.997439 1956903.01826 0
955561.643445 1956902.84264 0
955561.298395 1956902.68916 0
955560.935813 1956902.55797 0
955560.564464 1956902.43792 0
955560.175582 1956902.34015 0
955559.804471 1956902.26447 0
955559.415827 1956902.21108 0
955559.027362 1956902.19098 0
955558.639015 1956902.19306 0
955558.286092 1956902.21714 0
955557.942174 1956902.27446 0
955557.589488 1956902.34292 0
955557.228215 1956902.45581 0
955556.86712 1956902.60198 0
955556.514971 1956902.77029 0
955556.189418 1956902.96065 0
955555.916703 1956903.12854 0
955555.6792329657 1956903.2851415914 0
955555.5431511758 1956903.3782532327 0
955555.407069386 1956903.471364874 0
955555.2709875961 1956903.5644765154 0
955555.1349058063 1956903.6575881566 0
955554.9988240163 1956903.7506997979 0
955554.8627422265 1956903.8438114391 0
955554.7266604366 1956903.9369230806 0
955554.5905786467 1956904.0300347218 0
955554.4544968569 1956904.123146363 0
