955552.271864 1956906.49875 2
955552.271864 1956906.49875 2
955552.271864 1956906.49875 2
955552.271864 1956906.49875 2
955552.271804 1956906.48766 2
955552.271864 1956906.49875 2
955552.271804 1956906.48766 2
955552.271804 1956906.48766 2
955552.271804 1956906.48766 2
955552.271864 1956906.49875 2
955552.271804 1956906.48766 2
955552.271804 1956906.48766 2
955552.262978 1956906.4877 2
955552.271804 1956906.48766 2
955552.271804 1956906.48766 2
955552.263038 1956906.4988 2
955552.254271 1956906.50994 2
955552.236738 1956906.53222 2
955552.201672 1956906.57679 2
955552.15778 1956906.62141 2
955552.105121 1956906.67716 2
955552.034929 1956906.7552 2
955551.955971 1956906.84439 2
955551.859301 1956906.92257 2
955551.771576 1956907.02289 2
955551.666199 1956907.12331 2
955551.560763 1956907.21264 2
955551.473038 1956907.31296 2
955551.36772 1956907.42448 2
955551.27111 1956907.51376 2
955551.183504 1956907.63627 2
955551.078246 1956907.75888 2
955550.981814 1956907.88144 2
955550.885442 1956908.01509 2
955550.806721 1956908.14866 2
955550.710468 1956908.3045 2
955550.631867 1956908.46025 2
955550.553266 1956908.616 2
955550.474784 1956908.79394 2
955550.413894 1956908.96069 2
955550.353064 1956909.13854 2
955550.292293 1956909.32748 2
955550.249175 1956909.51632 2
955550.206116 1956909.71626 2
955550.180709 1956909.9161 2
955550.155302 1956910.11595 2
955550.129955 1956910.32689 2
955550.131086 1956910.53768 2
955550.12345 1956910.75962 2
955550.151 1956910.95918 2
955550.169902 1956911.19208 2
955550.206218 1956911.38049 2
955550.233767 1956911.58005 2
955550.287735 1956911.76838 2
955550.35047 1956911.94556 2
955550.404438 1956912.13388 2
955550.458346 1956912.31111 2
955550.503369 1956912.47729 2
955550.611305 1956912.85394 2
955550.665392 1956913.06446 2
955550.710594 1956913.26392 2
955550.755915 1956913.48558 2
955550.818828 1956913.69604 2
955550.864148 1956913.9177 2
955550.935947 1956914.13921 2
955551.016453 1956914.33849 2
955551.097077 1956914.55995 2
955551.204061 1956914.75909 2
955551.310926 1956914.93603 2
955551.498296 1956915.31225 2
955551.649351 1956915.50006 2
955551.773927 1956915.688 2
955551.871787 1956915.83171 2
955551.97895 1956916.06413 2
955552.068162 1956916.24117 2
955552.193215 1956916.51787 2
955552.300317 1956916.73919 2
955552.407301 1956916.93833 2
955552.523111 1956917.13741 2
955552.665339 1956917.32526 2
955552.798682 1956917.50207 2
955552.940911 1956917.68992 2
955553.091846 1956917.85553 2
955553.251548 1956918.01 2
955553.402483 1956918.17562 2
955553.553419 1956918.34123 2
955553.695528 1956918.50689 2
955553.837697 1956918.68365 2
955553.97098 1956918.84936 2
955554.104263 1956919.01507 2
955554.246432 1956919.19182 2
955554.362063 1956919.35763 2
955554.48652 1956919.52338 2
955554.58444 1956919.67818 2
955554.673593 1956919.84413 2
955554.780517 1956920.03217 2
955554.887322 1956920.19802 2
955554.994306 1956920.39715 2
955555.10123 1956920.58519 2
955555.225687 1956920.75095 2
955555.323726 1956920.92794 2
955555.43059 1956921.10489 2
955555.563874 1956921.2706 2
955555.68839 1956921.44745 2
955555.821674 1956921.61316 2
955555.954897 1956921.76777 2
955556.096947 1956921.92234 2
955556.230171 1956922.07695 2
955556.363394 1956922.23156 2
955556.496737 1956922.40837 2
955556.621075 1956922.55193 2
955556.745532 1956922.71769 2
955556.861104 1956922.8724 2
955557.003153 1956923.02697 2
955557.136436 1956923.19267 2
955557.26966 1956923.34729 2
955557.41171 1956923.50186 2
955557.536167 1956923.66761 2
955557.669331 1956923.81113 2
955557.776017 1956923.95479 2
955557.900474 1956924.12055 2
955558.00716 1956924.26421 2
955558.113905 1956924.41897 2
955558.211706 1956924.55158 2
955558.31857 1956924.72853 2
955558.407545 1956924.86119 2
955558.514409 1956925.03813 2
955558.61221 1956925.17075 2
955558.701422 1956925.34779 2
955558.790575 1956925.51373 2
955558.888554 1956925.67963 2
955558.986473 1956925.83443 2
955559.102164 1956926.01133 2
955559.191257 1956926.16618 2
955559.3246 1956926.34299 2
955559.440231 1956926.50879 2
955559.555802 1956926.6635 2
955559.671374 1956926.81821 2
955559.795831 1956926.98396 2
955559.89375 1956927.13877 2
955560.018267 1956927.31562 2
955560.125072 1956927.48147 2
955560.231936 1956927.65841 2
955560.329915 1956927.82431 2
955560.427953 1956928.0013 2
955560.525992 1956928.1783 2
955560.62397 1956928.34419 2
955560.730894 1956928.53223 2
955560.846644 1956928.72023 2
955560.962335 1956928.89712 2
955561.078025 1956929.07402 2
955561.211368 1956929.25083 2
955561.344651 1956929.41653 2
955561.469167 1956929.59338 2
955561.593743 1956929.78133 2
955561.709255 1956929.92494 2
955561.83389 1956930.12398 2
955561.949462 1956930.27869 2
955562.082685 1956930.43331 2
955562.189609 1956930.62135 2
955562.456234 1956930.96386 2
955562.615876 1956931.10724 2
955562.792932 1956931.20614 2
955562.934565 1956931.28305 2
955563.06761 1956931.40438 2
955563.227073 1956931.51447 2
955563.368766 1956931.60247 2
955563.545881 1956931.71247 2
955563.696281 1956931.77823 2
955563.855566 1956931.85504 2
955564.050333 1956931.96495 2
955564.209559 1956932.03066 2
955564.368665 1956932.07419 2
955564.536597 1956932.11767 2
955564.686878 1956932.16124 2
955564.845925 1956932.19367 2
955564.978434 1956932.21515 2
955565.146307 1956932.24754 2
955565.287583 1956932.25787 2
955565.428859 1956932.26821 2
955565.587846 1956932.28955 2
955565.729063 1956932.28879 2
955565.905643 1956932.29894 2
955566.055685 1956932.29813 2
955566.205609 1956932.27514 2
955566.355591 1956932.26324 2
955566.505515 1956932.24025 2
955566.664264 1956932.21721 2
955566.805243 1956932.17207 2
955566.972818 1956932.14898 2
955567.113797 1956932.10385 2
955567.263542 1956932.04757 2
955567.413286 1956931.99129 2
955567.554146 1956931.92397 2
955567.703831 1956931.85659 2
955567.844691 1956931.78927 2
955567.985491 1956931.71085 2
955568.117465 1956931.63248 2
955568.258265 1956931.55406 2
955568.372467 1956931.45359 2
955568.504382 1956931.36413 2
955568.627411 1956931.26361 2
955568.75044 1956931.1631 2
955568.864583 1956931.05154 2
955568.978727 1956930.93998 2
955569.09287 1956930.82841 2
955569.189302 1956930.70585 2
955569.29456 1956930.58325 2
955569.382166 1956930.46073 2
955569.469652 1956930.31603 2
955569.566084 1956930.19347 2
955569.644745 1956930.04881 2
955569.71458 1956929.9042 2
955569.784355 1956929.7485 2
955569.85425 1956929.61499 2
955569.915258 1956929.47043 2
955569.976208 1956929.31477 2
955570.010738 1956929.17035 2
955570.062862 1956929.01474 2
955570.106159 1956928.85918 2
955570.14069 1956928.71476 2
955570.166394 1956928.57039 2
955570.200866 1956928.41488 2
955570.208918 1956928.2706 2
955570.225737 1956928.11518 2
955570.23385 1956927.982 2
955570.233136 1956927.84887 2
955570.241307 1956927.72678 2
955570.240475 1956927.57145 2
955570.230994 1956927.44946 2
955570.221335 1956927.29418 2
955570.194203 1956927.17229 2
955570.166832 1956927.00601 2
955570.1397 1956926.88411 2
955570.112448 1956926.74002 2
955570.07643 1956926.60708 2
955570.031646 1956926.48527 2
955570.004394 1956926.34119 2
955569.95961 1956926.21938 2
955569.923592 1956926.08644 2
955569.878748 1956925.95354 2
955569.833904 1956925.82064 2
955569.806712 1956925.68765 2
955569.770694 1956925.5547 2
955569.743442 1956925.41061 2
955569.707424 1956925.27767 2
955569.671347 1956925.13363 2
955569.635388 1956925.01178 2
955569.581658 1956924.86783 2
955569.5457 1956924.74598 2
955569.500915 1956924.62418 2
955569.447305 1956924.50242 2
955569.393694 1956924.38066 2
955569.340024 1956924.24781 2
955569.277647 1956924.1372 2
955569.232803 1956924.0043 2
955569.179252 1956923.89364 2
955569.125582 1956923.76079 2
955569.080856 1956923.65008 2
955569.027246 1956923.52832 2
955568.973635 1956923.40656 2
955568.911199 1956923.28486 2
955568.857588 1956923.1631 2
955568.786325 1956923.04144 2
955568.723889 1956922.91973 2
955568.652685 1956922.80916 2
955568.590189 1956922.67636 2
955568.518927 1956922.5547 2
955568.430012 1956922.43313 2
955568.349923 1956922.31151 2
955568.252182 1956922.18999 2
955568.163327 1956922.07952 2
955568.065586 1956921.958 2
955567.976731 1956921.84753 2
955567.879109 1956921.7482 2
955567.790254 1956921.63773 2
955567.692513 1956921.51621 2
955567.603658 1956921.40573 2
955567.505857 1956921.27312 2
955567.416943 1956921.15155 2
955567.319142 1956921.01894 2
955567.221401 1956920.89742 2
955567.114834 1956920.77595 2
955567.017094 1956920.65443 2
955566.919353 1956920.53291 2
955566.812786 1956920.41143 2
955566.706219 1956920.28996 2
955566.599593 1956920.15739 2
955566.493026 1956920.03592 2
955566.377573 1956919.9034 2
955566.26218 1956919.78198 2
955566.155554 1956919.64941 2
955566.031275 1956919.51694 2
955565.915942 1956919.40661 2
955565.791663 1956919.27413 2
955565.676271 1956919.15271 2
955565.560818 1956919.02019 2
955565.445425 1956918.89876 2
955565.321206 1956918.77739 2
955565.196928 1956918.64491 2
955565.081594 1956918.53458 2
955564.94849 1956918.40216 2
955564.824271 1956918.28078 2
955564.699992 1956918.14831 2
955564.575832 1956918.03803 2
955564.469266 1956917.91655 2
955564.33622 1956917.79522 2
955564.220887 1956917.68489 2
955564.096668 1956917.56351 2
955563.981334 1956917.45318 2
955563.874767 1956917.33171 2
955563.750489 1956917.19924 2
955563.652807 1956917.08881 2
955563.528469 1956916.94525 2
955563.430847 1956916.84592 2
955563.306509 1956916.70235 2
955563.208828 1956916.59192 2
955563.084549 1956916.45945 2
955562.986868 1956916.34903 2
955562.871415 1956916.21651 2
955562.764908 1956916.10613 2
955562.667167 1956915.98461 2
955562.560481 1956915.84095 2
955562.462799 1956915.73052 2
955562.356113 1956915.58686 2
955562.258313 1956915.45425 2
955562.151686 1956915.32168 2
955561.956145 1956915.06755 2
955561.840633 1956914.92393 2
955561.751658 1956914.79127 2
955561.645032 1956914.6587 2
955561.556057 1956914.52604 2
955561.440545 1956914.38243 2
955561.351571 1956914.24977 2
955561.253711 1956914.10606 2
955561.15591 1956913.97344 2
955561.066876 1956913.82969 2
955560.977842 1956913.68593 2
955560.871156 1956913.54227 2
955560.782182 1956913.40961 2
955560.684322 1956913.2659 2
955560.595288 1956913.12214 2
955560.497428 1956912.97843 2
955560.408394 1956912.83468 2
955560.310593 1956912.70206 2
955560.212733 1956912.55835 2
955560.114873 1956912.41464 2
955560.034665 1956912.27084 2
955559.927979 1956912.12718 2
955559.839005 1956911.99452 2
955559.741085 1956911.83971 2
955559.65211 1956911.70705 2
955559.554191 1956911.55225 2
955559.465216 1956911.41959 2
955559.367356 1956911.27588 2
955559.278322 1956911.13212 2
955559.180462 1956910.98841 2
955559.073717 1956910.83366 2
955558.984742 1956910.701 2
955558.886822 1956910.54619 2
955558.780196 1956910.41363 2
955558.699988 1956910.26982 2
955558.602128 1956910.12611 2
955558.52192 1956909.98231 2
955558.441771 1956909.8496 2
955558.352797 1956909.71694 2
955558.2903 1956909.58414 2
955558.219037 1956909.46247 2
955558.138948 1956909.34086 2
955558.085278 1956909.20801 2
955558.022841 1956909.0863 2
955557.96929 1956908.97564 2
955557.915738 1956908.86498 2
955557.862187 1956908.75431 2
955557.817521 1956908.6547 2
955557.772855 1956908.55509 2
955557.728189 1956908.45547 2
955557.692409 1956908.3669 2
955557.647803 1956908.27838 2
955557.611963 1956908.17872 2
955557.585068 1956908.1012 2
955557.549288 1956908.01263 2
955557.513567 1956907.93516 2
955557.486673 1956907.85764 2
955557.459778 1956907.78012 2
955557.432943 1956907.7137 2
955557.414934 1956907.64722 2
955557.388098 1956907.5808 2
955557.370149 1956907.52542 2
955557.352199 1956907.47004 2
955557.33425 1956907.41466 2
955557.325126 1956907.35924 2
955557.307236 1956907.31495 2
955557.298231 1956907.28172 2
955557.289167 1956907.23739 2
955557.280222 1956907.21524 2
955557.271158 1956907.17091 2
955557.262213 1956907.14877 2
955557.253268 1956907.12663 2
955557.253149 1956907.10444 2
955557.244204 1956907.0823 2
955557.244085 1956907.06011 2
955557.235199 1956907.04906 2
955557.23514 1956907.03797 2
955557.226254 1956907.02692 2
955557.226254 1956907.02692 2
955557.226254 1956907.02692 2
955557.226195 1956907.01583 2
955557.23508 1956907.02687 2
955557.23508 1956907.02687 2
955557.23508 1956907.02687 2
955557.23508 1956907.02687 2
955557.23508 1956907.02687 2
955557.23508 1956907.02687 2
955557.23508 1956907.02687 2
955557.23508 1956907.02687 2
955557.23508 1956907.02687 2
955557.23508 1956907.02687 2
955557.23508 1956907.02687 2
955557.23508 1956907.02687 2
955557.23508 1956907.02687 2
955557.23508 1956907.02687 2
955557.23508 1956907.02687 2
955557.23508 1956907.02687 2
955557.23508 1956907.02687 2
955557.23508 1956907.02687 2
955557.23508 1956907.02687 2
955557.23508 1956907.02687 2
955557.226254 1956907.02692 2
955557.23508 1956907.02687 2
955557.226254 1956907.02692 2
955557.23508 1956907.02687 2
955557.23508 1956907.02687 2
955557.23508 1956907.02687 2
955557.23508 1956907.02687 2
955557.23508 1956907.02687 2
955557.226254 1956907.02692 2
955557.226254 1956907.02692 2
955557.226254 1956907.02692 2
955557.23508 1956907.02687 2
955557.23508 1956907.02687 2
955557.226254 1956907.02692 2
955557.226254 1956907.02692 2
955557.23508 1956907.02687 2
955557.226254 1956907.02692 2
955557.226254 1956907.02692 2
955557.226254 1956907.02692 2
955557.226254 1956907.02692 2
955557.226254 1956907.02692 2
955557.226254 1956907.02692 2
955557.226254 1956907.02692 2
955557.226254 1956907.02692 2
955557.226254 1956907.02692 2
955557.226254 1956907.02692 2
955557.23508 1956907.02687 2
955557.226254 1956907.02692 2
955557.226254 1956907.02692 2
955557.226254 1956907.02692 2
955557.23508 1956907.02687 2
955557.226254 1956907.02692 2
955557.226254 1956907.02692 2
955557.23508 1956907.02687 2