955546.951473 1956913.42832 0
955546.951473 1956913.42832 0
955546.951532 1956913.43942 0
955546.951532 1956913.43942 0
955546.951532 1956913.43942 0
955546.951532 1956913.43942 0
955546.951532 1956913.43942 0
955546.951532 1956913.43942 0
955546.942706 1956913.43946 0
955546.951592 1956913.45051 0
955546.951532 1956913.43942 0
955546.951532 1956913.43942 0
955546.951532 1956913.43942 0
955546.951532 1956913.43942 0
955546.951592 1956913.45051 0
955546.951592 1956913.45051 0
955546.951592 1956913.45051 0
955546.960537 1956913.47265 0
955546.960596 1956913.48375 0
955546.960715 1956913.50594 0
955546.978487 1956913.52803 0
955546.987551 1956913.57236 0
955547.005441 1956913.61665 0
955547.02345 1956913.68312 0
955547.041519 1956913.76069 0
955547.059588 1956913.83825 0
955547.086601 1956913.93796 0
955547.131327 1956914.04867 0
955547.1584 1956914.15948 0
955547.185533 1956914.28137 0
955547.221551 1956914.41432 0
955547.275222 1956914.54717 0
955547.311359 1956914.7023 0
955547.347378 1956914.83525 0
955547.401227 1956915.00138 0
955547.446131 1956915.14538 0
955547.499921 1956915.30042 0
955547.544944 1956915.4666 0
955547.589967 1956915.63278 0
955547.599209 1956915.7104 0
955547.608571 1956915.8102 0
955547.671425 1956916.00957 0
955547.725274 1956916.17571 0
955547.779123 1956916.34184 0
955547.833031 1956916.51907 0
955547.895825 1956916.70735 0
955547.949794 1956916.89567 0
955548.021295 1956917.06171 0
955548.084089 1956917.24999 0
955548.155769 1956917.44931 0
955548.209796 1956917.64873 0
955548.27259 1956917.83701 0
955548.335325 1956918.01419 0
955548.406945 1956918.20242 0
955548.460794 1956918.36855 0
955548.514703 1956918.54578 0
955548.586382 1956918.7451 0
955548.631465 1956918.92238 0
955548.694259 1956919.11066 0
955548.774824 1956919.32103 0
955548.828673 1956919.48716 0
955548.882701 1956919.68658 0
955548.927664 1956919.84167 0
955548.990458 1956920.02994 0
955549.044367 1956920.20717 0
955549.098335 1956920.3955 0
955549.143417 1956920.57277 0
955549.197445 1956920.77219 0
955549.260179 1956920.94937 0
955549.314147 1956921.1377 0
955549.368234 1956921.34821 0
955549.422202 1956921.53654 0
955549.475992 1956921.69158 0
955549.538786 1956921.87985 0
955549.601521 1956922.05703 0
955549.664434 1956922.2675 0
955549.736113 1956922.46682 0
955549.807614 1956922.63286 0
955549.879353 1956922.84328 0
955549.968626 1956923.03142 0
955550.03142 1956923.21969 0
955550.111866 1956923.40787 0
955550.183248 1956923.55172 0
955550.255106 1956923.78433 0
955550.335552 1956923.97251 0
955550.415998 1956924.1607 0
955550.496444 1956924.34888 0
955550.594542 1956924.53696 0
955550.674929 1956924.71405 0
955550.755494 1956924.92442 0
955550.853533 1956925.10142 0
955550.951571 1956925.27841 0
955551.058436 1956925.45535 0
955551.156355 1956925.61016 0
955551.272165 1956925.80924 0
955551.378732 1956925.93072 0
955551.503249 1956926.10757 0
955551.627587 1956926.25113 0
955551.74298 1956926.37256 0
955551.876204 1956926.52717 0
955552.026841 1956926.63731 0
955552.168772 1956926.76969 0
955552.328176 1956926.86869 0
955552.461162 1956926.97892 0
955552.629452 1956927.08897 0
955552.762199 1956927.15483 0
955552.939315 1956927.26483 0
955553.089714 1956927.33059 0
955553.257885 1956927.41845 0
955553.426056 1956927.5063 0
955553.602993 1956927.58302 0
955553.762338 1956927.67092 0
955553.930449 1956927.74769 0
955554.089734 1956927.8245 0
955554.240252 1956927.91245 0
955554.417249 1956928.00026 0
955554.58542 1956928.08812 0
955554.744764 1956928.17602 0
955554.912935 1956928.26388 0
955555.07228 1956928.35178 0
955555.231624 1956928.43969 0
955555.399795 1956928.52754 0
955555.567906 1956928.60431 0
955555.744724 1956928.65883 0
955555.930428 1956928.7244 0
955556.107305 1956928.79003 0
955556.284004 1956928.82236 0
955556.469589 1956928.86575 0
955556.655114 1956928.89804 0
955556.84058 1956928.91923 0
955557.034871 1956928.94038 0
955557.211392 1956928.93943 0
955557.414391 1956928.93834 0
955557.590792 1956928.91521 0
955557.784905 1956928.90307 0
955558.005437 1956928.8797 0
955558.172953 1956928.84552 0
955558.402192 1956928.79991 0
955558.578534 1956928.76568 0
955558.77229 1956928.68697 0
955558.948513 1956928.63055 0
955559.159921 1956928.55175 0
955559.309487 1956928.46219 0
955559.520776 1956928.36121 0
955559.670402 1956928.28274 0
955559.855094 1956928.1597 0
955560.004601 1956928.05905 0
955560.162815 1956927.93616 0
955560.321089 1956927.82436 0
955560.479303 1956927.70147 0
955560.637457 1956927.56748 0
955560.769193 1956927.44473 0
955560.927348 1956927.31074 0
955561.050198 1956927.17694 0
955561.208293 1956927.03186 0
955561.31361 1956926.92035 0
955561.480412 1956926.75303 0
955561.603382 1956926.64142 0
955561.73488 1956926.47429 0
955561.85773 1956926.34049 0
955561.989347 1956926.19555 0
955562.138557 1956926.03943 0
955562.226043 1956925.89472 0
955562.384019 1956925.72745 0
955562.489158 1956925.58265 0
955562.611771 1956925.40448 0
955562.734562 1956925.25959 0
955562.848407 1956925.09255 0
955562.980024 1956924.94761 0
955563.084985 1956924.76953 0
955563.19889 1956924.61359 0
955563.321562 1956924.44651 0
955563.426582 1956924.27952 0
955563.540369 1956924.1014 0
955563.654155 1956923.92327 0
955563.767941 1956923.74514 0
955563.864135 1956923.5782 0
955563.986807 1956923.41112 0
955564.091827 1956923.24413 0
955564.196728 1956923.05495 0
955564.301689 1956922.87687 0
955564.388937 1956922.68779 0
955564.46742 1956922.50985 0
955564.563435 1956922.30963 0
955564.650863 1956922.15383 0
955564.729226 1956921.9537 0
955564.807589 1956921.75357 0
955564.886072 1956921.57564 0
955564.946783 1956921.3756 0
955565.034091 1956921.19761 0
955565.085977 1956920.99763 0
955565.164459 1956920.81969 0
955565.234056 1956920.6307 0
955565.294886 1956920.45286 0
955565.373368 1956920.27492 0
955565.425313 1956920.08603 0
955565.486084 1956919.89709 0
955565.529262 1956919.71934 0
955565.572262 1956919.5083 0
955565.624385 1956919.3527 0
955565.640966 1956919.1529 0
955565.675319 1956918.9752 0
955565.691959 1956918.78649 0
955565.708659 1956918.60889 0
955565.725419 1956918.44237 0
955565.733115 1956918.23153 0
955565.723396 1956918.06516 0
955565.731211 1956917.8765 0
955565.721433 1956917.69903 0
955565.720421 1956917.51043 0
955565.719529 1956917.34401 0
955565.709751 1956917.16654 0
955565.691206 1956917.00022 0
955565.681428 1956916.82275 0
955565.654117 1956916.66757 0
955565.635513 1956916.49015 0
955565.599317 1956916.32392 0
955565.571946 1956916.15765 0
955565.544516 1956915.98027 0
955565.508438 1956915.83623 0
955565.472182 1956915.65891 0
955565.42716 1956915.49273 0
955565.391082 1956915.34869 0
955565.354885 1956915.18246 0
955565.318748 1956915.02732 0
955565.273785 1956914.87224 0
955565.228822 1956914.71715 0
955565.175152 1956914.5843 0
955565.121303 1956914.41816 0
955565.067573 1956914.27422 0
955565.004958 1956914.11922 0
955564.933517 1956913.96428 0
955564.870961 1956913.82038 0
955564.790753 1956913.67658 0
955564.728197 1956913.53268 0
955564.648049 1956913.39997 0
955564.576726 1956913.26721 0
955564.496578 1956913.1345 0
955564.407604 1956913.00184 0
955564.327574 1956912.89132 0
955564.229714 1956912.74761 0
955564.132033 1956912.63719 0
955564.034173 1956912.49348 0
955563.936551 1956912.39415 0
955563.821098 1956912.26163 0
955563.71465 1956912.16235 0
955563.608202 1956912.06306 0
955563.483983 1956911.94168 0
955563.377594 1956911.8535 0
955563.244609 1956911.74326 0
955563.120509 1956911.64407 0
955563.005294 1956911.55593 0
955562.863482 1956911.44574 0
955562.739561 1956911.37984 0
955562.597868 1956911.29184 0
955562.465061 1956911.21489 0
955562.332313 1956911.14903 0
955562.181794 1956911.06108 0
955562.049046 1956910.99522 0
955561.898647 1956910.92946 0
955561.765899 1956910.8636 0
955561.61544 1956910.78674 0
955561.473866 1956910.72093 0
955561.332233 1956910.64403 0
955561.190599 1956910.56712 0
955561.049026 1956910.50131 0
955560.889621 1956910.40231 0
955560.765699 1956910.33641 0
955560.624066 1956910.2595 0
955560.500085 1956910.1825 0
955560.358452 1956910.1056 0
955560.216759 1956910.0176 0
955560.092778 1956909.9406 0
955559.951085 1956909.8526 0
955559.818278 1956909.77565 0
955559.694237 1956909.68755 0
955559.570256 1956909.61056 0
955559.446156 1956909.51137 0
955559.331 1956909.43432 0
955559.198193 1956909.35737 0
955559.083038 1956909.28032 0
955558.950171 1956909.19228 0
955558.82619 1956909.11528 0
955558.702149 1956909.02718 0
955558.578227 1956908.96128 0
955558.44548 1956908.89542 0
955558.330384 1956908.82947 0
955558.188751 1956908.75256 0
955558.073715 1956908.69771 0
955557.949793 1956908.6318 0
955557.825931 1956908.57699 0
955557.702009 1956908.51109 0
955557.578147 1956908.45628 0
955557.46317 1956908.41251 0
955557.339308 1956908.3577 0
955557.224331 1956908.31394 0
955557.091702 1956908.27027 0
955556.967899 1956908.22656 0
955556.835211 1956908.17179 0
955556.702523 1956908.11703 0
955556.569835 1956908.06227 0
955556.446032 1956908.01855 0
955556.322289 1956907.98593 0
955556.18966 1956907.94226 0
955556.057091 1956907.90969 0
955555.933288 1956907.86597 0
955555.791833 1956907.82235 0
955555.650378 1956907.77873 0
955555.508923 1956907.73511 0
955555.376354 1956907.70254 0
955555.235018 1956907.68111 0
955555.084737 1956907.63753 0
955554.943342 1956907.60501 0
955554.793061 1956907.56143 0
955554.64284 1956907.52895 0
955554.492618 1956907.49647 0
955554.351223 1956907.46395 0
955554.192116 1956907.42042 0
955554.042014 1956907.41013 0
955553.909444 1956907.37756 0
955553.732745 1956907.34522 0
955553.60912 1956907.33479 0
955553.450133 1956907.31345 0
955553.30003 1956907.30316 0
955553.149868 1956907.28178 0
955552.999766 1956907.27149 0
955552.867316 1956907.2611 0
955552.717213 1956907.25082 0
955552.575996 1956907.25157 0
955552.443606 1956907.25228 0
955552.311215 1956907.25299 0
955552.169998 1956907.25375 0
955552.046493 1956907.26551 0
955551.905336 1956907.27736 0
955551.773064 1956907.30026 0
955551.649559 1956907.31202 0
955551.517346 1956907.34601 0
955551.393901 1956907.36886 0
955551.270515 1956907.40281 0
955551.138302 1956907.4368 0
955551.032449 1956907.44847 0
955550.900297 1956907.49355 0
955550.77691 1956907.5275 0
955550.671236 1956907.57245 0
955550.54785 1956907.60639 0
955550.433468 1956907.67358 0
955550.310142 1956907.71862 0
955550.186934 1956907.78585 0
955550.081259 1956907.8308 0
955549.958052 1956907.89803 0
955549.852496 1956907.96516 0
955549.746881 1956908.0212 0
955549.650152 1956908.08829 0
955549.544537 1956908.14433 0
955549.447867 1956908.22251 0
955549.359904 1956908.27846 0
955549.254349 1956908.3456 0
955549.1575 1956908.3905 0
955549.078482 1956908.46858 0
955548.990638 1956908.54672 0
955548.911561 1956908.61371 0
955548.814891 1956908.6919 0
955548.735873 1956908.76998 0
955548.648089 1956908.85921 0
955548.560305 1956908.94844 0
955548.490172 1956909.03758 0
955548.402388 1956909.12681 0
955548.332256 1956909.21595 0
955548.253476 1956909.33841 0
955548.183403 1956909.43864 0
955548.104564 1956909.55001 0
955548.043437 1956909.67239 0
955547.982249 1956909.78366 0
955547.921062 1956909.89494 0
955547.877587 1956910.01722 0
955547.825226 1956910.12845 0
955547.790457 1956910.22849 0
955547.746982 1956910.35077 0
955547.712273 1956910.4619 0
955547.668738 1956910.57308 0
955547.642736 1956910.66198 0
955547.616793 1956910.76198 0
955547.599617 1956910.85083 0
955547.573615 1956910.93973 0
955547.565265 1956911.02853 0
955547.539144 1956911.09524 0
955547.539621 1956911.184 0
955547.522266 1956911.23956 0
955547.522683 1956911.31723 0
955547.505328 1956911.37279 0
955547.505685 1956911.43936 0
955547.488331 1956911.49493 0
955547.479683 1956911.52826 0
955547.479981 1956911.58373 0
955547.471334 1956911.61706 0
955547.471512 1956911.65035 0
955547.462805 1956911.67258 0
955547.462984 1956911.70587 0
955547.463103 1956911.72806 0
955547.463162 1956911.73915 0
955547.463222 1956911.75025 0
955547.454396 1956911.75029 0
955547.454396 1956911.75029 0
955547.463222 1956911.75025 0
955547.463162 1956911.73915 0
955547.454336 1956911.7392 0
955547.454277 1956911.7281 0
955547.454277 1956911.7281 0
955547.463103 1956911.72806 0
955547.454217 1956911.71701 0
955547.454277 1956911.7281 0
955547.454217 1956911.71701 0
955547.454277 1956911.7281 0
955547.454277 1956911.7281 0
955547.445451 1956911.72815 0
955547.445451 1956911.72815 0
955547.445391 1956911.71706 0
955547.445451 1956911.72815 0
955547.445391 1956911.71706 0
955547.445451 1956911.72815 0
955547.445451 1956911.72815 0
955547.44551 1956911.73925 0
955547.454396 1956911.75029 0
955547.44557 1956911.75034 0
955547.454396 1956911.75029 0
955547.454396 1956911.75029 0
955547.454455 1956911.76139 0
955547.454455 1956911.76139 0
955547.454455 1956911.76139 0
