955548.186115 1956918.17032 0
955548.186115 1956918.17032 0
955548.186115 1956918.17032 0
955548.186056 1956918.15922 0
955548.186056 1956918.15922 0
955548.186056 1956918.15922 0
955548.186056 1956918.15922 0
955548.186056 1956918.15922 0
955548.17723 1956918.15927 0
955548.186056 1956918.15922 0
955548.17723 1956918.15927 0
955548.186056 1956918.15922 0
955548.186056 1956918.15922 0
955548.186056 1956918.15922 0
955548.186056 1956918.15922 0
955548.186056 1956918.15922 0
955548.17723 1956918.15927 0
955548.186056 1956918.15922 0
955548.186056 1956918.15922 0
955548.186056 1956918.15922 0
955548.186056 1956918.15922 0
955548.186056 1956918.15922 0
955548.186115 1956918.17032 0
955548.186056 1956918.15922 0
955548.186115 1956918.17032 0
955548.186115 1956918.17032 0
955548.186056 1956918.15922 0
955548.17723 1956918.15927 0
955548.17723 1956918.15927 0
955548.17723 1956918.15927 0
955548.186056 1956918.15922 0
955548.186115 1956918.17032 0
955548.186115 1956918.17032 0
955548.186115 1956918.17032 0
955548.186115 1956918.17032 0
955548.17723 1956918.15927 0
955548.17723 1956918.15927 0
955548.177289 1956918.17036 0
955548.17723 1956918.15927 0
955548.177289 1956918.17036 0
955548.17723 1956918.15927 0
955548.194941 1956918.17027 0
955548.203827 1956918.18132 0
955548.230424 1956918.20336 0
955548.265907 1956918.23646 0
955548.319161 1956918.29165 0
955548.372415 1956918.34684 0
955548.44338 1956918.41302 0
955548.496634 1956918.46821 0
955548.558773 1956918.53445 0
955548.611968 1956918.57854 0
955548.665281 1956918.64483 0
955548.700823 1956918.68902 0
955548.762903 1956918.74416 0
955548.80739 1956918.81049 0
955548.851818 1956918.86572 0
955548.914077 1956918.95415 0
955548.976335 1956919.04257 0
955549.065131 1956919.14195 0
955549.14528 1956919.27466 0
955549.234195 1956919.39623 0
955549.332055 1956919.53994 0
955549.438741 1956919.6836 0
955549.545487 1956919.83835 0
955549.652113 1956919.97092 0
955549.749795 1956920.08135 0
955549.856422 1956920.21391 0
955549.96287 1956920.3132 0
955550.087148 1956920.44567 0
955550.211427 1956920.57814 0
955550.326642 1956920.66628 0
955550.450861 1956920.78766 0
955550.574902 1956920.87575 0
955550.716654 1956920.97485 0
955550.858466 1956921.08503 0
955551.026696 1956921.18399 0
955551.194926 1956921.28294 0
955551.398401 1956921.37061 0
955551.59305 1956921.45832 0
955551.805351 1956921.54594 0
955551.982169 1956921.60047 0
955552.203237 1956921.67695 0
955552.388822 1956921.72033 0
955552.583173 1956921.75257 0
955552.768698 1956921.78486 0
955552.96299 1956921.80601 0
955553.157222 1956921.81606 0
955553.351455 1956921.82611 0
955553.580813 1956921.80269 0
955553.792578 1956921.79046 0
955554.004343 1956921.77823 0
955554.216109 1956921.766 0
955554.410222 1956921.75387 0
955554.630813 1956921.74159 0
955554.851405 1956921.72931 0
955555.098534 1956921.72798 0
955555.310359 1956921.72685 0
955555.531069 1956921.73676 0
955555.769431 1956921.74657 0
955555.946071 1956921.76782 0
955556.228564 1956921.7774 0
955556.396318 1956921.78759 0
955556.625795 1956921.78636 0
955556.855272 1956921.78513 0
955557.128819 1956921.77257 0
955557.322873 1956921.74934 0
955557.596361 1956921.72568 0
955557.808008 1956921.69126 0
955558.037187 1956921.63456 0
955558.292904 1956921.58881 0
955558.504431 1956921.5322 0
955558.73367 1956921.48659 0
955558.945376 1956921.46326 0
955559.165848 1956921.4288 0
955559.359902 1956921.40556 0
955559.562901 1956921.40448 0
955559.748188 1956921.39239 0
955559.951366 1956921.42458 0
955560.11906 1956921.42368 0
955560.304526 1956921.44488 0
955560.472399 1956921.47726 0
955560.622561 1956921.49865 0
955560.781668 1956921.54217 0
955560.931829 1956921.56356 0
955561.082169 1956921.61823 0
955561.232509 1956921.67289 0
955561.400502 1956921.72747 0
955561.550961 1956921.80432 0
955561.710246 1956921.88113 0
955561.860764 1956921.96909 0
955562.011343 1956922.06813 0
955562.16198 1956922.17827 0
955562.294966 1956922.28851 0
955562.436837 1956922.40979 0
955562.55217 1956922.52012 0
955562.658797 1956922.65269 0
955562.765304 1956922.76307 0
955562.863045 1956922.88459 0
955562.960845 1956923.0172 0
955563.040934 1956923.13882 0
955563.129968 1956923.28257 0
955563.210176 1956923.42638 0
955563.290503 1956923.59237 0
955563.361944 1956923.74732 0
955563.433504 1956923.92445 0
955563.487472 1956924.11277 0
955563.54144 1956924.3011 0
955563.577874 1956924.51171 0
955563.605483 1956924.72236 0
955563.624384 1956924.95525 0
955563.625634 1956925.18824 0
955563.609112 1956925.39913 0
955563.574939 1956925.61012 0
955563.540646 1956925.79891 0
955563.479994 1956926.01004 0
955563.42799 1956926.18784 0
955563.358334 1956926.36573 0
955563.279733 1956926.52148 0
955563.183539 1956926.68842 0
955563.113823 1956926.85522 0
955562.973677 1956927.05568 0
955562.859713 1956927.20052 0
955562.701915 1956927.40108 0
955562.54382 1956927.54616 0
955562.368252 1956927.72462 0
955562.183678 1956927.86984 0
955562.034409 1956928.01488 0
955561.858722 1956928.17115 0
955561.700508 1956928.29404 0
955561.507109 1956928.43931 0
955561.340009 1956928.55116 0
955561.164024 1956928.65195 0
955560.961502 1956928.7418 0
955560.785457 1956928.8315 0
955560.582875 1956928.91025 0
955560.406652 1956928.96667 0
955560.221781 1956929.05642 0
955560.054325 1956929.1017 0
955559.878161 1956929.16922 0
955559.675341 1956929.20359 0
955559.472462 1956929.22687 0
955559.29606 1956929.25 0
955559.093061 1956929.25109 0
955558.916541 1956929.25204 0
955558.695771 1956929.23103 0
955558.483768 1956929.19889 0
955558.262939 1956929.16678 0
955558.033224 1956929.12364 0
955557.829987 1956929.08035 0
955557.600213 1956929.02611 0
955557.388091 1956928.97177 0
955557.149312 1956928.88429 0
955556.954663 1956928.79658 0
955556.75101 1956928.67562 0
955556.556243 1956928.56572 0
955556.361415 1956928.44472 0
955556.157643 1956928.30158 0
955555.962875 1956928.19168 0
955555.767751 1956928.0152 0
955555.572864 1956927.88311 0
955555.386624 1956927.71769 0
955555.182852 1956927.57454 0
955554.996613 1956927.40912 0
955554.83703 1956927.27684 0
955554.659676 1956927.12246 0
955554.50886 1956926.97904 0
955554.331626 1956926.84685 0
955554.154391 1956926.71466 0
955553.96833 1956926.58252 0
955553.808747 1956926.45024 0
955553.65805 1956926.329 0
955553.498586 1956926.21891 0
955553.339063 1956926.09772 0
955553.197192 1956925.97644 0
955553.028962 1956925.87748 0
955552.895917 1956925.75615 0
955552.745279 1956925.64601 0
955552.612294 1956925.53578 0
955552.470541 1956925.43668 0
955552.328789 1956925.33759 0
955552.187097 1956925.24959 0
955552.045404 1956925.16159 0
955551.903711 1956925.07359 0
955551.77973 1956924.99659 0
955551.646923 1956924.91964 0
955551.523002 1956924.85374 0
955551.39914 1956924.79893 0
955551.257566 1956924.73312 0
955551.133764 1956924.6894 0
955550.974538 1956924.62369 0
955550.84185 1956924.56892 0
955550.673858 1956924.51435 0
955550.541229 1956924.47068 0
955550.390948 1956924.42711 0
955550.25832 1956924.38344 0
955550.125632 1956924.32868 0
955549.992944 1956924.27391 0
955549.984118 1956924.27396 0
955549.992944 1956924.27391 0
955550.037193 1956924.29587 0
955550.010715 1956924.29601 0
955550.001829 1956924.28496 0
955550.019541 1956924.29596 0
955550.019541 1956924.29596 0
955550.010655 1956924.28491 0
955550.019541 1956924.29596 0
955550.010655 1956924.28491 0
955550.019541 1956924.29596 0
955550.010655 1956924.28491 0
955550.010715 1956924.29601 0
955550.010655 1956924.28491 0
955550.010655 1956924.28491 0
955550.010715 1956924.29601 0
955550.010715 1956924.29601 0
955550.010715 1956924.29601 0
955550.010715 1956924.29601 0
955550.010655 1956924.28491 0
955550.010715 1956924.29601 0
955550.010655 1956924.28491 0
955550.010715 1956924.29601 0
955550.010715 1956924.29601 0
955550.010715 1956924.29601 0
955550.010715 1956924.29601 0
955550.010655 1956924.28491 0
955550.010715 1956924.29601 0
955550.010715 1956924.29601 0
955550.010715 1956924.29601 0
955550.010715 1956924.29601 0
955550.010715 1956924.29601 0
955550.010715 1956924.29601 0
955550.010715 1956924.29601 0
955550.010715 1956924.29601 0
955550.010715 1956924.29601 0
955550.010715 1956924.29601 0
955550.010715 1956924.29601 0
955550.010715 1956924.29601 0
955550.010715 1956924.29601 0
955550.010715 1956924.29601 0
