955549.676918 1956914.7229 0
955549.977777 1956914.86552 0
955550.260924 1956914.99714 0
955550.606092 1956915.17281 0
955550.977738 1956915.34833 0
955551.340439 1956915.50171 0
955551.65895 1956915.64424 0
955551.950984 1956915.78691 0
955552.234191 1956915.92962 0
955552.517338 1956916.06124 0
955552.826904 1956916.18162 0
955553.136589 1956916.3242 0
955553.481519 1956916.45548 0
955553.835513 1956916.6311 0
955554.216104 1956916.82877 0
955554.490425 1956916.96044 0
955554.75598 1956917.10325 0
955555.171875 1956917.30072 0
955555.446197 1956917.43239 0
955555.729285 1956917.55292 0
955556.162534 1956917.69483 0
955556.595427 1956917.77017 0
955557.001663 1956917.81237 0
955557.40766 1956917.81019 0
955557.787002 1956917.77487 0
955558.148691 1956917.73965 0
955558.457364 1956917.69361 0
955558.836408 1956917.60282 0
955559.180088 1956917.50112 0
955559.549948 1956917.34381 0
955559.937223 1956917.14203 0
955560.306667 1956916.90705 0
955560.649455 1956916.63894 0
955560.956759 1956916.33772 0
955561.167335 1956916.1036 0
955561.351373 1956915.85853 0
955561.526525 1956915.60241 0
955561.67514 1956915.33533 0
955561.814809 1956915.04611 0
955561.936708 1956914.7348 0
955562.032128 1956914.42363 0
955562.101011 1956914.10151 0
955562.152242 1956913.77949 0
955562.18582 1956913.45755 0
955562.174555 1956913.00272 0
955562.128104 1956912.57027 0
955562.037583 1956912.14915 0
955561.911816 1956911.73931 0
955561.750746 1956911.32967 0
955561.589676 1956910.92002 0
955561.482216 1956910.63213 0
955561.357164 1956910.35543 0
955561.214459 1956910.07882 0
955561.062869 1956909.79116 0
955560.911339 1956909.5146 0
955560.777401 1956909.22685 0
955560.652349 1956908.95015 0
955560.518411 1956908.6624 0
955560.39324 1956908.36351 0
955560.250535 1956908.08691 0
955560.099005 1956907.81035 0
955559.938708 1956907.54493 0
955559.769585 1956907.27956 0
955559.609347 1956907.02523 0
955559.395499 1956906.64915 0
955559.190536 1956906.28412 0
955559.020878 1956905.9189 0
955558.833745 1956905.58706 0
955558.62902 1956905.2664 0
955558.433419 1956905.00117 0
955558.220285 1956904.75823 0
955558.016095 1956904.53743 0
955557.750124 1956904.31695 0
955557.466559 1956904.10767 0
955557.130098 1956903.90977 0
955556.864543 1956903.76696 0
955556.572569 1956903.63539 0
955556.271888 1956903.52605 0
955555.944848 1956903.43905 0
955555.600215 1956903.36323 0
955555.246935 1956903.32075 0
955554.876181 1956903.31164 0
955554.523198 1956903.32463 0
955554.161628 1956903.38204 0
955553.817769 1956903.45046 0
955553.500566 1956903.55201 0
955553.209961 1956903.67561 0
955552.919356 1956903.79922 0
955552.619925 1956903.92287 0
955552.320612 1956904.06871 0
955552.012534 1956904.22569 0
955551.678096 1956904.405 0
955551.335011 1956904.61764 0
955550.956681 1956904.84157 0
955550.605007 1956905.09864 0
955550.35883 1956905.27748 0
955550.042699 1956905.57874 0
955549.744161 1956905.86881 0
955549.463215 1956906.14769 0
955549.173324 1956906.40442 0
955548.927683 1956906.68311 0
955548.681922 1956906.93962 0
955548.471585 1956907.21812 0
955548.270074 1956907.49657 0
955548.086274 1956907.78602 0
955547.902475 1956908.07548 0
955547.745213 1956908.37588 0
955547.596837 1956908.68734 0
955547.466172 1956909.00979 0
955547.362105 1956909.35429 0
955547.257918 1956909.6766 0
955547.171503 1956910.02101 0
955547.093854 1956910.35427 0
955547.042683 1956910.68739 0
955547.026817 1956911.02032 0
955547.037369 1956911.34202 0
955547.065514 1956911.65253 0
955547.111311 1956911.96294 0
955547.183526 1956912.26211 0
955547.273394 1956912.56119 0
955547.38968 1956912.84904 0
955547.523678 1956913.14788 0
955547.675208 1956913.42444 0
955547.861984 1956913.68971 0
955548.066411 1956913.9549 0
955548.297257 1956914.20884 0
955548.2972574178 1956914.208839829 0
955548.3101832779 1956914.2130222428 0
955548.323109138 1956914.2172046565 0
955548.3360349981 1956914.2213870704 0
955548.3489608581 1956914.225569484 0
955548.3618867182 1956914.2297518977 0
955548.3748125782 1956914.2339343114 0
955548.3877384383 1956914.238116725 0
955548.4006642983 1956914.2422991388 0
955548.4135901585 1956914.2464815527 0
955548.4265160186 1956914.2506639664 0
955548.4394418786 1956914.25484638 0
955548.4523677387 1956914.2590287938 0
955548.4652935987 1956914.2632112075 0
955548.4782194588 1956914.2673936212 0
955548.4911453188 1956914.271576035 0
955548.504071179 1956914.2757584488 0
955548.516997039 1956914.2799408624 0
955548.5299228991 1956914.2841232761 0
955548.5428487592 1956914.2883056898 0
955548.5557746192 1956914.2924881035 0
955548.5687004793 1956914.2966705174 0
955548.5816263393 1956914.300852931 0
955548.5945521995 1956914.3050353448 0
955548.6074780595 1956914.3092177585 0
955548.6204039196 1956914.3134001722 0
955548.6333297796 1956914.3175825858 0
955548.6462556397 1956914.3217649998 0
955548.6591814999 1956914.3259474135 0
955548.6721073599 1956914.3301298271 0
955548.68503322 1956914.3343122408 0
955548.69795908 1956914.3384946545 0
955548.7108849401 1956914.3426770682 0
955548.7238108001 1956914.3468594821 0
955548.7367366602 1956914.3510418958 0
955548.7496625202 1956914.3552243095 0
955548.7625883804 1956914.3594067232 0
955548.7755142405 1956914.3635891369 0
955548.7884401005 1956914.3677715508 0
955548.8013659606 1956914.3719539645 0
955548.8142918206 1956914.3761363782 0
955548.8272176808 1956914.3803187918 0
955548.8401435408 1956914.3845012055 0
955548.8530694009 1956914.3886836192 0
955548.8659952609 1956914.3928660331 0
955548.878921121 1956914.3970484468 0
955548.8918469811 1956914.4012308605 0
955548.9047728411 1956914.4054132742 0
955548.9176987013 1956914.4095956879 0
955548.9306245613 1956914.4137781016 0
955548.9435504214 1956914.4179605155 0
955548.9564762814 1956914.4221429292 0
955548.9694021415 1956914.4263253429 0
955548.9823280015 1956914.4305077565 0
955548.9952538616 1956914.4346901702 0
955549.0081797218 1956914.438872584 0
955549.0211055818 1956914.4430549978 0
955549.0340314419 1956914.4472374115 0
955549.0469573019 1956914.4514198252 0
955549.059883162 1956914.455602239 0
955549.072809022 1956914.4597846526 0
955549.0857348822 1956914.4639670663 0
955549.0986607422 1956914.4681494802 0
955549.1115866023 1956914.4723318939 0
955549.1245124624 1956914.4765143075 0
955549.1374383224 1956914.4806967212 0
955549.1503641825 1956914.484879135 0
955549.1632900425 1956914.4890615488 0
955549.1762159027 1956914.4932439625 0
955549.1891417627 1956914.4974263762 0
955549.2020676228 1956914.50160879 0
955549.2149934828 1956914.5057912036 0
955549.2279193429 1956914.5099736173 0
955549.240845203 1956914.5141560312 0
955549.253771063 1956914.5183384449 0
955549.2666969232 1956914.5225208586 0
955549.2796227832 1956914.5267032722 0
955549.2925486433 1956914.530885686 0
955549.3054745033 1956914.5350680996 0
955549.3184003634 1956914.5392505135 0
955549.3313262234 1956914.5434329272 0
955549.3442520836 1956914.547615341 0
955549.3571779437 1956914.5517977546 0
955549.3701038037 1956914.5559801683 0
955549.3830296638 1956914.560162582 0
955549.3959555238 1956914.564344996 0
955549.408881384 1956914.5685274096 0
955549.421807244 1956914.5727098233 0
955549.4347331041 1956914.576892237 0
955549.4476589641 1956914.5810746506 0
955549.4605848242 1956914.5852570643 0
955549.4735106843 1956914.5894394782 0
955549.4864365443 1956914.593621892 0
955549.4993624045 1956914.5978043056 0
955549.5122882645 1956914.6019867193 0
955549.5252141246 1956914.606169133 0
955549.5381399846 1956914.6103515467 0
955549.5510658447 1956914.6145339606 0
955549.5639917047 1956914.6187163743 0
955549.5769175648 1956914.622898788 0
