955566.198968 1956924.45327 0
955566.198968 1956924.45327 0
955566.198968 1956924.45327 0
955566.198968 1956924.45327 0
955566.190023 1956924.43113 0
955566.172192 1956924.39794 0
955566.145417 1956924.34261 0
955566.118582 1956924.27618 0
955566.073975 1956924.18766 0
955566.02931 1956924.08805 0
955565.993351 1956923.9662 0
955565.930855 1956923.83339 0
955565.877185 1956923.70054 0
955565.832341 1956923.56764 0
955565.77879 1956923.45698 0
955565.734005 1956923.33518 0
955565.680394 1956923.21342 0
955565.635729 1956923.11381 0
955565.590944 1956922.992 0
955565.5198 1956922.89253 0
955565.475075 1956922.78182 0
955565.412757 1956922.6823 0
955565.350499 1956922.59388 0
955565.296948 1956922.48321 0
955565.225864 1956922.39484 0
955565.154839 1956922.31755 0
955565.101407 1956922.22908 0
955565.021497 1956922.14075 0
955564.959238 1956922.05232 0
955564.879328 1956921.96399 0
955564.799477 1956921.88676 0
955564.710741 1956921.79847 0
955564.630831 1956921.71014 0
955564.533268 1956921.62191 0
955564.435706 1956921.53367 0
955564.338262 1956921.46762 0
955564.24076 1956921.39048 0
955564.134371 1956921.30229 0
955564.028161 1956921.24739 0
955563.930658 1956921.17025 0
955563.824389 1956921.10425 0
955563.709353 1956921.04939 0
955563.603143 1956920.99449 0
955563.488107 1956920.93963 0
955563.381897 1956920.88472 0
955563.266921 1956920.84096 0
955563.143059 1956920.78615 0
955563.028082 1956920.74239 0
955562.90428 1956920.69867 0
955562.789303 1956920.65491 0
955562.656734 1956920.62233 0
955562.532991 1956920.58971 0
955562.400481 1956920.56823 0
955562.276738 1956920.53561 0
955562.153055 1956920.51409 0
955562.020605 1956920.5037 0
955561.888095 1956920.48222 0
955561.755645 1956920.47184 0
955561.623195 1956920.46145 0
955561.481979 1956920.46221 0
955561.340762 1956920.46297 0
955561.199545 1956920.46373 0
955561.058388 1956920.47558 0
955560.908405 1956920.48748 0
955560.767308 1956920.51042 0
955560.62621 1956920.53337 0
955560.476286 1956920.55636 0
955560.344074 1956920.59036 0
955560.203096 1956920.63549 0
955560.07971 1956920.66944 0
955559.956383 1956920.71448 0
955559.833057 1956920.75952 0
955559.718556 1956920.80452 0
955559.595289 1956920.86065 0
955559.489615 1956920.9056 0
955559.366408 1956920.97283 0
955559.260674 1956921.00668 0
955559.146233 1956921.06277 0
955559.040558 1956921.10772 0
955558.926058 1956921.15271 0
955558.811617 1956921.2088 0
955558.705942 1956921.25374 0
955558.57379 1956921.29883 0
955558.45929 1956921.34383 0
955558.318311 1956921.38896 0
955558.194985 1956921.434 0
955558.045239 1956921.49028 0
955557.90432 1956921.54651 0
955557.745749 1956921.60284 0
955557.60483 1956921.65907 0
955557.455145 1956921.72644 0
955557.287807 1956921.79391 0
955557.155774 1956921.86118 0
955556.997381 1956921.95079 0
955556.874174 1956922.01802 0
955556.724667 1956922.11868 0
955556.592693 1956922.19705 0
955556.47843 1956922.28642 0
955556.337809 1956922.39813 0
955556.232372 1956922.48745 0
955556.09181 1956922.61025 0
955555.995141 1956922.68843 0
955555.889883 1956922.81104 0
955555.793332 1956922.91141 0
955555.688074 1956923.03402 0
955555.609235 1956923.14539 0
955555.52157 1956923.25681 0
955555.44279 1956923.37928 0
955555.372717 1956923.47951 0
955555.293997 1956923.61307 0
955555.223984 1956923.72439 0
955555.171683 1956923.84672 0
955555.110614 1956923.98018 0
955555.049487 1956924.10256 0
955555.006071 1956924.23593 0
955554.953829 1956924.36935 0
955554.910472 1956924.51381 0
955554.875882 1956924.64714 0
955554.832466 1956924.78051 0
955554.815469 1956924.90264 0
955554.789764 1956925.04702 0
955554.764 1956925.18029 0
955554.755829 1956925.30238 0
955554.730124 1956925.44675 0
955554.730839 1956925.57989 0
955554.71396 1956925.72421 0
955554.714734 1956925.86844 0
955554.724215 1956925.99043 0
955554.724988 1956926.13466 0
955554.734469 1956926.25666 0
955554.752835 1956926.3897 0
955554.771142 1956926.51164 0
955554.789448 1956926.63359 0
955554.825526 1956926.77763 0
955554.852599 1956926.88843 0
955554.888618 1956927.02138 0
955554.924576 1956927.14323 0
955554.969302 1956927.25394 0
955555.00526 1956927.37579 0
955555.049986 1956927.4865 0
955555.094711 1956927.59721 0
955555.148203 1956927.69677 0
955555.201754 1956927.80744 0
955555.246479 1956927.91815 0
955555.308857 1956928.02876 0
955555.371174 1956928.12828 0
955555.433433 1956928.21671 0
955555.49575 1956928.31623 0
955555.557949 1956928.39356 0
955555.611441 1956928.49312 0
955555.673699 1956928.58155 0
955555.735957 1956928.66997 0
955555.789449 1956928.76954 0
955555.851767 1956928.86906 0
955555.905259 1956928.96863 0
955555.967577 1956929.06815 0
955556.03878 1956929.17871 0
955556.092212 1956929.26719 0
955556.15453 1956929.36671 0
955556.225614 1956929.45509 0
955556.296699 1956929.54346 0
955556.367783 1956929.63184 0
955556.447753 1956929.73127 0
955556.527663 1956929.8196 0
955556.607573 1956929.90793 0
955556.696369 1956930.00731 0
955556.793931 1956930.09554 0
955556.900379 1956930.19482 0
955556.997942 1956930.28306 0
955557.104271 1956930.36015 0
955557.210599 1956930.43725 0
955557.33464 1956930.52534 0
955557.449795 1956930.60239 0
955557.56495 1956930.67944 0
955557.680105 1956930.75648 0
955557.804086 1956930.83348 0
955557.927947 1956930.88829 0
955558.060695 1956930.95415 0
955558.193383 1956931.00891 0
955558.317185 1956931.05263 0
955558.432161 1956931.09639 0
955558.547078 1956931.12906 0
955558.644403 1956931.17292 0
955558.75926 1956931.19449 0
955558.856525 1956931.22725 0
955558.95373 1956931.24892 0
955559.050935 1956931.27059 0
955559.139255 1956931.28121 0
955559.227634 1956931.30293 0
955559.298302 1956931.31364 0
955559.386562 1956931.31317 0
955559.448404 1956931.32393 0
955559.519012 1956931.32355 0
955559.580854 1956931.33432 0
955559.63381 1956931.33403 0
955559.686766 1956931.33375 0
955559.730956 1956931.34461 0
955559.76626 1956931.34442 0
955559.81039 1956931.34418 0
955559.845694 1956931.34399 0
955559.880939 1956931.33271 0
955559.925128 1956931.34357 0
955559.951547 1956931.33233 0
955559.986851 1956931.33214 0
955560.013329 1956931.332 0
955560.048633 1956931.33181 0
955560.075111 1956931.33167 0
955560.110415 1956931.33148 0
955560.136894 1956931.33133 0
955560.172198 1956931.33115 0
955560.18979 1956931.31996 0
955560.225094 1956931.31977 0
955560.242746 1956931.31967 0
955560.27805 1956931.31948 0
955560.313355 1956931.31929 0
955560.348599 1956931.30801 0
955560.39267 1956931.29668 0
955560.445626 1956931.29639 0
955560.472044 1956931.28516 0
955560.507349 1956931.28497 0
955560.533767 1956931.27373 0
955560.560245 1956931.27359 0
955560.577838 1956931.2624 0
955560.586664 1956931.26235 0
955560.604316 1956931.26226 0
955560.621968 1956931.26216 0
955560.657212 1956931.25088 0
955560.692517 1956931.25069 0
955560.736587 1956931.23936 0
955560.807136 1956931.22789 0
955560.877625 1956931.20532 0
955560.983418 1956931.18256 0
955561.080326 1956931.14876 0
955561.203772 1956931.1259 0
955561.30062 1956931.08101 0
955561.41518 1956931.04711 0
955561.520854 1956931.00216 0
955561.626528 1956930.95721 0
955561.758681 1956930.91213 0
955561.855469 1956930.85613 0
955561.996388 1956930.7999 0
955562.084351 1956930.74396 0
955562.207558 1956930.67673 0
955562.32194 1956930.60954 0
955562.436262 1956930.53126 0
955562.53305 1956930.47527 0
955562.62972 1956930.39709 0
955562.708797 1956930.33009 0
955562.805527 1956930.26301 0
955562.867011 1956930.2072 0
955562.946029 1956930.12911 0
955563.007573 1956930.0844 0
955563.08665 1956930.01741 0
955563.13925 1956929.95056 0
955563.183082 1956929.89485 0
955563.244567 1956929.83905 0
955563.279633 1956929.79448 0
955563.332292 1956929.73872 0
955563.367358 1956929.69415 0
955563.41125 1956929.64954 0
955563.446316 1956929.60497 0
955563.472616 1956929.57155 0
955563.507682 1956929.52698 0
955563.542807 1956929.4935 0
955563.577873 1956929.44894 0
955563.61294 1956929.40437 0
955563.656832 1956929.35975 0
955563.691957 1956929.32628 0
955563.744616 1956929.27052 0
955563.788449 1956929.21481 0
955563.832281 1956929.1591 0
955563.893706 1956929.09221 0
955563.946365 1956929.03645 0
955564.00779 1956928.96955 0
955564.078042 1956928.9026 0
955564.139467 1956928.83571 0
955564.218484 1956928.75762 0
955564.288736 1956928.69067 0
955564.358927 1956928.61263 0
955564.446831 1956928.54559 0
955564.517022 1956928.46755 0
955564.604926 1956928.40051 0
955564.675058 1956928.31137 0
955564.754135 1956928.24438 0
955564.841979 1956928.16624 0
955564.903345 1956928.08825 0
955564.982422 1956928.02126 0
955565.043728 1956927.93217 0
955565.105153 1956927.86527 0
955565.166519 1956927.78728 0
955565.219118 1956927.72043 0
955565.280544 1956927.65353 0
955565.333143 1956927.58667 0
955565.376916 1956927.51987 0
955565.438401 1956927.46407 0
955565.482174 1956927.39726 0
955565.525947 1956927.33046 0
955565.578546 1956927.26361 0
955565.622319 1956927.1968 0
955565.666093 1956927.13 0
955565.709866 1956927.06319 0
955565.753579 1956926.9853 0
955565.806119 1956926.90735 0
955565.849773 1956926.81836 0
955565.902194 1956926.71822 0
955565.954674 1956926.62918 0
955565.998209 1956926.518 0
955566.041804 1956926.41791 0
955566.094165 1956926.30668 0
955566.128934 1956926.20664 0
955566.172469 1956926.09546 0
955566.207119 1956925.97323 0
955566.241768 1956925.851 0
955566.276418 1956925.72877 0
955566.311008 1956925.59544 0
955566.336832 1956925.47326 0
955566.362596 1956925.33998 0
955566.379475 1956925.19566 0
955566.405239 1956925.06238 0
955566.413291 1956924.91811 0
955566.421403 1956924.78492 0
955566.429516 1956924.65174 0
955566.428742 1956924.50751 0
955566.419202 1956924.37442 0
955566.409603 1956924.23024 0
955566.391177 1956924.08611 0
955566.363985 1956923.95311 0
955566.363271 1956923.81998 0
955566.327253 1956923.68703 0
955566.291175 1956923.54299 0
955566.290581 1956923.43205 0
955566.227906 1956923.26596 0
955566.192066 1956923.1663 0
955566.156048 1956923.03335 0
955566.102319 1956922.88941 0
955566.048767 1956922.77874 0
955565.986271 1956922.64594 0
955565.932541 1956922.502 0
955565.861279 1956922.38033 0
955565.807728 1956922.26967 0
955565.762883 1956922.13677 0
955565.718277 1956922.04825 0
955565.673612 1956921.94864 0
955565.637772 1956921.84898 0
955565.611056 1956921.80474 0
955565.610996 1956921.79365 0
955565.602111 1956921.7826 0
955565.611056 1956921.80474 0
955565.611115 1956921.81584 0
955565.610996 1956921.79365 0
955565.611115 1956921.81584 0
955565.610996 1956921.79365 0
955565.611115 1956921.81584 0
955565.611056 1956921.80474 0
955565.611056 1956921.80474 0
955565.611056 1956921.80474 0
955565.611056 1956921.80474 0
955565.611056 1956921.80474 0
955565.611056 1956921.80474 0
955565.611056 1956921.80474 0
955565.611056 1956921.80474 0
955565.611056 1956921.80474 0
955565.611056 1956921.80474 0
955565.611056 1956921.80474 0
955565.611056 1956921.80474 0
955565.611056 1956921.80474 0
955565.611056 1956921.80474 0
955565.611056 1956921.80474 0
955565.611056 1956921.80474 0
955565.610996 1956921.79365 0
955565.611056 1956921.80474 0
955565.611056 1956921.80474 0
955565.611056 1956921.80474 0
955565.610996 1956921.79365 0
955565.611056 1956921.80474 0
955565.610996 1956921.79365 0
955565.611056 1956921.80474 0
955565.610996 1956921.79365 0
955565.611056 1956921.80474 0
955565.610996 1956921.79365 0
955565.611056 1956921.80474 0
955565.611056 1956921.80474 0
955565.611056 1956921.80474 0
955565.611056 1956921.80474 0
955565.611056 1956921.80474 0
955565.611056 1956921.80474 0
955565.611056 1956921.80474 0
955565.611056 1956921.80474 0
955565.611056 1956921.80474 0
955565.611056 1956921.80474 0
955565.611056 1956921.80474 0
955565.611056 1956921.80474 0
955565.611056 1956921.80474 0
955565.611056 1956921.80474 0
955565.611056 1956921.80474 0
955565.611056 1956921.80474 0
955565.611056 1956921.80474 0
955565.611056 1956921.80474 0
955565.611056 1956921.80474 0
