935575.582688 1915950.96678 0
935575.582688 1915950.96678 0
935575.582688 1915950.96678 0
935575.582688 1915950.96678 0
935575.582688 1915950.96678 0
935575.582688 1915950.96678 0
935575.582688 1915950.96678 0
935575.582688 1915950.96678 0
935575.582688 1915950.96678 0
935575.582688 1915950.96678 0
935575.582688 1915950.96678 0
935575.582688 1915950.96678 0
935575.582688 1915950.96678 0
935575.582688 1915950.96678 0
935575.582688 1915950.96678 0
935575.582688 1915950.96678 0
935575.582688 1915950.96678 0
935575.582688 1915950.96678 0
935575.582688 1915950.96678 0
935575.582688 1915950.96678 0
935575.582688 1915950.96678 0
935575.573818 1915950.96685 0
935575.565033 1915950.97801 0
935575.538509 1915950.98931 0
935575.511985 1915951.00061 0
935575.467721 1915951.01204 0
935575.432413 1915951.0345 0
935575.379365 1915951.0571 0
935575.317447 1915951.07976 0
935575.273268 1915951.10229 0
935575.211435 1915951.13605 0
935575.158472 1915951.16974 0
935575.105509 1915951.20343 0
935575.043677 1915951.23719 0
935574.981844 1915951.27095 0
935574.920011 1915951.30471 0
935574.867133 1915951.34949 0
935574.787646 1915951.39448 0
935574.725898 1915951.43933 0
935574.646411 1915951.48432 0
935574.567009 1915951.5404 0
935574.478737 1915951.59655 0
935574.381596 1915951.65277 0
935574.293409 1915951.72002 0
935574.196268 1915951.77624 0
935574.099211 1915951.84355 0
935573.99337 1915951.92202 0
935573.878575 1915951.98947 0
935573.772734 1915952.06795 0
935573.658023 1915952.14649 0
935573.534443 1915952.2251 0
935573.419732 1915952.30364 0
935573.287282 1915952.38232 0
935573.172571 1915952.46086 0
935573.040121 1915952.53954 0
935572.907756 1915952.62932 0
935572.793045 1915952.70786 0
935572.651725 1915952.78661 0
935572.528145 1915952.86522 0
935572.395695 1915952.9439 0
935572.26333 1915953.03367 0
935572.139749 1915953.11228 0
935571.998515 1915953.20212 0
935571.874934 1915953.28073 0
935571.7337 1915953.37057 0
935571.601249 1915953.44925 0
935571.468799 1915953.52793 0
935571.345219 1915953.60654 0
935571.195029 1915953.68536 0
935571.071449 1915953.76397 0
935570.930129 1915953.84271 0
935570.788809 1915953.92146 0
935570.656359 1915954.00014 0
935570.4973 1915954.07902 0
935570.364765 1915954.14661 0
935570.223445 1915954.22536 0
935570.082125 1915954.3041 0
935569.949675 1915954.38278 0
935569.790531 1915954.45057 0
935569.658081 1915954.52925 0
935569.516761 1915954.608 0
935569.357787 1915954.69797 0
935569.216467 1915954.77672 0
935569.057408 1915954.8556 0
935568.916088 1915954.93435 0
935568.748244 1915955.0244 0
935568.58927 1915955.11437 0
935568.43908 1915955.19319 0
935568.271151 1915955.27214 0
935568.112262 1915955.37321 0
935567.953203 1915955.45209 0
935567.785359 1915955.54214 0
935567.626385 1915955.63212 0
935567.458541 1915955.72216 0
935567.299567 1915955.81214 0
935567.131638 1915955.89109 0
935566.972664 1915955.98107 0
935566.81369 1915956.07104 0
935566.645846 1915956.16109 0
935566.478002 1915956.25113 0
935566.319028 1915956.34111 0
935566.168839 1915956.41993 0
935566.00108 1915956.52107 0
935565.850891 1915956.59988 0
935565.674177 1915956.68999 0
935565.541812 1915956.77977 0
935565.356229 1915956.86995 0
935565.20604 1915956.94876 0
935565.047066 1915957.03874 0
935564.879222 1915957.12879 0
935564.729117 1915957.2187 0
935564.561274 1915957.30874 0
935564.411084 1915957.38756 0
935564.24324 1915957.4776 0
935564.101921 1915957.55635 0
935563.934077 1915957.64639 0
935563.783973 1915957.7363 0
935563.633783 1915957.81512 0
935563.46594 1915957.90516 0
935563.31575 1915957.98398 0
935563.156776 1915958.07396 0
935563.006587 1915958.15277 0
935562.838828 1915958.25391 0
935562.688639 1915958.33273 0
935562.529665 1915958.4227 0
935562.370691 1915958.51268 0
935562.220501 1915958.5915 0
935562.043873 1915958.6927 0
935561.893684 1915958.77152 0
935561.71697 1915958.86163 0
935561.390238 1915959.05275 0
935561.222394 1915959.14279 0
935561.054635 1915959.24393 0
935560.886792 1915959.33398 0
935560.718948 1915959.42402 0
935560.54232 1915959.52523 0
935560.374476 1915959.61528 0
935560.188978 1915959.71655 0
935560.021219 1915959.81769 0
935559.826852 1915959.91904 0
935559.659093 1915960.02018 0
935559.473595 1915960.12145 0
935559.296882 1915960.21156 0
935559.102599 1915960.324 0
935558.934756 1915960.41405
 0
935558.722734 1915960.52662 0
935558.563845 1915960.62769 0
935558.378347 1915960.72897 0
935558.192849 1915960.83024 0
935558.016221 1915960.93145 0
935557.839507 1915961.02156 0
935557.662879 1915961.12277 0
935557.486251 1915961.22398 0
935557.309538 1915961.31409 0
935557.150649 1915961.41516 0
935556.965151 1915961.51644 0
935556.779653 1915961.61772 0
935556.603025 1915961.71892 0
935556.417527 1915961.8202 0
935556.223245 1915961.93264 0
935556.046616 1915962.03384 0
935555.843379 1915962.13526 0
935555.657966 1915962.24763 0
935555.472383 1915962.33781 0
935555.278101 1915962.45024 0
935555.101473 1915962.55145 0
935554.898235 1915962.65286 0
935554.721607 1915962.75407 0
935554.51837 1915962.85548 0
935554.341827 1915962.96779 0
935554.147545 1915963.08022 0
935553.953092 1915963.17047 0
935553.767679 1915963.28284 0
935553.564527 1915963.39535 0
935553.37016 1915963.49669 0
935553.184747 1915963.60906 0
935552.98151 1915963.71047 0
935552.778443 1915963.83407 0
935552.601815 1915963.93528 0
935552.380923 1915964.04792 0
935552.204295 1915964.14913 0
935552.054106 1915964.22795 0
935551.859823 1915964.34038 0
935551.674326 1915964.44166 0
935551.524222 1915964.53157 0
935551.32107 1915964.64408 0
935551.108963 1915964.74556 0
935550.932335 1915964.84676 0
935550.799885 1915964.92544 0
935550.596733 1915965.03795 0
935550.446629 1915965.12786 0
935550.278785 1915965.2179 0
935550.111027 1915965.31904 0
935549.952053 1915965.40902 0
935549.766555 1915965.5103 0
935549.598712 1915965.60034 0
935549.422084 1915965.70155 0
935549.245286 1915965.78057 0
935549.050833 1915965.87082 0
935548.87412 1915965.96093 0
935548.697322 1915966.03995 0
935548.502869 1915966.1302 0
935548.325986 1915966.19813 0
935548.122578 1915966.27735 0
935547.936995 1915966.36753 0
935547.751157 1915966.42443 0
935547.547664 1915966.49256 0
935547.370866 1915966.57158 0
935547.176243 1915966.63964 0
935546.990405 1915966.69654 0
935546.804737 1915966.77563 0
935546.618899 1915966.83253 0
935546.433231 1915966.91162 0
935546.256262 1915966.96845 0
935546.070339 1915967.01426 0
935545.893455 1915967.08218 0
935545.725186 1915967.11676 0
935545.530393 1915967.16263 0
935545.370994 1915967.19714 0
935545.17603 1915967.22083 0
935544.998977 1915967.26656 0
935544.804013 1915967.29025 0
935544.61809 1915967.33606 0
935544.440951 1915967.3707 0
935544.237033 1915967.38336 0
935544.068934 1915967.44012 0
935543.865015 1915967.45278 0
935543.670137 1915967.48756 0
935543.493083 1915967.5333 0
935543.28925 1915967.55705 0
935543.094372 1915967.59183 0
935542.908363 1915967.62655 0
935542.70453 1915967.6503 0
935542.527391 1915967.68494 0
935542.332258 1915967.68644 0
935542.155034 1915967.70999 0
935541.968855 1915967.72251 0
935541.782676 1915967.73504 0
935541.614066 1915967.72524 0
935541.427717 1915967.71557 0
935541.259022 1915967.69468 0
935541.063718 1915967.67399 0
935540.886068 1915967.64207 0
935540.708418 1915967.61015 0
935540.521814 1915967.5672 0
935540.335209 1915967.52426 0
935540.157474 1915967.48124 0
935539.970699 1915967.41611 0
935539.792879 1915967.362 0
935539.597319 1915967.30803 0
935539.419499 1915967.25392 0
935539.232809 1915967.19988 0
935539.04612 1915967.14584 0
935538.868299 1915967.09173 0
935538.681524 1915967.0266 0
935538.512489 1915966.96133 0
935538.334498 1915966.88503 0
935538.156508 1915966.80873 0
935537.996342 1915966.74339 0
935537.818266 1915966.656 0
935537.65793 1915966.56848 0
935537.488554 1915966.45883 0
935537.328303 1915966.3824 0
935537.167796 1915966.27268 0
935537.007375 1915966.17406 0
935536.855823 1915966.07537 0
935536.712886 1915965.94334 0
935536.561249 1915965.83355 0
935536.400572 1915965.70165 0
935536.266589 1915965.58064 0
935536.105912 1915965.44874 0
935535.980714 1915965.31656 0
935535.837777 1915965.18452 0
935535.703709 1915965.05242 0
935535.569556 1915964.90921 0
935535.444358 1915964.77704 0
935535.319075 1915964.63377 0
935535.193791 1915964.4905 0
935535.068593 1915964.35833 0
935534.952094 1915964.2039 0
935534.835681 1915964.06056 0
935534.719267 1915963.91722 0
935534.629463 1915963.77368 0
935534.513135 1915963.64144 0
935534.41446 1915963.49796 0
935534.324656 1915963.35442 0
935534.226152 1915963.23314 0
935534.145303 1915963.10062 0
935534.064368 1915962.95701 0
935533.974819 1915962.84675 0
935533.89397 1915962.71424 0
935533.813205 1915962.59282 0
935533.741396 1915962.48242 0
935533.669501 1915962.36093 0
935533.597692 1915962.25054 0
935533.534752 1915962.14007 0
935533.463028 1915962.04077 0
935533.408958 1915961.93024 0
935533.337233 1915961.83094 0
935533.283248 1915961.7315 0
935533.220394 1915961.63213 0
935533.166579 1915961.55488 0
935533.112594 1915961.45544 0
935533.05878 1915961.37819 0
935533.013835 1915961.30088 0
935532.96889 1915961.22356 0
935532.923945 1915961.14624 0
935532.887955 1915961.07995 0
935532.843096 1915961.01373 0
935532.807106 1915960.94743 0
935532.771116 1915960.88114 0
935532.735211 1915960.82595 0
935532.708176 1915960.77068 0
935532.681226 1915960.72651 0
935532.654276 1915960.68234 0
935532.627241 1915960.62707 0
935532.600377 1915960.59399 0
935532.582297 1915960.54975 0
935532.564302 1915960.51661 0
935532.546392 1915960.49456 0
935532.528397 1915960.46141 0
935532.519442 1915960.45038 0
935532.510402 1915960.42826 0
935532.501447 1915960.41724 0
935532.492492 1915960.40621 0
935532.492407 1915960.39512 0
935532.492407 1915960.39512 0
935532.492407 1915960.39512 0
935532.492407 1915960.39512 0
935532.492407 1915960.39512 0
935532.492407 1915960.39512 0
935532.492492 1915960.40621 0
935532.501362 1915960.40614 0
935532.501362 1915960.40614 0
935532.501362 1915960.40614 0
935532.501447 1915960.41724 0
935532.501447 1915960.41724 0
935532.510317 1915960.41717 0
935532.510402 1915960.42826 0
935532.510402 1915960.42826 0
935532.510402 1915960.42826 0
935532.510402 1915960.42826 0
935532.510487 1915960.43936 0
935532.519357 1915960.43929 0
935532.519357 1915960.43929 0
935532.519357 1915960.43929 0
935532.519442 1915960.45038 0
935532.519442 1915960.45038 0
935532.519442 1915960.45038 0
935532.528312 1915960.45032 0
935532.528397 1915960.46141 0
935532.528397 1915960.46141 0
935532.528397 1915960.46141 0
935532.528397 1915960.46141 0
935532.528397 1915960.46141 0
935532.528397 1915960.46141 0
935532.528397 1915960.46141 0
935532.528397 1915960.46141 0
935532.528397 1915960.46141 0
935532.528397 1915960.46141 0
935532.528397 1915960.46141 0
935532.528312 1915960.45032 0
935532.528397 1915960.46141 0
935532.528397 1915960.46141 0
935532.528397 1915960.46141 0
935532.528397 1915960.46141 0
935532.528397 1915960.46141 0
935532.528397 1915960.46141 0
935532.528397 1915960.46141 0
935532.528397 1915960.46141 0
935532.528397 1915960.46141 0
935532.528397 1915960.46141 0
935532.528397 1915960.46141 0
935532.528397 1915960.46141 0
935532.528397 1915960.46141 0
935532.528397 1915960.46141 0
935532.528397 1915960.46141 0
935532.528397 1915960.46141 0
935532.528397 1915960.46141 0
935532.528397 1915960.46141 0
935532.528397 1915960.46141 0
935532.528397 1915960.46141 0
935532.528397 1915960.46141 0
935532.528482 1915960.4725 0
935532.528482 1915960.4725 0
935532.528397 1915960.46141 0
935532.528397 1915960.46141 0
935532.528397 1915960.46141 0
935532.528397 1915960.46141 0
935532.528482 1915960.4725 0
935532.528397 1915960.46141 0
935532.528397 1915960.46141 0
935532.528397 1915960.46141 0
935532.528397 1915960.46141 0
935532.528397 1915960.46141 0
935532.528397 1915960.46141 0
935532.528397 1915960.46141 0
935532.528397 1915960.46141 0
935532.528397 1915960.46141 0
935532.528397 1915960.46141 0
935532.528397 1915960.46141 0
935532.528397 1915960.46141 0
935532.528397 1915960.46141 0
935532.528397 1915960.46141 0
935532.528397 1915960.46141 0
935532.528397 1915960.46141 0
935532.528397 1915960.46141 0
935532.528397 1915960.46141 0
935532.528397 1915960.46141 0
935532.528397 1915960.46141 0
935532.528397 1915960.46141 0
935532.528397 1915960.46141 0
935532.528397 1915960.46141 0
935532.528397 1915960.46141 0
935532.528397 1915960.46141 0
935532.528397 1915960.46141 0
935532.528312 1915960.45032 0
935532.528397 1915960.46141 0
935532.528397 1915960.46141 0
