955547.98168 1956912.9679 0
955547.98168 1956912.9679 0
955547.98168 1956912.9679 0
955547.98168 1956912.9679 0
955547.98168 1956912.9679 0
955547.98168 1956912.9679 0
955547.98168 1956912.9679 0
955547.98168 1956912.9679 0
955547.98168 1956912.9679 0
955547.98168 1956912.9679 0
955547.98168 1956912.9679 0
955547.98168 1956912.9679 0
955547.98168 1956912.9679 0
955547.98168 1956912.9679 0
955547.98168 1956912.9679 0
955547.981739 1956912.979 0
955547.981739 1956912.979 0
955547.981739 1956912.979 0
955547.981739 1956912.979 0
955547.98168 1956912.9679 0
955547.98168 1956912.9679 0
955547.98168 1956912.9679 0
955547.98168 1956912.9679 0
955547.981739 1956912.979 0
955547.981739 1956912.979 0
955547.981739 1956912.979 0
955547.981739 1956912.979 0
955547.981739 1956912.979 0
955547.981739 1956912.979 0
955547.981739 1956912.979 0
955547.981739 1956912.979 0
955547.9817391386 1956912.9789983628 0
955547.9807284364 1956912.9778761952 0
955547.9797177342 1956912.976754028 0
955547.9787070319 1956912.9756318603 0
955547.9776963297 1956912.9745096928 0
955547.9766856275 1956912.9733875252 0
955547.9756749253 1956912.9722653579 0
955547.974664223 1956912.9711431903 0
955547.9736535208 1956912.9700210227 0
955547.9726428186 1956912.9688988551 0
955547.9716321164 1956912.9677766878 0
955547.9706214141 1956912.9666545202 0
955547.9696107119 1956912.9655323527 0
955547.9686000097 1956912.964410185 0
955547.9675893075 1956912.9632880178 0
955547.9665786052 1956912.9621658502 0
955547.965567903 1956912.9610436826 0
955547.9645572008 1956912.959921515 0
955547.9635464986 1956912.9587993477 0
955547.9625357963 1956912.9576771802 0
955547.9615250941 1956912.9565550126 0
955547.9605143919 1956912.9554328453 0
955547.9595036897 1956912.9543106777 0
955547.9584929874 1956912.9531885101 0
955547.9574822852 1956912.9520663426 0
955547.956471583 1956912.9509441752 0
955547.9554608808 1956912.9498220077 0
955547.9544501785 1956912.94869984 0
955547.9534394763 1956912.9475776725 0
955547.9524287741 1956912.9464555052 0
955547.9514180719 1956912.9453333376 0
955547.9504073696 1956912.94421117 0
955547.9493966674 1956912.9430890025 0
955547.9483859652 1956912.9419668352 0
955547.947375263 1956912.9408446676 0
955547.9463645607 1956912.9397225 0
955547.9453538585 1956912.9386003325 0
955547.9443431563 1956912.9374781651 0
955547.9433324541 1956912.9363559976 0
955547.9423217518 1956912.93523383 0
955547.9413110496 1956912.9341116627 0
955547.9403003474 1956912.932989495 0
955547.9392896452 1956912.9318673275 0
955547.938278943 1956912.93074516 0
955547.9372682407 1956912.9296229926 0
955547.9362575385 1956912.928500825 0
955547.9352468363 1956912.9273786575 0
955547.934236134 1956912.92625649 0
955547.9332254318 1956912.9251343226 0
955547.9322147296 1956912.924012155 0
955547.9312040273 1956912.9228899875 0
955547.930193325 1956912.92176782 0
955547.9291826228 1956912.9206456526 0
955547.9281719206 1956912.919523485 0
955547.9271612184 1956912.9184013174 0
955547.9261505161 1956912.9172791499 0
955547.9251398139 1956912.9161569825 0
955547.9241291117 1956912.915034815 0
955547.9231184095 1956912.9139126474 0
955547.9221077072 1956912.9127904798 0
955547.921097005 1956912.9116683125 0
955547.9200863028 1956912.910546145 0
955547.9190756006 1956912.9094239774 0
955547.9180648983 1956912.90830181 0
955547.9170541961 1956912.9071796425 0
955547.9160434939 1956912.906057475 0
955547.9150327917 1956912.9049353073 0
955547.9140220894 1956912.90381314 0
955547.9130113872 1956912.9026909724 0
955547.912000685 1956912.9015688049 0
955547.9109899828 1956912.9004466373 0
955547.9099792806 1956912.89932447 0
955547.9089685783 1956912.8982023024 0
955547.9079578761 1956912.8970801348 0
955547.9069471739 1956912.8959579673 0
955547.9059364717 1956912.8948358 0
955547.9049257694 1956912.8937136324 0
955547.9039150672 1956912.8925914648 0
955547.902904365 1956912.8914692972 0
955547.9018936628 1956912.89034713 0
955547.9008829605 1956912.8892249623 0
955547.8998722583 1956912.8881027948 0
955547.8988615561 1956912.8869806274 0
955547.8978508539 1956912.8858584599 0
955547.8968401516 1956912.8847362923 0
955547.8958294494 1956912.8836141247 0
955547.8948187472 1956912.8824919574 0
955547.893808045 1956912.8813697898 0
955547.8927973427 1956912.8802476223 0
955547.8917866405 1956912.8791254547 0
955547.8907759383 1956912.8780032874 0
955547.8897652361 1956912.8768811198 0
955547.8887545338 1956912.8757589522 0
955547.8877438316 1956912.8746367847 0
955547.8867331294 1956912.8735146173 0
955547.8857224272 1956912.8723924498 0
955547.8847117249 1956912.8712702822 0
955547.8837010227 1956912.8701481146 0
955547.8826903205 1956912.8690259473 0
955547.8816796183 1956912.8679037797 0
