955545.891157 1956913.21211 0
955546.016448 1956913.53319 0
955546.132734 1956913.82104 0
955546.249139 1956914.13107 0
955546.391903 1956914.41877 0
955546.534608 1956914.69538 0
955546.730626 1956915.03827 0
955546.944237 1956915.36997 0
955547.175619 1956915.72376 0
955547.415767 1956916.06642 0
955547.664622 1956916.38683 0
955547.939896 1956916.69602 0
955548.179747 1956916.9832 0
955548.39306 1956917.25942 0
955548.580014 1956917.55798 0
955548.758141 1956917.85659 0
955548.936329 1956918.16629 0
955549.132525 1956918.54247 0
955549.248752 1956918.81921 0
955549.391397 1956919.08473 0
955549.543046 1956919.38348 0
955549.685989 1956919.70446 0
955549.846405 1956919.99207 0
955549.997995 1956920.27972 0
955550.149764 1956920.60066 0
955550.31018 1956920.88827 0
955550.470596 1956921.17587 0
955550.639898 1956921.47453 0
955550.809199 1956921.77318 0
955550.978501 1956922.07184 0
955551.156569 1956922.35935 0
955551.343523 1956922.65791 0
955551.539362 1956922.96752 0
955551.744027 1956923.27707 0
955551.939747 1956923.56449 0
955552.126523 1956923.82977 0
955552.313298 1956924.09504 0
955552.491187 1956924.34927 0
955552.669017 1956924.59241 0
955552.829254 1956924.84673 0
955553.060576 1956925.18943 0
955553.274186 1956925.52113 0
955553.47903 1956925.86397 0
955553.692759 1956926.21786 0
955553.9242 1956926.58276 0
955554.102089 1956926.83698 0
955554.315342 1956927.10212 0
955554.537362 1956927.35611 0
955554.768029 1956927.57677 0
955555.016288 1956927.78624 0
955555.282021 1956927.96233 0
955555.565347 1956928.12724 0
955555.848553 1956928.26995 0
955556.140527 1956928.40153 0
955556.441088 1956928.48867 0
955556.89181 1956928.5972 0
955557.218671 1956928.65093 0
955557.545353 1956928.67136 0
955557.863149 1956928.68075 0
955558.180767 1956928.65686 0
955558.498266 1956928.61078 0
955558.859776 1956928.54227 0
955559.203456 1956928.44057 0
955559.538131 1956928.30564 0
955559.863801 1956928.13747 0
955560.180527 1956927.94716 0
955560.470774 1956927.75699 0
955560.716773 1956927.54486 0
955560.936233 1956927.32179 0
955561.129156 1956927.08776 0
955561.418571 1956926.74227 0
955561.67274 1956926.40806 0
955561.935498 1956926.02942 0
955562.180783 1956925.68416 0
955562.36482 1956925.43909 0
955562.627697 1956925.08264 0
955562.811735 1956924.83757 0
955562.986946 1956924.59254 0
955563.170984 1956924.34746 0
955563.3815 1956924.10225 0
955563.556533 1956923.82394 0
955563.740392 1956923.54558 0
955563.915426 1956923.26727 0
955564.081514 1956922.96681 0
955564.22995 1956922.66645 0
955564.378326 1956922.355 0
955564.517937 1956922.05469 0
955564.648542 1956921.72114 0
955564.752729 1956921.39883 0
955564.856857 1956921.06543 0
955564.952158 1956920.73207 0
955565.038633 1956920.39876 0
955565.107397 1956920.05445 0
955565.167395 1956919.72128 0
955565.218566 1956919.38816 0
955565.269737 1956919.05504 0
955565.303197 1956918.71091 0
955565.319064 1956918.37798 0
955565.317279 1956918.04514 0
955565.288957 1956917.70135 0
955565.269579 1956917.37971 0
955565.241435 1956917.0692 0
955565.213351 1956916.76979 0
955565.17644 1956916.47042 0
955565.13947 1956916.15996 0
955565.066601 1956915.73875 0
955564.984905 1956915.31758 0
955564.912215 1956914.92965 0
955564.813046 1956914.54186 0
955564.687339 1956914.14312 0
955564.544159 1956913.77775 0
955564.409865 1956913.42344 0
955564.284455 1956913.08017 0
955564.141335 1956912.7259 0
955563.971617 1956912.34958 0
955563.793014 1956911.96222 0
955563.596699 1956911.56385 0
955563.382672 1956911.15449 0
955563.248794 1956910.87784 0
955563.097323 1956910.61237 0
955562.936967 1956910.33586 0
955562.794262 1956910.05925 0
955562.642673 1956909.7716 0
955562.482316 1956909.49508 0
955562.32196 1956909.21857 0
955562.152777 1956908.94211 0
955561.992361 1956908.6545 0
955561.831945 1956908.36689 0
955561.662763 1956908.09043 0
955561.502466 1956907.82501 0
955561.342169 1956907.55959 0
955561.093017 1956907.1837 0
955560.843924 1956906.8189 0
955560.586064 1956906.46525 0
955560.345856 1956906.1115 0
955560.114594 1956905.77989 0
955559.874505 1956905.44834 0
955559.634417 1956905.11678 0
955559.376617 1956904.77422 0
955559.127702 1956904.4427 0
955558.878906 1956904.13338 0
955558.647882 1956903.84615 0
955558.372667 1956903.54807 0
955558.062208 1956903.26127 0
955557.689967 1956902.97479 0
955557.424233 1956902.7987 0
955557.140966 1956902.64489 0
955556.840226 1956902.52446 0
955556.530778 1956902.42627 0
955556.239042 1956902.33907 0
955555.797323 1956902.26378 0
955555.38232 1956902.23272 0
955555.020451 1956902.23466 0
955554.694006 1956902.2586 0
955554.332436 1956902.31601 0
955554.032647 1956902.3731 0
955553.733037 1956902.46346 0
955553.354231 1956902.59863 0
955553.054859 1956902.73338 0
955552.764195 1956902.84589 0
955552.4294 1956902.95863 0
955552.041767 1956903.09385 0
955551.750924 1956903.17307 0
955551.451255 1956903.25235 0
955551.14276 1956903.33167 0
955550.825319 1956903.38884 0
955550.507938 1956903.45712 0
955550.217095 1956903.53634 0
955549.802985 1956903.6717 0
955549.433124 1956903.82901 0
955549.080915 1956903.98623 0
955548.737711 1956904.17669 0
955548.376973 1956904.38942 0
955548.025062 1956904.60211 0
955547.769999 1956904.76991 0
955547.515055 1956904.95989 0
955547.260112 1956905.14987 0
955547.013994 1956905.3398 0
955546.776881 1956905.56297 0
955546.566306 1956905.7971 0
955546.294484 1956906.1314 0
955546.119272 1956906.37643 0
955545.927182 1956906.76578 0
955545.752685 1956907.14394 0
955545.648915 1956907.54392 0
955545.562738 1956907.9327 0
955545.520334 1956908.25468 0
955545.504646 1956908.6209 0
955545.506551 1956908.97592 0
955545.534755 1956909.29752 0
955545.545248 1956909.60812 0
955545.5558 1956909.92982 0
955545.575357 1956910.28475 0
955545.550486 1956910.58445 0
955545.578691 1956910.90605 0
955545.58954 1956911.28322 0
955545.600093 1956911.60491 0
955545.6098710474 1956911.7823789646 0
955545.6300139265 1956911.9301271066 0
955545.6501568056 1956912.0778752486 0
955545.6702996846 1956912.2256233906 0
955545.6904425637 1956912.3733715327 0
955545.7105854428 1956912.521119675 0
955545.7307283219 1956912.668867817 0
955545.7508712009 1956912.816615959 0
955545.77101408 1956912.964364101 0
955545.7911569591 1956913.112112243 0
