955546.346019 1956899.28557 0
955546.346019 1956899.28557 0
955546.346019 1956899.28557 0
955546.346019 1956899.28557 0
955546.346019 1956899.28557 0
955546.346019 1956899.28557 0
955546.346019 1956899.28557 0
955546.346019 1956899.28557 0
955546.346019 1956899.28557 0
955546.346019 1956899.28557 0
955546.346079 1956899.29666 0
955546.346019 1956899.28557 0
955546.346019 1956899.28557 0
955546.346019 1956899.28557 0
955546.346019 1956899.28557 0
955546.346019 1956899.28557 0
955546.346019 1956899.28557 0
955546.346019 1956899.28557 0
955546.346019 1956899.28557 0
955546.354845 1956899.28552 0
955546.346019 1956899.28557 0
955546.354845 1956899.28552 0
955546.354845 1956899.28552 0
955546.346019 1956899.28557 0
955546.354845 1956899.28552 0
955546.346019 1956899.28557 0
955546.354845 1956899.28552 0
955546.346019 1956899.28557 0
955546.346019 1956899.28557 0
955546.346019 1956899.28557 0
955546.354845 1956899.28552 0
955546.346019 1956899.28557 0
955546.346019 1956899.28557 0
955546.346019 1956899.28557 0
955546.354845 1956899.28552 0
955546.354845 1956899.28552 0
955546.354845 1956899.28552 0
955546.354845 1956899.28552 0
955546.346019 1956899.28557 0
955546.346019 1956899.28557 0
955546.346019 1956899.28557 0
955546.346019 1956899.28557 0
955546.346019 1956899.28557 0
955546.346019 1956899.28557 0
955546.346019 1956899.28557 0
955546.346019 1956899.28557 0
955546.346019 1956899.28557 0
955546.346019 1956899.28557 0
955546.346019 1956899.28557 0
955546.346019 1956899.28557 0
955546.346019 1956899.28557 0
955546.346019 1956899.28557 0
955546.346019 1956899.28557 0
955546.346019 1956899.28557 0
955546.346019 1956899.28557 0
955546.346019 1956899.28557 0
955546.346019 1956899.28557 0
955546.346019 1956899.28557 0
955546.34596 1956899.27448 0
955546.34596 1956899.27448 0
955546.346019 1956899.28557 0
955546.346019 1956899.28557 0
955546.346019 1956899.28557 0
955546.346019 1956899.28557 0
955546.346019 1956899.28557 0
955546.346019 1956899.28557 0
955546.346019 1956899.28557 0
955546.346019 1956899.28557 0
955546.346019 1956899.28557 0
955546.346019 1956899.28557 0
955546.346019 1956899.28557 0
955546.346019 1956899.28557 0
955546.34596 1956899.27448 0
955546.346019 1956899.28557 0
955546.346019 1956899.28557 0
955546.346019 1956899.28557 0
955546.346019 1956899.28557 0
955546.346019 1956899.28557 0
955546.346019 1956899.28557 0
955546.346019 1956899.28557 0
955546.346019 1956899.28557 0
955546.346019 1956899.28557 0
955546.346019 1956899.28557 0
955546.346019 1956899.28557 0
955546.346019 1956899.28557 0
955546.346019 1956899.28557 0
955546.346019 1956899.28557 0
955546.346019 1956899.28557 0
955546.346019 1956899.28557 0
955546.346019 1956899.28557 0
955546.346019 1956899.28557 0
955546.346019 1956899.28557 0
955546.346019 1956899.28557 0
955546.346019 1956899.28557 0
955546.346019 1956899.28557 0
955546.346019 1956899.28557 0
955546.346019 1956899.28557 0
955546.346019 1956899.28557 0
955546.346019 1956899.28557 0
955546.346019 1956899.28557 0
955546.346019 1956899.28557 0
955546.346019 1956899.28557 0
955546.346019 1956899.28557 0
955546.346019 1956899.28557 0
955546.346019 1956899.28557 0
955546.346019 1956899.28557 0
955546.346019 1956899.28557 0
955546.346019 1956899.28557 0
955546.346019 1956899.28557 0
955546.346019 1956899.28557 0
955546.354845 1956899.28552 0
955546.354845 1956899.28552 0
955546.346019 1956899.28557 0
955546.346019 1956899.28557 0
955546.346019 1956899.28557 0
955546.346019 1956899.28557 0
955546.346019 1956899.28557 0
955546.346019 1956899.28557 0
955546.346019 1956899.28557 0
955546.346019 1956899.28557 0
955546.346019 1956899.28557 0
955546.346019 1956899.28557 0
955546.346019 1956899.28557 0
955546.346019 1956899.28557 0
955546.346019 1956899.28557 0
955546.346019 1956899.28557 0
955546.346019 1956899.28557 0
955546.354845 1956899.28552 0
955546.354845 1956899.28552 0
955546.354845 1956899.28552 0
955546.354845 1956899.28552 0
955546.354845 1956899.28552 0
955546.354845 1956899.28552 0
955546.354845 1956899.28552 0
955546.354845 1956899.28552 0
955546.354845 1956899.28552 0
955546.346019 1956899.28557 0
955546.354845 1956899.28552 0
955546.346019 1956899.28557 0
955546.346019 1956899.28557 0
955546.346019 1956899.28557 0
955546.346019 1956899.28557 0
955546.346019 1956899.28557 0
955546.354845 1956899.28552 0
955546.346019 1956899.28557 0
955546.346019 1956899.28557 0
955546.354845 1956899.28552 0
955546.346019 1956899.28557 0
955546.337193 1956899.28562 0
955546.337193 1956899.28562 0
955546.310715 1956899.28576 0
955546.284237 1956899.2859 0
955546.240106 1956899.28614 0
955546.23134 1956899.29728 0
955546.18721 1956899.29752 0
955546.169557 1956899.29761 0
955546.143079 1956899.29775 0
955546.143079 1956899.29775 0
955546.125427 1956899.29785 0
955546.151905 1956899.29771 0
955546.143079 1956899.29775 0
955546.134253 1956899.2978 0
955546.143079 1956899.29775 0
955546.143079 1956899.29775 0
955546.134253 1956899.2978 0
955546.143079 1956899.29775 0
955546.143079 1956899.29775 0
955546.143079 1956899.29775 0
955546.143079 1956899.29775 0
955546.134253 1956899.2978 0
955546.143079 1956899.29775 0
955546.143079 1956899.29775 0
955546.143079 1956899.29775 0
955546.143079 1956899.29775 0
955546.143079 1956899.29775 0
955546.151905 1956899.29771 0
955546.151905 1956899.29771 0
955546.151905 1956899.29771 0
955546.151905 1956899.29771 0
955546.151905 1956899.29771 0
955546.151905 1956899.29771 0
955546.151905 1956899.29771 0
955546.151905 1956899.29771 0
955546.222454 1956899.28623 0
955546.23134 1956899.29728 0
955546.301889 1956899.28581 0
955546.372497 1956899.28543 0
955546.416568 1956899.2741 0
955546.496003 1956899.27367 0
955546.531307 1956899.27348 0
955546.601915 1956899.2731 0
955546.646046 1956899.27287 0
955546.707769 1956899.26144 0
955546.751899 1956899.2612 0
955546.804855 1956899.26092 0
955546.840159 1956899.26073 0
955546.901882 1956899.2493 0
955546.97255 1956899.26002 0
955547.043099 1956899.24855 0
955547.140305 1956899.27021 0
955547.255044 1956899.2696 0
955547.387554 1956899.29108 0
955547.537597 1956899.29027 0
955547.670047 1956899.30066 0
955547.811205 1956899.2888 0
955547.970074 1956899.28795 0
955548.11141 1956899.30938 0
955548.261512 1956899.31967 0
955548.393963 1956899.33006 0
955548.535179 1956899.3293 0
955548.66763 1956899.33968 0
955548.808906 1956899.35002 0
955548.923705 1956899.3605 0
955549.065041 1956899.38193 0
955549.162246 1956899.4036 0
955549.294697 1956899.41398 0
955549.400669 1956899.42451 0
955549.524412 1956899.45713 0
955549.648156 1956899.48975 0
955549.780725 1956899.52233 0
955549.930887 1956899.54371 0
955550.072283 1956899.57624 0
955550.231449 1956899.63086 0
955550.417035 1956899.67424 0
955550.576201 1956899.72886 0
955550.735547 1956899.81677 0
955550.921132 1956899.86015 0
955551.089184 1956899.92582 0
955551.275067 1956900.02468 0
955551.434412 1956900.11258 0
955551.611528 1956900.22258 0
955551.788823 1956900.36586 0
955551.965999 1956900.48695 0
955552.134468 1956900.63028 0
955552.302937 1956900.77361 0
955552.46252 1956900.9059 0
955552.595744 1956901.06051 0
955552.737735 1956901.20398 0
955552.879666 1956901.33636 0
955553.01283 1956901.47988 0
955553.110631 1956901.61249 0
955553.217377 1956901.76725 0
955553.297525 1956901.89996 0
955553.377734 1956902.04376 0
955553.440171 1956902.16547 0
955553.502786 1956902.32046 0
955553.556338 1956902.43113 0
955553.601182 1956902.56402 0
955553.628196 1956902.66373 0
955553.655269 1956902.77454 0
955553.673457 1956902.87429 0
955553.691585 1956902.96296 0
955553.700947 1956903.06276 0
955553.719075 1956903.15142 0
955553.728377 1956903.24013 0
955553.728853 1956903.32889 0
955553.729389 1956903.42874 0
955553.729984 1956903.53969 0
955553.730579 1956903.65063 0
955553.713582 1956903.77277 0
955553.696584 1956903.8949 0
955553.679646 1956904.02813 0
955553.653882 1956904.16141 0
955553.628118 1956904.29468 0
955553.584702 1956904.42806 0
955553.541346 1956904.57252 0
955553.480337 1956904.71708 0
955553.419388 1956904.87274 0
955553.349493 1956905.00625 0
955553.270833 1956905.15091 0
955553.191993 1956905.26228 0
955553.113273 1956905.39584 0
955553.034434 1956905.50721 0
955552.96442 1956905.61854 0
955552.885521 1956905.71882 0
955552.824275 1956905.819 0
955552.745316 1956905.90818 0
955552.68401 1956905.99727 0
955552.622585 1956906.06417 0
955552.570045 1956906.14211 0
955552.517386 1956906.19787 0
955552.473554 1956906.25358 0
955552.447313 1956906.2981 0
955552.403421 1956906.34272 0
955552.377122 1956906.37614 0
955552.350763 1956906.39847 0
955552.324463 1956906.4319 0
955552.30687 1956906.44309 0
955552.298163 1956906.46532 0
955552.280571 1956906.47651 0
955552.271804 1956906.48766 0
955552.263038 1956906.4988 0
955552.263097 1956906.50989 0
955552.263097 1956906.50989 0
955552.263097 1956906.50989 0
955552.263038 1956906.4988 0
955552.263038 1956906.4988 0
955552.263038 1956906.4988 0
955552.263038 1956906.4988 0
955552.263038 1956906.4988 0
955552.263038 1956906.4988 0
955552.263038 1956906.4988 0
955552.263038 1956906.4988 0
955552.263038 1956906.4988 0
955552.263038 1956906.4988 0
955552.263038 1956906.4988 0
955552.263038 1956906.4988 0
955552.263038 1956906.4988 0
955552.271864 1956906.49875 0
955552.271864 1956906.49875 0
955552.263038 1956906.4988 0
955552.263038 1956906.4988 0
955552.263038 1956906.4988 0
955552.263038 1956906.4988 0
955552.263038 1956906.4988 0
955552.263038 1956906.4988 0
955552.263038 1956906.4988 0
955552.263038 1956906.4988 0
955552.271864 1956906.49875 0
955552.271864 1956906.49875 0
955552.271864 1956906.49875 0
955552.271804 1956906.48766 0
955552.271864 1956906.49875 0
955552.271864 1956906.49875 0
955552.271864 1956906.49875 0
955552.271864 1956906.49875 0
955552.271864 1956906.49875 0
955552.271864 1956906.49875 0
955552.271864 1956906.49875 0
955552.271864 1956906.49875 0
955552.271864 1956906.49875 0
955552.271864 1956906.49875 0
955552.271864 1956906.49875 0
955552.271864 1956906.49875 0
955552.271864 1956906.49875 0
955552.271864 1956906.49875 0
955552.271804 1956906.48766 0
955552.271864 1956906.49875 0
955552.271804 1956906.48766 0
955552.271864 1956906.49875 0
955552.271864 1956906.49875 0
955552.271864 1956906.49875 0
955552.271864 1956906.49875 0
955552.271864 1956906.49875 0
955552.271864 1956906.49875 0
