935534.607313 1915849.96473 0
935535.507923 1915851.73296 0
935536.210416 1915853.1144 0
935536.9854 1915854.69499 0
935537.706569 1915856.19833 0
935538.644276 1915858.17708 0
935539.346682 1915859.54742 0
935540.848893 1915862.26518 0
935542.242365 1915864.68422 0
935543.258195 1915866.44047 0
935544.453805 1915868.506 0
935545.505965 1915870.37292 0
935546.945146 1915872.96912 0
935548.537498 1915875.8748 0
935549.824358 1915878.27246 0
935551.003502 1915880.50454 0
935552.353727 1915883.06814 0
935553.758531 1915885.80883 0
935554.776315 1915887.82025 0
935555.459529 1915889.00214 0
935555.782163 1915889.43236 0
935555.961091 1915889.63069 0
935556.470501 1915890.12604 0
935557.184512 1915890.69748 0
935558.013234 1915891.19038 0
935558.503286 1915891.47508 0
935559.028903 1915891.7706 0
935559.661042 1915892.0764 0
935560.40013 1915892.44795 0
935561.094613 1915892.78656 0
935561.860395 1915893.16899 0
935562.599397 1915893.52945 0
935563.311109 1915893.80135 0
935564.190836 1915894.0054 0
935565.246937 1915894.07496 0
935566.142531 1915894.0348 0
935567.17049 1915893.90487 0
935568.277767 1915893.70777 0
935569.69387 1915893.2975 0
935570.97599 1915892.76621 0
935572.54911 1915892.0108 0
935574.165984 1915891.17739 0
935576.215266 1915890.0522 0
935577.734317 1915889.18625 0
935579.40339 1915888.21931 0
935581.055234 1915887.31906 0
935582.857695 1915886.39547 0
935584.483441 1915885.562 0
935586.569481 1915884.60295 0
935588.248701 1915883.80234 0
935590.546341 1915882.67525 0
935592.889862 1915881.74752 0
935594.235775 1915881.43764 0
935595.050946 1915881.32044 0
935595.830894 1915881.23679 0
935596.912585 1915881.17303 0
935597.790951 1915881.19957 0
935599.04304 1915881.37858 0
935599.940251 1915881.54921 0
935600.810939 1915881.73115 0
935601.931002 1915882.0443 0
935602.732602 1915882.47085 0
935603.516718 1915882.93081 0
935604.336398 1915883.40159 0
935605.111474 1915883.83944 0
935605.993498 1915884.34303 0
935606.920296 1915884.90175 0
935607.660658 1915885.43971 0
935608.544553 1915886.18737 0
935609.322861 1915887.04679 0
935610.119589 1915887.99482 0
935610.657051 1915888.67857 0
935611.114175 1915889.29636 0
935611.714916 1915890.13495 0
935612.128286 1915890.83075 0
935612.631459 1915891.67008 0
935613.153053 1915892.59803 0
935613.683771 1915893.5592 0
935614.214489 1915894.52037 0
935614.93445 1915895.8684 0
935615.429774 1915896.84093 0
935615.961002 1915897.86866 0
935616.419911 1915898.71943 0
935616.924019 1915899.6808 0
935617.364763 1915900.47624 0
935617.89565 1915901.4596 0
935618.606145 1915902.73004 0
935619.163812 1915903.73537 0
935619.730263 1915904.72955 0
935620.350358 1915905.77879 0
935621.006697 1915906.9276 0
935621.491959 1915907.74489 0
935622.093889 1915908.73879 0
935622.606271 1915909.62244 0
935623.262524 1915910.76016 0
935623.738916 1915911.57751 0
935624.134629 1915912.28454 0
935624.611871 1915913.21283 0
935624.972531 1915913.9756 0
935625.325766 1915914.92703 0
935625.617848 1915916.00098 0
935625.811512 1915916.96473 0
935625.897889 1915917.81835 0
935625.92824 1915918.30629 0
935625.942298 1915918.98295 0
935625.81631 1915919.90478 0
935625.565041 1915920.68333 0
935625.233603 1915921.41812 0
935624.945238 1915921.98616 0
935624.525868 1915922.82147 0
935624.210639 1915923.35643 0
935623.816092 1915923.95857 0
935623.271526 1915924.66171 0
935622.919712 1915925.05272 0
935622.214979 1915925.69052 0
935621.536005 1915926.21717 0
935621.147947 1915926.50861 0
935620.460019 1915927.02424 0
935619.93081 1915927.41661 0
935619.278276 1915927.92087 0
935618.457726 1915928.49299 0
935617.406903 1915929.11126 0
935616.594373 1915929.57237 0
935615.605129 1915930.12359 0
935614.739295 1915930.57402 0
935613.784935 1915931.04731 0
935612.768741 1915931.55436 0
935611.734893 1915932.07264 0
935610.966117 1915932.45576 0
935609.949923 1915932.96281 0
935609.022002 1915933.41371 0
935607.855704 1915934.01067 0
935606.717036 1915934.74056 0
935605.887278 1915935.26837 0
935605.119098 1915935.72914 0
935604.130025 1915936.30255 0
935603.291057 1915936.78606 0
935602.231367 1915937.40439 0
935601.418838 1915937.8655 0
935600.59744 1915938.32669 0
935599.38739 1915939.00165 0
935598.1596 1915939.67674 0
935597.055477 1915940.28432 0
935596.083804 1915940.81322 0
935595.271106 1915941.25215 0
935594.379006 1915941.74716 0
935593.424988 1915942.26483 0
935592.267477 1915942.85063 0
935591.330773 1915943.3127 0
935590.597137 1915943.65116 0
935589.872457 1915944.00066 0
935588.997586 1915944.42896 0
935588.202118 1915944.80119 0
935587.274029 1915945.22991 0
935586.381334 1915945.64726 0
935585.338364 1915946.13233 0
935584.251216 1915946.63993 0
935583.579584 1915946.96683 0
935583.181807 1915947.14739 0
935582.492266 1915947.45224 0
935580.910881 1915948.28537 0
935580.080615 1915948.74663 0
935579.39184 1915949.15132 0
935578.70315 1915949.5671 0
935577.590414 1915950.20804 0
935576.760234 1915950.68038 0
935575.214755 1915951.56872 0
935574.25204 1915952.10865 0
935572.99773 1915952.79505 0
935571.911435 1915953.41359 0
935570.913156 1915953.9427 0
935570.073766 1915954.37073 0
935569.048538 1915954.85567 0
935568.146975 1915955.27309 0
935578.194 1915949.10503 0
935576.87692 1915949.70316 0
935577.99061 1915948.03041 0
935576.843332 1915948.79365 0
935575.643942 1915949.70152 0
935574.212152 1915950.37819 0
935572.77883 1915950.85516 0
935571.576888 1915951.43021 0
935570.385518 1915952.22707 0
935568.56695 1915953.36159 0
935566.693378 1915954.26354 0
935565.21724 1915954.94054 0
935563.988775 1915955.52689 0
935562.841074 1915956.23466 0
935561.764415 1915956.95298 0
935560.687842 1915957.6824 0
935559.601123 1915958.24547 0
935558.362767 1915958.69876 0
935557.362531 1915958.97271 0
935556.742842 1915959.13279 0
935556.025672 1915959.30472 0
935555.449736 1915959.3868 0
935554.908853 1915959.41314 0
935554.358504 1915959.36189 0
935553.736687 1915959.24462 0
935553.230431 1915959.15975 0
935552.679572 1915959.04193 0
935552.119672 1915958.902 0
935551.639771 1915958.78364 0
935550.981793 1915958.57789 0
935550.350169 1915958.33866 0
935549.780293 1915958.05457 0
935549.281375 1915957.76994 0
935549.093918 1915957.61605 0
935548.817339 1915957.40738 0
935548.183671 1915956.90189 0
935547.817373 1915956.56076 0
935547.397345 1915956.15348 0
935546.976891 1915955.69073 0
935546.421263 1915954.95166 0
935545.837663 1915954.03528 0
935545.442456 1915953.39482 0
935544.930579 1915952.57774 0
935544.616562 1915952.11418 0
935544.203616 1915951.47386 0
935543.700013 1915950.57905 0
935543.22336 1915949.72842 0
935542.486589 1915948.50257 0
935542.002343 1915947.81842 0
935541.238026 1915946.47074 0
935540.724787 1915945.47616 0
935540.185023 1915944.49287 0
935539.61865 1915943.50979 0
935538.917953 1915942.36133 0
935538.370001 1915941.46687 0
935537.83868 1915940.42805 0
935537.307104 1915939.35594 0
935536.83915 1915938.48306 0
935536.19167 1915937.33418 0
935535.668708 1915936.22873 0
935534.937058 1915934.51467 0
935534.467825 1915933.47538 0
935533.818897 1915932.1379 0
935533.286724 1915930.98814 0
935532.674297 1915929.78352 0
935532.268089 1915928.86579 0
935531.931476 1915927.77 0
935531.758181 1915927.15003 0
935531.530645 1915926.39734 0
935531.329633 1915925.63335 0
935531.11643 1915924.43676 0
935531.028852 1915923.42782 0
935531.019568 1915922.21857 0
935531.072543 1915921.03103 0
935531.29627 1915918.9768 0
935531.344208 1915918.28856 0
935531.523914 1915917.43289 0
935528.370036 1915916.79143 0
935520.719717 1915923.18522 0
935521.368498 1915922.19282 0
935521.965253 1915921.35613 0
935522.879105 1915920.22856 0
935523.75833 1915919.21219 0
935524.410093 1915918.60807 0
935525.371191 1915917.85735 0
935526.562392 1915917.03829 0
935527.44511 1915916.47678 0
935528.513326 1915915.814 0
935529.458133 1915915.25201 0
935530.279274 1915914.75754 0
935531.047538 1915914.30785 0
935531.939893 1915913.84612 0
935532.849732 1915913.35097 0
935533.609381 1915912.93464 0
935534.483826 1915912.45085 0
935535.269915 1915912.01213 0
935536.109137 1915911.5619 0
935536.806953 1915911.17932 0
935537.699139 1915910.6954 0
935538.635417 1915910.17786 0
935539.377498 1915909.78385 0
935540.07523 19159