955596.11706 1956899.18512 0
955595.704078 1956899.53128 0
955596.013347 1956899.59619 0
955596.393343 1956899.68291 0
955596.693845 1956899.75897 0
955596.924453 1956899.96853 0
955597.181597 1956900.18905 0
955597.430094 1956900.4429 0
955597.678889 1956900.75223 0
955597.98058 1956901.05017 0
955598.246967 1956901.34831 0
955598.487173 1956901.70206 0
955598.744674 1956901.98915 0
955599.002235 1956902.28733 0
955599.233615 1956902.64113 0
955599.500002 1956902.93926 0
955599.757682 1956903.25963 0
955599.997887 1956903.61338 0
955600.22897 1956903.91171 0
955600.460053 1956904.21003 0
955600.673661 1956904.54173 0
955600.869737 1956904.89572 0
955601.065753 1956905.23861 0
955601.173687 1956905.61526 0
955601.211191 1956906.02557 0
955601.186853 1956906.42511 0
955601.056186 1956906.74757 0
955600.845966 1956907.04826 0
955600.617856 1956907.30466 0
955600.363327 1956907.5723 0
955600.028888 1956907.75161 0
955599.703276 1956907.93088 0
955599.395494 1956908.14333 0
955599.061293 1956908.36702 0
955598.744685 1956908.57952 0
955598.454792 1956908.83625 0
955598.173667 1956909.08185 0
955597.87483 1956909.31644 0
955597.593942 1956909.60641 0
955597.409962 1956909.86258 0
955597.10218 1956910.07504 0
955596.829762 1956910.29839 0
955596.539929 1956910.56622 0
955596.249859 1956910.78968 0
955595.968496 1956910.99089 0
955595.634295 1956911.21458 0
955595.238134 1956911.40532 0
955594.868034 1956911.51825 0
955594.515111 1956911.54233 0
955594.152946 1956911.4888 0
955593.816367 1956911.2687 0
955593.497262 1956911.01523 0
955593.230994 1956910.73929 0
955593.017385 1956910.40758 0
955592.759824 1956910.1094 0
955592.537508 1956909.79994 0
955592.315252 1956909.50157 0
955592.110647 1956909.2031 0
955591.861972 1956908.91596 0
955591.648541 1956908.61755 0
955591.426166 1956908.29699 0
955591.186495 1956908.04309 0
955590.964357 1956907.76691 0
955590.759693 1956907.45735 0
955590.537614 1956907.19226 0
955590.30665 1956906.91612 0
955590.101986 1956906.60656 0
955589.888615 1956906.31924 0
955589.639939 1956906.0321 0
955589.426449 1956905.72259 0
955589.221844 1956905.42413 0
955588.955517 1956905.13709 0
955588.688951 1956904.80567 0
955588.448804 1956904.46301 0
955588.261911 1956904.17555 0
955588.163159 1956903.86542 0
955588.213975 1956903.46573 0
955588.265326 1956903.16589 0
955588.351683 1956902.81039 0
955588.606033 1956902.50947 0
955588.878214 1956902.24173 0
955589.070841 1956901.95223 0
955589.396335 1956901.75078 0
955589.651279 1956901.5608 0
955589.923876 1956901.37072 0
955590.125686 1956901.14774 0
955590.353975 1956900.92462 0
955590.679468 1956900.72317 0
955590.951827 1956900.48872 0
955591.242136 1956900.30964 0
955591.461301 1956900.0311 0
955591.654047 1956899.76379 0
955591.970774 1956899.57347 0
955592.207948 1956899.3614 0
955592.462655 1956899.12704 0
955592.761552 1956898.90354 0
955593.086987 1956898.691 0
955593.341872 1956898.48992 0
955593.631883 1956898.25537 0
955593.957318 1956898.04283 0
955594.273867 1956897.81923 0
955594.617667 1956897.73973 0
955594.952998 1956897.72683 0
955595.279919 1956897.79165 0
955595.4568562472 1956897.8683667884 0
955595.4635249714 1956897.8816673458 0
955595.4701936955 1956897.8949679034 0
955595.4768624197 1956897.9082684608 0
955595.4835311439 1956897.9215690184 0
955595.4901998681 1956897.9348695758 0
955595.4968685922 1956897.9481701334 0
955595.5035373165 1956897.9614706908 0
955595.5102060406 1956897.9747712482 0
955595.5168747648 1956897.9880718058 0
955595.5235434889 1956898.0013723632 0
955595.5302122132 1956898.0146729208 0
955595.5368809373 1956898.0279734782 0
955595.5435496615 1956898.0412740358 0
955595.5502183856 1956898.0545745932 0
955595.5568871099 1956898.0678751506 0
955595.563555834 1956898.0811757082 0
955595.5702245582 1956898.0944762656 0
955595.5768932824 1956898.1077768232 0
955595.5835620066 1956898.1210773806 0
955595.5902307307 1956898.134377938 0
955595.596899455 1956898.1476784956 0
955595.6035681791 1956898.160979053 0
955595.6102369033 1956898.1742796106 0
955595.6169056274 1956898.187580168 0
955595.6235743517 1956898.2008807256 0
955595.6302430758 1956898.214181283 0
955595.6369118 1956898.2274818404 0
955595.6435805241 1956898.240782398 0
955595.6502492484 1956898.2540829554 0
955595.6569179725 1956898.267383513 0
955595.6635866967 1956898.2806840704 0
955595.6702554208 1956898.293984628 0
955595.6769241451 1956898.3072851854 0
955595.6835928693 1956898.3205857428 0
955595.6902615934 1956898.3338863004 0
955595.6969303177 1956898.3471868578 0
955595.7035990418 1956898.3604874155 0
955595.710267766 1956898.3737879728 0
955595.7169364901 1956898.3870885305 0
955595.7236052144 1956898.4003890879 0
955595.7302739385 1956898.4136896452 0
955595.7369426627 1956898.4269902029 0
955595.7436113869 1956898.4402907602 0
955595.7502801111 1956898.4535913179 0
955595.7569488352 1956898.4668918753 0
955595.7636175595 1956898.4801924329 0
955595.7702862836 1956898.4934929903 0
955595.7769550078 1956898.5067935477 0
955595.7836237319 1956898.5200941053 0
955595.7902924562 1956898.5333946627 0
955595.7969611803 1956898.5466952203 0
955595.8036299045 1956898.5599957777 0
955595.8102986286 1956898.573296335 0
955595.8169673529 1956898.5865968927 0
955595.823636077 1956898.59989745 0
955595.8303048012 1956898.6131980077 0
955595.8369735254 1956898.626498565 0
955595.8436422496 1956898.6397991227 0
955595.8503109737 1956898.65309968 0
955595.856979698 1956898.6664002375 0
955595.8636484221 1956898.679700795 0
955595.8703171463 1956898.6930013525 0
955595.8769858704 1956898.70630191 0
955595.8836545947 1956898.7196024675 0
955595.8903233188 1956898.732903025 0
955595.896992043 1956898.7462035825 0
955595.9036607672 1956898.75950414 0
955595.9103294914 1956898.7728046975 0
955595.9169982156 1956898.786105255 0
955595.9236669397 1956898.7994058125 0
955595.930335664 1956898.81270637 0
955595.9370043881 1956898.8260069275 0
955595.9436731123 1956898.839307485 0
955595.9503418364 1956898.8526080423 0
955595.9570105607 1956898.8659086 0
955595.9636792848 1956898.8792091573 0
955595.970348009 1956898.892509715 0
955595.9770167331 1956898.9058102723 0
955595.9836854574 1956898.91911083 0
955595.9903541815 1956898.9324113873 0
955595.9970229057 1956898.9457119447 0
955596.0036916299 1956898.9590125023 0
955596.0103603541 1956898.9723130597 0
955596.0170290782 1956898.9856136173 0
955596.0236978024 1956898.9989141747 0
955596.0303665266 1956899.0122147321 0
955596.0370352508 1956899.0255152897 0
955596.0437039749 1956899.0388158471 0
955596.0503726992 1956899.0521164048 0
955596.0570414233 1956899.0654169621 0
955596.0637101475 1956899.0787175198 0
955596.0703788716 1956899.0920180771 0
955596.0770475959 1956899.1053186345 0
955596.08371632 1956899.1186191922 0
955596.0903850442 1956899.1319197495 0
955596.0970537683 1956899.1452203072 0
955596.1037224926 1956899.1585208646 0
955596.1103912167 1956899.1718214222 0
955596.1170599409 1956899.1851219796 0
