935533.479152 1915848.59765 0
935533.479152 1915848.59765 0
935533.479152 1915848.59765 0
935533.479152 1915848.59765 0
935533.479152 1915848.59765 0
935533.479152 1915848.59765 0
935533.479152 1915848.59765 0
935533.479152 1915848.59765 0
935533.488022 1915848.59758 0
935533.479152 1915848.59765 0
935533.479152 1915848.59765 0
935533.488107 1915848.60867 0
935533.479237 1915848.60874 0
935533.488107 1915848.60867 0
935533.488107 1915848.60867 0
935533.488107 1915848.60867 0
935533.488107 1915848.60867 0
935533.488107 1915848.60867 0
935533.488022 1915848.59758 0
935533.488022 1915848.59758 0
935533.479237 1915848.60874 0
935533.488022 1915848.59758 0
935533.488022 1915848.59758 0
935533.488022 1915848.59758 0
935533.488022 1915848.59758 0
935533.488022 1915848.59758 0
935533.488022 1915848.59758 0
935533.488022 1915848.59758 0
935533.488022 1915848.59758 0
935533.488022 1915848.59758 0
935533.488022 1915848.59758 0
935533.488022 1915848.59758 0
935533.488022 1915848.59758 0
935533.488022 1915848.59758 0
935533.479152 1915848.59765 0
935533.488022 1915848.59758 0
935533.479152 1915848.59765 0
935533.488022 1915848.59758 0
935533.488107 1915848.60867 0
935533.488022 1915848.59758 0
935533.479237 1915848.60874 0
935533.479237 1915848.60874 0
935533.488107 1915848.60867 0
935533.479237 1915848.60874 0
935533.479237 1915848.60874 0
935533.479152 1915848.59765 0
935533.479152 1915848.59765 0
935533.479152 1915848.59765 0
935533.479152 1915848.59765 0
935533.479152 1915848.59765 0
935533.479152 1915848.59765 0
935533.479152 1915848.59765 0
935533.479152 1915848.59765 0
935533.479152 1915848.59765 0
935533.479152 1915848.59765 0
935533.479152 1915848.59765 0
935533.488022 1915848.59758 0
935533.479152 1915848.59765 0
935533.488022 1915848.59758 0
935533.488022 1915848.59758 0
935533.479152 1915848.59765 0
935533.479152 1915848.59765 0
935533.479152 1915848.59765 0
935533.479152 1915848.59765 0
935533.479152 1915848.59765 0
935533.479152 1915848.59765 0
935533.488022 1915848.59758 0
935533.488022 1915848.59758 0
935533.479152 1915848.59765 0
935533.479152 1915848.59765 0
935533.488022 1915848.59758 0
935533.479152 1915848.59765 0
935533.479152 1915848.59765 0
935533.488022 1915848.59758 0
935533.479152 1915848.59765 0
935533.488022 1915848.59758 0
935533.479152 1915848.59765 0
935533.479152 1915848.59765 0
935533.479152 1915848.59765 0
935533.479152 1915848.59765 0
935533.479152 1915848.59765 0
935533.479152 1915848.59765 0
935533.479152 1915848.59765 0
935533.479152 1915848.59765 0
935533.479152 1915848.59765 0
935533.479152 1915848.59765 0
935533.479237 1915848.60874 0
935533.479152 1915848.59765 0
935533.479237 1915848.60874 0
935533.488107 1915848.60867 0
935533.488107 1915848.60867 0
935533.479237 1915848.60874 0
935533.488107 1915848.60867 0
935533.488107 1915848.60867 0
935533.488022 1915848.59758 0
935533.488107 1915848.60867 0
935533.488107 1915848.60867 0
935533.488107 1915848.60867 0
935533.488107 1915848.60867 0
935533.488107 1915848.60867 0
935533.488107 1915848.60867 0
935533.488107 1915848.60867 0
935533.488022 1915848.59758 0
935533.488022 1915848.59758 0
935533.488107 1915848.60867 0
935533.488022 1915848.59758 0
