955548.759723 1956914.86096 0
955548.768549 1956914.86091 0
955548.768609 1956914.87201 0
955548.768609 1956914.87201 0
955548.768609 1956914.87201 0
955548.768549 1956914.86091 0
955548.768549 1956914.86091 0
955548.759723 1956914.86096 0
955548.759783 1956914.87205 0
955548.759783 1956914.87205 0
955548.759723 1956914.86096 0
955548.759783 1956914.87205 0
955548.759783 1956914.87205 0
955548.759783 1956914.87205 0
955548.759783 1956914.87205 0
955548.759723 1956914.86096 0
955548.759783 1956914.87205 0
955548.759783 1956914.87205 0
955548.759783 1956914.87205 0
955548.777435 1956914.87196 0
955548.786201 1956914.86082 0
955548.803913 1956914.87182 0
955548.830451 1956914.88277 0
955548.87464 1956914.89363 0
955548.901119 1956914.89348 0
955548.945308 1956914.90434 0
955548.998265 1956914.90406 0
955549.05128 1956914.91487 0
955549.09547 1956914.92573 0
955549.148486 1956914.93654 0
955549.192676 1956914.94739 0
955549.245691 1956914.95821 0
955549.289881 1956914.96906 0
955549.325185 1956914.96887 0
955549.360549 1956914.97978 0
955549.387087 1956914.99073 0
955549.413565 1956914.99059 0
955549.431217 1956914.99049 0
955549.448869 1956914.9904 0
955549.475407 1956915.00135 0
955549.493059 1956915.00126 0
955549.519596 1956915.01221 0
955549.563786 1956915.02307 0
955549.607976 1956915.03393 0
955549.660992 1956915.04474 0
955549.731778 1956915.07764 0
955549.79362 1956915.0884 0
955549.882059 1956915.12121 0
955549.970439 1956915.14293 0
955550.049992 1956915.16469 0
955550.156024 1956915.18631 0
955550.253289 1956915.21908 0
955550.341668 1956915.24079 0
955550.447759 1956915.27351 0
955550.536198 1956915.30632 0
955550.642289 1956915.33903 0
955550.739673 1956915.39399 0
955550.836938 1956915.42675 0
955550.951974 1956915.48161 0
955551.058065 1956915.51432 0
955551.164216 1956915.55813 0
955551.261541 1956915.60199 0
955551.367691 1956915.6458 0
955551.465016 1956915.68966 0
955551.56234 1956915.73352 0
955551.642013 1956915.77747 0
955551.739337 1956915.82133 0
955551.827776 1956915.85414 0
955551.907449 1956915.89809 0
955551.995887 1956915.9309 0
955552.093212 1956915.97476 0
955552.199363 1956916.01857 0
955552.305454 1956916.05128 0
955552.429197 1956916.0839 0
955552.561944 1956916.14976 0
955552.694633 1956916.20452 0
955552.853799 1956916.25914 0
955553.004199 1956916.32491 0
955553.154599 1956916.39067 0
955553.313884 1956916.46748 0
955553.472991 1956916.511 0
955553.641102 1956916.58777 0
955553.791442 1956916.64243 0
955553.968261 1956916.69696 0
955554.127427 1956916.75158 0
955554.304245 1956916.80611 0
955554.463352 1956916.84963 0
955554.631285 1956916.89311 0
955554.808103 1956916.94764 0
955554.958384 1956916.99121 0
955555.126376 1956917.04579 0
955555.285483 1956917.08931 0
955555.453416 1956917.13279 0
955555.62123 1956917.15408 0
955555.780336 1956917.19761 0
955555.948269 1956917.24109 0
955556.107317 1956917.27352 0
955556.284075 1956917.31695 0
955556.434237 1956917.33833 0
955556.602051 1956917.35962 0
955556.752213 1956917.38101 0
955556.902315 1956917.3913 0
955557.052476 1956917.41268 0
955557.193753 1956917.42302 0
955557.343795 1956917.42221 0
955557.46736 1956917.42155 0
955557.608636 1956917.43189 0
955557.732141 1956917.42013 0
955557.873298 1956917.40828 0
955557.996803 1956917.39652 0
955558.111482 1956917.38481 0
955558.22628 1956917.39529 0
955558.332133 1956917.38363 0
955558.438046 1956917.38306 0
955558.543899 1956917.3714 0
955558.6321 1956917.35983 0
955558.720301 1956917.34826 0
955558.799735 1956917.34783 0
955558.870284 1956917.33636 0
955558.958425 1956917.3137 0
955559.029033 1956917.31332 0
955559.117175 1956917.29066 0
955559.187724 1956917.27918 0
955559.267098 1956917.26766 0
955559.346414 1956917.24505 0
955559.425729 1956917.22243 0
955559.51393 1956917.21087 0
955559.593186 1956917.17716 0
955559.672501 1956917.15454 0
955559.760643 1956917.13188 0
955559.848725 1956917.09812 0
955559.936806 1956917.06436 0
955560.033714 1956917.03056 0
955560.121737 1956916.98571 0
955560.218585 1956916.94081 0
955560.32426 1956916.89586 0
955560.429875 1956916.83982 0
955560.53543 1956916.77269 0
955560.641045 1956916.71664 0
955560.746541 1956916.63841 0
955560.860923 1956916.57123 0
955560.984071 1956916.49291 0
955561.107159 1956916.40349 0
955561.212536 1956916.30307 0
955561.344332 1956916.19141 0
955561.449709 1956916.09099 0
955561.572619 1956915.96829 0
955561.66917 1956915.86792 0
955561.783194 1956915.73417 0
955561.888393 1956915.60046 0
955561.984706 1956915.45571 0
955562.089845 1956915.31092 0
955562.177272 1956915.15512 0
955562.273525 1956914.99927 0
955562.361012 1956914.85457 0
955562.430609 1956914.66558 0
955562.50927 1956914.52093 0
955562.578926 1956914.34304 0
955562.63099 1956914.17633 0
955562.682935 1956913.98744 0
955562.717466 1956913.84302 0
955562.751639 1956913.63204 0
955562.777284 1956913.47657 0
955562.802751 1956913.28782 0
955562.810625 1956913.11026 0
955562.818499 1956912.9327 0
955562.808721 1956912.75523 0
955562.816595 1956912.57767 0
955562.797991 1956912.40025 0
955562.770501 1956912.21179 0
955562.743012 1956912.02332 0
955562.706755 1956911.846 0
955562.644021 1956911.66882 0
955562.607705 1956911.4804 0
955562.536145 1956911.30326 0
955562.47347 1956911.13718 0
955562.393084 1956910.96009 0
955562.303871 1956910.78305 0
955562.223544 1956910.61706 0
955562.134332 1956910.44002 0
955562.045119 1956910.26298 0
955561.964673 1956910.07479 0
955561.884227 1956909.88661 0
955561.803722 1956909.68734 0
955561.732102 1956909.49911 0
955561.651537 1956909.28874 0
955561.571091 1956909.10055 0
955561.4817 1956908.89023 0
955561.392428 1956908.7021 0
955561.285385 1956908.49187 0
955561.187227 1956908.29268 0
955561.097955 1956908.10455 0
955560.999857 1956907.91646 0
955560.90164 1956907.70619 0
955560.812368 1956907.51805 0
955560.722977 1956907.30773 0
955560.642531 1956907.11955 0
955560.544314 1956906.90927 0
955560.455042 1956906.72114 0
955560.348177 1956906.54419 0
955560.232427 1956906.3562 0
955560.125562 1956906.17925 0
955560.001164 1956906.02459 0
955559.876767 1956905.86993 0
955559.743602 1956905.72641 0
955559.619264 1956905.58284 0
955559.486159 1956905.45042 0
955559.352935 1956905.2958 0
955559.211004 1956905.16343 0
955559.086666 1956905.01986 0
955558.953502 1956904.87634 0
955558.820337 1956904.73282 0
955558.678347 1956904.58935 0
955558.545361 1956904.47911 0
955558.412316 1956904.35778 0
955558.261678 1956904.24764 0
955558.102214 1956904.13755 0
955557.978113 1956904.03836 0
955557.809942 1956903.9505 0
955557.659483 1956903.87364 0
955557.32326 1956903.72012 0
955557.17286 1956903.65436 0
955557.004867 1956903.59978 0
955556.836815 1956903.53412 0
955556.677767 1956903.50168 0
955556.492123 1956903.4472 0
955556.324309 1956903.42592 0
955556.147668 1956903.40467 0
955555.970969 1956903.37234 0
955555.785562 1956903.36224 0
955555.617808 1956903.35204 0
955555.414808 1956903.35313 0
955555.238347 1956903.36517 0
955555.044233 1956903.37731 0
955554.876717 1956903.41149 0
955554.700374 1956903.44572 0
955554.515205 1956903.48 0
955554.338922 1956903.52532 0
955554.162639 1956903.57065 0
955553.986475 1956903.63816 0
955553.827963 1956903.70558 0
955553.669451 1956903.773 0
955553.511059 1956903.86261 0
955553.352606 1956903.94113 0
955553.211806 1956904.01955 0
955553.044527 1956904.09811 0
955552.894901 1956904.17657 0
955552.718737 1956904.24409 0
955552.56917 1956904.33365 0
955552.410658 1956904.40107 0
955552.234554 1956904.47968 0
955552.076042 1956904.5471 0
955551.926475 1956904.63666 0
955551.768023 1956904.71517 0
955551.609749 1956904.82697 0
955551.469008 1956904.91649 0
955551.319501 1956905.01714 0
955551.178879 1956905.12885 0
955551.038258 1956905.24055 0
955550.897517 1956905.33006 0
955550.765662 1956905.43063 0
955550.616155 1956905.53128 0
955550.475414 1956905.6208 0
955550.334733 1956905.7214 0
955550.194051 1956905.82201 0
955550.053311 1956905.91153 0
955549.91263 1956906.01214 0
955549.780774 1956906.1127 0
955549.657805 1956906.22431 0
955549.534776 1956906.32482 0
955549.420692 1956906.44748 0
955549.306489 1956906.54794 0
955549.192405 1956906.6706 0
955549.087087 1956906.78211 0
955548.990596 1956906.89358 0
955548.885338 1956907.01619 0
955548.797732 1956907.1387 0
955548.710127 1956907.26122 0
955548.622461 1956907.37264 0
955548.543682 1956907.4951 0
955548.482554 1956907.61747 0
955548.394889 1956907.72889 0
955548.33382 1956907.86236 0
955548.272693 1956907.98473 0
955548.211565 1956908.1071 0
955548.150438 1956908.22948 0
955548.107022 1956908.36285 0
955548.063606 1956908.49622 0
955548.037782 1956908.6184 0
955547.994366 1956908.75177 0
955547.968543 1956908.87396 0
955547.942719 1956908.99614 0
955547.917015 1956909.14051 0
955547.900018 1956909.26264 0
955547.874254 1956909.39592 0
955547.857256 1956909.51806 0
955547.85797 1956909.65119 0
955547.84974 1956909.76218 0
955547.850513 1956909.90641 0
955547.851049 1956910.00627 0
955547.851644 1956910.11721 0
955547.869892 1956910.22806 0
955547.861542 1956910.31687 0
955547.870963 1956910.42777 0
955547.889091 1956910.51643 0
955547.889567 1956910.60518 0
955547.898751 1956910.6717 0
955547.908053 1956910.76041 0
955547.90841 1956910.82698 0
955547.926419 1956910.89345 0
955547.917891 1956910.94897 0
955547.9359 1956911.01545 0
955547.927312 1956911.05987 0
955547.954147 1956911.1263 0
955547.954326 1956911.15958 0
955547.945738 1956911.20401 0
955547.954802 1956911.24834 0
955547.95504 1956911.29272 0
955547.963985 1956911.31486 0
955547.97299 1956911.34809 0
955547.973109 1956911.37028 0
955547.982054 1956911.39243 0
955547.982113 1956911.40352 0
955547.964521 1956911.41471 0
955547.96458 1956911.4258 0
955547.964699 1956911.44799 0
955547.973525 1956911.44795 0
955547.973585 1956911.45904 0
955547.973644 1956911.47014 0
955547.973763 1956911.49232 0
955547.982709 1956911.51447 0
955547.982828 1956911.53666 0
955547.991892 1956911.58099 0
955547.99207 1956911.61427 0
955548.00996 1956911.65855 0
955548.010198 1956911.70293 0
955548.019322 1956911.75836 0
955548.01962 1956911.81383 0
955548.037688 1956911.8914 0
955548.037986 1956911.94687 0
955548.056055 1956912.02444 0
955548.074004 1956912.07982 0
955548.083188 1956912.14634 0
955548.110023 1956912.21276 0
955548.101494 1956912.26828 0
955548.119504 1956912.33475 0
955548.128568 1956912.37909 0
955548.146577 1956912.44556 0
955548.155582 1956912.4788 0
955548.164646 1956912.52313 0
955548.17371 1956912.56746 0
955548.182714 1956912.60069 0
955548.19166 1956912.62284 0
955548.200605 1956912.64498 0
955548.200724 1956912.66717 0
955548.200783 1956912.67826 0
955548.200783 1956912.67826 0
955548.218495 1956912.68926 0
955548.218495 1956912.68926 0
955548.209609 1956912.67821 0
955548.200783 1956912.67826 0
955548.200724 1956912.66717 0
955548.200724 1956912.66717 0
955548.200724 1956912.66717 0
955548.20955 1956912.66712 0
955548.200724 1956912.66717 0
955548.200724 1956912.66717 0
955548.200724 1956912.66717 0
