955548.472231 1956913.91943 0
955548.552022 1956913.98558 0
955548.649704 1956914.096 0
955548.720729 1956914.17328 0
955548.80058 1956914.25052 0
955548.88055 1956914.34994 0
955548.978113 1956914.43818 0
955549.084561 1956914.53746 0
955549.199895 1956914.64779 0
955549.31505 1956914.72484 0
955549.430265 1956914.81298 0
955549.536594 1956914.89008 0
955549.642982 1956914.97826 0
955549.749252 1956915.04426 0
955549.882 1956915.11012 0
955549.98821 1956915.16502 0
955550.112131 1956915.23093 0
955550.218342 1956915.28583 0
955550.342323 1956915.36283 0
955550.439707 1956915.41779 0
955550.554862 1956915.49483 0
955550.669898 1956915.54969 0
955550.784994 1956915.61564 0
955550.89997 1956915.6594 0
955551.023892 1956915.72531 0
955551.138928 1956915.78017 0
955551.245198 1956915.84617 0
955551.369 1956915.88988 0
955551.475211 1956915.94479 0
955551.590247 1956915.99964 0
955551.71399 1956916.03226 0
955551.8202 1956916.08717 0
955551.943943 1956916.11979 0
955552.076631 1956916.17455 0
955552.218086 1956916.21817 0
955552.359541 1956916.26179 0
955552.501055 1956916.31651 0
955552.660102 1956916.34894 0
955552.810502 1956916.4147 0
955552.978435 1956916.45818 0
955553.128716 1956916.50176 0
955553.296708 1956916.55633 0
955553.455815 1956916.59986 0
955553.614981 1956916.65448 0
955553.774147 1956916.7091 0
955553.933314 1956916.76372 0
955554.09248 1956916.81834 0
955554.251646 1956916.87296 0
955554.401986 1956916.92763 0
955554.561212 1956916.99334 0
955554.711612 1956917.05911 0
955554.879723 1956917.13587 0
955555.030123 1956917.20163 0
955555.189408 1956917.27844 0
955555.357579 1956917.3663 0
955555.508038 1956917.44315 0
955555.676328 1956917.5532 0
955555.835614 1956917.63001 0
955556.021496 1956917.72887 0
955556.189607 1956917.80563 0
955556.375311 1956917.8712 0
955556.543363 1956917.93687 0
955556.720181 1956917.9914 0
955556.89694 1956918.03483 0
955557.082525 1956918.07821 0
955557.259224 1956918.11055 0
955557.44469 1956918.13175 0
955557.621271 1956918.14189 0
955557.824329 1956918.1519 0
955558.009676 1956918.15091 0
955558.203849 1956918.14986 0
955558.398021 1956918.14882 0
955558.600901 1956918.12554 0
955558.78607 1956918.09127 0
955558.988831 1956918.0458 0
955559.191532 1956917.98924 0
955559.394233 1956917.93268 0
955559.605642 1956917.85388 0
955559.816991 1956917.76399 0
955560.02834 1956917.67409 0
955560.221858 1956917.55101 0
955560.441854 1956917.42779 0
955560.626487 1956917.29366 0
955560.828713 1956917.14834 0
955561.030819 1956916.98083 0
955561.197681 1956916.82461 0
955561.381897 1956916.61282 0
955561.539814 1956916.43445 0
955561.688785 1956916.23394 0
955561.828812 1956916.0113 0
955561.951306 1956915.81093 0
955562.064795 1956915.57733 0
955562.169457 1956915.34377 0
955562.247702 1956915.12146 0
955562.325887 1956914.88804 0
955562.3863 1956914.63254 0
955562.438007 1956914.39927 0
955562.45441 1956914.16619 0
955562.488345 1956913.91082 0
955562.504748 1956913.67774 0
955562.521151 1956913.44466 0
955562.563912 1956913.18925 0
955562.589141 1956912.95612 0
955562.640729 1956912.70066 0
955562.683669 1956912.47853 0
955562.717545 1956912.21207 0
955562.742774 1956911.97894 0
955562.741465 1956911.73486 0
955562.740156 1956911.49078 0
955562.721195 1956911.2468 0
955562.693526 1956911.02505 0
955562.648028 1956910.77011 0
955562.585115 1956910.55964 0
955562.530849 1956910.31585 0
955562.450285 1956910.10547 0
955562.360834 1956909.88406 0
955562.271443 1956909.67373 0
955562.173226 1956909.46346 0
955562.04865 1956909.27551 0
955561.924133 1956909.09866 0
955561.790612 1956908.88857 0
955561.666036 1956908.70063 0
955561.514981 1956908.51283 0
955561.372753 1956908.32497 0
955561.248236 1956908.14812 0
955561.12366 1956907.96018 0
955560.990258 1956907.77228 0
955560.874507 1956907.58429 0
955560.749872 1956907.38525 0
955560.642888 1956907.18611 0
955560.518252 1956906.98707 0
955560.402442 1956906.78799 0
955560.277866 1956906.60004 0
955560.144464 1956906.41214 0
955560.019828 1956906.2131 0
955559.895371 1956906.04735 0
955559.770794 1956905.8594 0
955559.646218 1956905.67146 0
955559.521701 1956905.49461 0
955559.388358 1956905.3178 0
955559.255135 1956905.16319 0
955559.095373 1956904.99762 0
955558.953323 1956904.84306 0
955558.784914 1956904.71082 0
955558.634098 1956904.5674 0
955558.474634 1956904.4573 0
955558.297458 1956904.33621 0
955558.129287 1956904.24835 0
955557.95223 1956904.14945 0
955557.792885 1956904.06154 0
955557.615948 1956903.98483 0
955557.421298 1956903.89711 0
955557.235713 1956903.85373 0
955557.041183 1956903.7882 0
955556.864424 1956903.74477 0
955556.670012 1956903.70143 0
955556.466775 1956903.65814 0
955556.290195 1956903.648 0
955556.087076 1956903.6269 0
955555.910555 1956903.62784 0
955555.707496 1956903.61784 0
955555.504497 1956903.61893 0
955555.301617 1956903.6422 0
955555.125215 1956903.66534 0
955554.93128 1956903.71076 0
955554.746171 1956903.75613 0
955554.54335 1956903.7905 0
955554.358241 1956903.83588 0
955554.182077 1956903.90339 0
955553.997087 1956903.97095 0
955553.829749 1956904.03842 0
955553.66253 1956904.12808 0
955553.486425 1956904.20669 0
955553.345685 1956904.2962 0
955553.178525 1956904.39695 0
955553.028958 1956904.48651 0
955552.870625 1956904.58722 0
955552.720999 1956904.66568 0
955552.562725 1956904.77748 0
955552.413158 1956904.86704 0
955552.263651 1956904.9677 0
955552.123029 1956905.0794 0
955551.991174 1956905.17996 0
955551.841667 1956905.28062 0
955551.718697 1956905.39223 0
955551.578135 1956905.51503 0
955551.463991 1956905.62659 0
955551.349967 1956905.76034 0
955551.235883 1956905.88299 0
955551.112973 1956906.0057 0
955551.0166 1956906.13935 0
955550.902516 1956906.26201 0
955550.797318 1956906.39571 0
955550.692119 1956906.52941 0
955550.577976 1956906.64098 0
955550.463952 1956906.77473 0
955550.349868 1956906.89738 0
955550.253436 1956907.01994 0
955550.139411 1956907.15369 0
955550.042979 1956907.27626 0
955549.946726 1956907.4321 0
955549.841468 1956907.55471 0
955549.753981 1956907.69941 0
955549.666376 1956907.82193 0
955549.578889 1956907.96663 0
955549.500169 1956908.10019 0
955549.39497 1956908.23389 0
955549.307364 1956908.35641 0
955549.211052 1956908.50116 0
955549.11456 1956908.61262 0
955549.027133 1956908.76842 0
955548.912989 1956908.87998 0
955548.807732 1956909.00259 0
955548.711359 1956909.13625 0
955548.606161 1956909.26995 0
955548.527441 1956909.40351 0
955548.431068 1956909.53717 0
955548.352348 1956909.67073 0
955548.273688 1956909.81538 0
955548.203793 1956909.9489 0
955548.133899 1956910.08241 0
955548.064065 1956910.22702 0
955548.020589 1956910.3493 0
955547.968407 1956910.49381 0
955547.924991 1956910.62718 0
955547.881634 1956910.77165 0
955547.847044 1956910.90497 0
955547.821221 1956911.02716 0
955547.795397 1956911.14934 0
955547.77834 1956911.26038 0
955547.761343 1956911.38251 0
955547.753112 1956911.49351 0
955547.744822 1956911.59341 0
955547.736948 1956911.77097 0
955547.728955 1956911.92634 0
955547.729729 1956912.07057 0
955547.730324 1956912.18151 0
955547.739805 1956912.30351 0
955547.757993 1956912.40326 0
955547.767355 1956912.50307 0
955547.785542 1956912.60282 0
955547.7855424517 1956912.602824245 0
955547.7914685964 1956912.6151132293 0
955547.7973947411 1956912.6274022134 0
955547.8033208859 1956912.6396911975 0
955547.8092470305 1956912.6519801817 0
955547.8151731753 1956912.664269166 0
955547.82109932 1956912.6765581502 0
955547.8270254647 1956912.6888471344 0
955547.8329516094 1956912.7011361185 0
955547.8388777542 1956912.7134251026 0
955547.8448038988 1956912.7257140868 0
955547.8507300436 1956912.738003071 0
955547.8566561884 1956912.750292055 0
955547.862582333 1956912.7625810392 0
955547.8685084778 1956912.7748700234 0
955547.8744346225 1956912.7871590077 0
955547.8803607672 1956912.799447992 0
955547.8862869119 1956912.811736976 0
955547.8922130567 1956912.8240259602 0
955547.8981392013 1956912.8363149443 0
955547.9040653461 1956912.8486039285 0
955547.9099914908 1956912.8608929126 0
955547.9159176355 1956912.8731818967 0
955547.9218437803 1956912.885470881 0
955547.927769925 1956912.897759865 0
955547.9336960698 1956912.9100488494 0
955547.9396222144 1956912.9223378336 0
955547.9455483592 1956912.9346268177 0
955547.9514745038 1956912.9469158018 0
955547.9574006486 1956912.959204786 0
955547.9633267933 1956912.9714937701 0
955547.969252938 1956912.9837827543 0
955547.9751790827 1956912.9960717384 0
955547.9811052275 1956913.0083607226 0
955547.9870313723 1956913.0206497067 0
955547.9929575169 1956913.032938691 0
955547.9988836617 1956913.0452276752 0
955548.0048098064 1956913.0575166594 0
955548.0107359511 1956913.0698056435 0
955548.0166620958 1956913.0820946277 0
955548.0225882406 1956913.0943836118 0
955548.0285143852 1956913.106672596 0
955548.03444053 1956913.11896158 0
955548.0403666747 1956913.1312505642 0
955548.0462928194 1956913.1435395484 0
955548.0522189642 1956913.1558285328 0
955548.0581451089 1956913.168117517 0
955548.0640712536 1956913.180406501 0
955548.0699973983 1956913.1926954852 0
955548.0759235431 1956913.2049844693 0
955548.0818496877 1956913.2172734535 0
955548.0877758325 1956913.2295624376 0
955548.0937019772 1956913.2418514218 0
955548.0996281219 1956913.254140406 0
955548.1055542666 1956913.26642939 0
955548.1114804114 1956913.2787183744 0
955548.1174065561 1956913.2910073586 0
955548.1233327008 1956913.3032963427 0
955548.1292588456 1956913.3155853269 0
955548.1351849902 1956913.327874311 0
955548.141111135 1956913.3401632952 0
955548.1470372797 1956913.3524522793 0
955548.1529634245 1956913.3647412634 0
955548.1588895691 1956913.3770302476 0
955548.1648157139 1956913.3893192317 0
955548.1707418585 1956913.401608216 0
955548.1766680033 1956913.4138972003 0
955548.1825941481 1956913.4261861844 0
955548.1885202928 1956913.4384751685 0
955548.1944464375 1956913.4507641527 0
955548.2003725822 1956913.4630531368 0
955548.206298727 1956913.475342121 0
955548.2122248716 1956913.4876311051 0
955548.2181510164 1956913.4999200893 0
955548.224077161 1956913.5122090734 0
955548.2300033058 1956913.5244980578 0
955548.2359294505 1956913.536787042 0
955548.2418555953 1956913.549076026 0
955548.24778174 1956913.5613650102 0
955548.2537078847 1956913.5736539944 0
955548.2596340295 1956913.5859429785 0
955548.2655601741 1956913.5982319626 0
955548.2714863189 1956913.6105209468 0
955548.2774124636 1956913.622809931 0
955548.2833386083 1956913.635098915 0
955548.289264753 1956913.6473878995 0
955548.2951908978 1956913.6596768836 0
955548.3011170424 1956913.6719658677 0
955548.3070431872 1956913.684254852 0
955548.312969332 1956913.696543836 0
955548.3188954766 1956913.7088328202 0
955548.3248216214 1956913.7211218043 0
955548.3307477661 1956913.7334107885 0
955548.3366739108 1956913.7456997726 0
955548.3426000555 1956913.7579887568 0
955548.3485262003 1956913.7702777411 0
955548.3544523449 1956913.7825667253 0
955548.3603784897 1956913.7948557094 0
955548.3663046344 1956913.8071446936 0
955548.3722307791 1956913.8194336777 0
