935533.479237 1915848.60874 0
935533.918799 1915849.24886 0
935535.321401 1915851.70111 0
935536.491172 1915853.86668 0
935537.472462 1915855.74524 0
935538.462451 1915857.60155 0
935539.59606 1915859.67864 0
935540.594917 1915861.53488 0
935541.909243 1915864.04328 0
935542.917055 1915865.91055 0
935544.095606 1915868.06496 0
935545.480548 1915870.52844 0
935547.468026 1915874.06348 0
935549.015602 1915876.91403 0
935550.617588 1915879.91948 0
935553.317185 1915884.93574 0
935555.303549 1915888.32656 0
935557.942957 1915891.27968 0
935559.637072 1915892.42052 0
935561.497925 1915893.3271 0
935563.054651 1915893.90317 0
935564.955511 1915894.24362 0
935567.553764 1915894.14602 0
935570.5452 1915893.26877 0
935572.656995 1915892.19858 0
935574.423804 1915891.25307 0
935576.508224 1915890.08323 0
935578.777975 1915888.78993 0
935580.950924 1915887.59723 0
935582.620933 1915886.75232 0
935585.183304 1915885.44568 0
935587.798979 1915884.14973 0
935589.884765 1915883.1574 0
935592.244749 1915882.06312 0
935595.087532 1915881.46439 0
935597.393341 1915881.40233 0
935598.600145 1915881.45964 0
935600.01155 1915881.59305 0
935601.157627 1915881.82834 0
935602.58992 1915882.37209 0
935604.468425 1915883.26745 0
935606.260188 1915884.41865 0
935608.19744 1915886.03471 0
935609.368401 1915887.20176 0
935610.048716 1915888.00646 0
935611.007822 1915889.30827 0
935612.048288 1915890.80917 0
935613.388516 1915893.22863 0
935614.334135 1915895.08528 0
935615.936604 1915898.15731 0
935617.31231 1915900.57649 0
935618.759653 1915903.08389 0
935619.883005 1915904.98356 0
935621.383906 1915907.53492 0
935622.944743 1915910.9623 0
935623.883955 1915913.14075 0
935624.770117 1915915.34179 0
935625.261902 1915918.16716 0
935624.497327 1915921.41267 0
935622.972955 1915923.89847 0
935621.11649 1915925.87646 0
935619.574489 1915927.21964 0
935618.402041 1915928.17167 0
935616.795826 1915929.23798 0
935614.782453 1915930.41836 0
935612.751086 1915931.56559 0
935610.940698 1915932.61128 0
935608.167081 1915934.13032 0
935605.994055 1915935.31193 0
935603.705553 1915936.47223 0
935601.231297 1915937.70052 0
935598.739303 1915938.92895 0
935595.914173 1915940.67029 0
935592.366791 1915945.39055 0
935591.183972 1915949.61559 0
935591.029553 1915952.61234 0
935591.827683 1915956.05666 0
935593.269559 1915959.00788 0
935594.311977 1915960.76393 0
935595.337335 1915962.60888 0
935596.314324 1915965.08659 0
935597.054745 1915966.78949 0
935598.179115 1915968.82229 0
935599.151083 1915970.64545 0
935599.997343 1915972.26988 0
935600.825523 1915973.85007 0
935602.148513 1915976.33622 0
935603.110419 1915978.00414 0
935604.945361 1915981.31847 0
935606.097187 1915983.462 0
935607.39348 1915985.93727 0
935609.291784 1915989.41753 0
935611.054998 1915992.63256 0
935612.423352 1915995.2515 0
935614.16004 1915998.47783 0
935615.869012 1916001.56014 0
935617.299536 1916004.1897 0
935618.360788 1916006.08985 0
935620.061568 1916009.26098 0
935621.475625 1916012.05709 0
935623.081133 1916015.5285 0
935624.93533 1916019.04239 0
935626.608305 1916022.05841 0
935628.13007 1916025.02012 0
935629.821378 1916028.11366 0
935631.236875 1916031.09837 0
935632.598898 1916034.05021 0
935634.186657 1916037.52176 0
935635.423398 1916040.33033 0
935636.642653 1916043.17231 0
935637.844849 1916046.10319 0
935638.794358 1916048.47017 0
935639.997997 1916051.58964 0
935641.049322 1916054.51057 0
935642.676805 1916058.53656 0
935643.954205 1916062.02159 0
935644.855764 1916065.07681 0
935646.102445 1916069.18338 0
935647.075299 1916072.28243 0
935647.728508 1916075.33955 0
935648.508015 1916078.67307 0
935649.015143 1916081.18768 0
935649.543553 1916085.32194 0
935649.826872 1916088.72583 0
935649.931694 1916091.98686 0
935650.075933 1916094.6041 0
935650.200648 1916096.98849 0
935650.213146 1916098.61932 0
935650.210285 1916100.5609 0
935650.208417 1916103.78947 0
935650.212953 1916106.69624 0
935650.172179 1916110.63516 0
935650.140047 1916113.38688 0
935650.11789 1916116.28276 0
935650.224497 1916119.77676 0
935650.340852 1916122.22779 0
935650.578547 1916125.46562 0
935650.989014 1916129.25685 0
935651.558198 1916132.92482 0
935651.826722 1916134.39836 0
935652.230132 1916137.26878 0
935652.413589 1916140.37389 0
935652.557317 1916142.92456 0
935652.963106 1916146.10562 0
935653.206864 1916148.97727 0
935653.223415 1916152.29445 0
935653.365527 1916154.63434 0
935653.44561 1916158.13964 0
935653.325972 1916161.04736 0
935653.233283 1916163.99925 0
935653.156633 1916166.72913 0
935653.194606 1916169.36937 0
935653.207757 1916172.24279 0
935653.026826 1916174.09699 0
935652.972789 1916176.30524 0
935653.097756 1916178.72292 0
935653.094556 1916180.62013 0
935653.049048 1916182.78394 0
935652.877299 1916185.83629 0
935652.840209 1916189.09841 0
935652.855257 1916191.06205 0
935652.724116 1916193.62593 0
935652.693259 1916196.54406 0
935652.620095 1916199.72879 0
935652.484618 1916201.72687 0
935652.388472 1916203.07007 0
935652.305956 1916205.03445 0
935652.248689 1916206.82114 0
935652.167364 1916208.94084 0
935652.11446 1916210.13947 0
935652.016331 1916212.38135 0
935651.934921 1916214.48996 0
935652.036454 1916216.16448 0
935652.072982 1916218.61612 0
935652.126485 1916220.96778 0
935652.12439 1916223.00921 0
935652.148053 1916224.93951 0
935652.204191 1916227.63508 0
935652.290763 1916230.82968 0
935652.193712 1916234.36963 0
935652.082607 1916237.23291 0
935651.976884 1916239.64126 0
935651.852063 1916241.87224 0
935651.613867 1916245.51312 0
935651.624298 1916248.03153 0
935651.697495 1916250.63822 0
935651.655872 1916254.4662 0
935651.527283 1916257.3629 0
935651.479114 1916260.33664 0
935651.50173 1916263.28765 0
935651.511396 1916265.70621 0
935651.353622 1916269.42414 0
935651.299501 1916271.6213 0
935651.303698 1916274.48369 0
935651.260828 1916276.99142 0
935651.255816 1916279.8095 0
935651.273246 1916282.08378 0
935651.149616 1916284.47008 0
935650.938313 1916286.99019 0
935651.007853 1916289.11983 0
935650.988531 1916291.22797 0
935650.901824 1916293.8026 0
935650.986951 1916296.8086 0
935650.840115 1916299.63887 0
935650.724334 1916301.89197 0
935650.700734 1916304.59926 0
935650.452423 1916306.91995 0
935650.309525 1916309.10669 0
935650.20389 1916311.52614 0
935650.001117 1916314.00181 0
935649.720534 1916317.89819 0
935649.765763 1916320.32757 0
935649.603681 1916322.32586 0
935649.611732 1916324.53364 0
935649.402726 1916327.35328 0
935649.199333 1916330.90514 0
935649.129601 1916333.37979 0
935649.025667 1916336.02111 0
935648.89487 1916338.62937 0
935648.859595 1916340.97061 0
935648.611973 1916346.85269 0
935648.635722 1916348.79407 0
935648.612038 1916351.49026 0
935648.492518 1916353.25523 0
935648.355855 1916355.09799 0
935648.139937 1916358.17287 0
935648.130113 1916362.67739 0
935648.080383 1916363.13265 0
935647.767806 1916364.01152 0
935647.135594 1916364.84847 0
935645.846289 1916365.5906 0
935644.791949 1916365.74291 0
935643.779318 1916365.55097 0
935642.942288 1916365.12469 0
935642.334754 1916364.55243 0
935641.886017 1916363.868 0
935641.567768 1916362.84973 0
935641.013815 1916361.16758 0
935639.665477 1916358.83694 0
935638.720738 1916358.24507 0
935636.998308 1916358.02529 0
935635.543487 1916358.00316 0
935634.505609 1916357.98892 0
935633.166004 1916357.95481 0
935632.314381 1916357.93915 0
935630.557749 1916357.88605 0
935629.253536 1916357.84058 0
935628.206618 1916357.80423 0
935626.494077 1916357.7175 0
935624.9857 1916357.65141 0
935623.690442 1916357.61696 0
935622.182405 1916357.59524 0
935620.59446 1916357.56304 0
935618.279061 1916357.51422 0
935616.362696 1916357.45125 0
935614.916319 1916357.37359 0
935613.088477 1916357.28775 0
935611.678003 1916357.26529 0
935609.424859 1916357.23819 0
935607.88143 1916357.22783 0
935606.142877 1916357.21898 0
935604.830135 1916357.21795 0
935602.736639 1916357.18963 0
935600.87383 1916357.17063 0
935599.188322 1916357.13918 0
935597.484564 1916357.0413 0
935595.718467 1916356.91062 0
935593.480849 1916356.59494 0
935590.831413 1916355.78317 0
935588.988488 1916354.88754 0
935587.776901 1916354.19787 0
935586.385288 1916353.16565 0
935584.911469 1916351.82341 0
935583.792506 1916350.48953 0
935582.688047 1916348.73395 0
935582.210739 1916347.79457 0
935581.669132 1916346.56722 0
935581.170595 1916345.17311 0
935580.831705 1916343.77778 0
935580.597034 1916342.09319 0
935580.486704 1916340.42984 0
935580.444519 1916338.39984 0
935580.472182 1916336.22507 0
935580.496424 1916334.76038 0
935580.513669 1916333.53984 0
935580.512153 1916332.1863 0
935580.490687 1916330.54445 0
935580.440058 1916328.56999 0
935580.352675 1916326.42938 0
935580.392953 1916324.74268 0
935580.434934 1916323.27787 0
935580.477255 1916321.85742 0
935580.472505 1916320.08231 0
935580.469628 1916318.55127 0
935580.46796 1916316.02169 0
935580.470292 1916314.01354 0
935580.475348 1916312.36039 0
935580.493717 1916310.13022 0
935580.506621 1916308.34388 0
935580.533348 1916306.04708 0
935580.550849 1916304.85981 0
935580.583279 1916303.30631 0
935580.609904 1916302.15226 0
935580.644377 1916300.86501 0
935580.617275 1916299.64481 0
935580.586258 1916297.91428 0
935580.578019 1916295.68431 0
935580.593562 1916294.24188 0
935580.646727 1916291.92269 0
935580.704915 1916290.25804 0
935580.75202 1916288.30502 0
935580.741635 1916286.95154 0
935580.729038 1916285.30963 0
935580.720101 1916284.14476 0
935580.724987 1916282.46942 0
935580.768159 1916281.15992 0
935580.803143 1916279.93924 0
935580.853908 1916278.46326 0
935580.912181 1916276.8097 0
935580.909219 1916275.26757 0
935580.914361 1916273.62551 0
935580.924354 1916272.61582 0
935580.941855 1916271.42856 0
935580.994493 1916270.19665 0
935581.046535 1916268.88707 0
935581.121184 1916267.05588 0
935581.163165 1916265.59106 0
935581.174861 1916264.80325 0
935581.19289 1916262.5287 0
935581.193163 1916261.40814 0
935581.169313 1916259.45566 0
935581.190321 1916257.5694 0
935581.387866 1916255.57085 0
935581.499185 1916253.8947 0
935581.560607 1916252.65162 0
935581.678754 1916250.70915 0
935581.77293 1916249.11079 0
935581.831118 1916247.44614 0
935581.864843 1916244.9052 0
935581.900356 1916242.59724 0
935582.048005 1916241.03176 0
935582.626 1916238.90824 0
935582.948806 1916238.2068 0
935583.290458 1916237.64944 0
935584.037296 1916236.72286 0
935584.768182 1916236.02938 0
935585.376853 1916235.59202 0
935586.109697 1916235.1537 0
935586.949314 1916234.75895 0
935587.550819 1916234.54354 0
935588.488936 1916234.27007 0
935589.524702 1916234.00694 0
935590.516973 1916233.8551 0
935591.518793 1916233.79194 0
935593.035126 1916233.73593 0
935594.427542 1916233.71416 0
935595.545006 1916233.69449 0
935596.360908 1916233.67714 0
935597.176726 1916233.64869 0
935598.498442 1916233.66074 0
935599.882159 1916233.66122 0
935601.416571 1916233.64946 0
935602.639617 1916233.51803 0
935603.746424 1916233.26546 0
935604.949434 1916232.83464 0
935605.789052 1916232.43989 0
935606.849386 1916231.9103 0
935608.236783 1916231.23398 0
935609.447641 1916230.66996 0
935610.757681 1916230.31598 0
935612.060467 1916230.17286 0
935613.274729 1916230.0526 0
935614.515515 1916229.92104 0
935616.093509 1916229.80909 0
935617.131148 1916229.79004 0
935618.195566 1916229.79297 0
935619.827543 1916229.78046 0
935621.317778 1916229.79122 0
935622.763582 1916229.79123 0
935624.298335 1916229.82384 0
935625.602482 1916229.85822 0
935626.791327 1916229.89349 0
935628.458866 1916229.8918 0
935629.477661 1916229.72866 0
935630.557266 1916229.39864 0
935631.591758 1916228.96911 0
935632.378587 1916228.63024 0
935633.209508 1916228.25774 0
935634.128698 1916227.8291 0
935634.85293 1916227.42414 0
935635.673621 1916226.87421 0
935636.563567 1916226.10185 0
935637.187939 1916225.3981 0
935637.899901 1916224.54945 0
935638.57494 1916223.51247 0
935638.959328 1916222.74399 0
935639.393361 1916221.50916 0
935639.703477 1916220.30856 0
935639.91841 1916219.41934 0
935640.252073 1916217.81915 0
935640.551194 1916216.34126 0
935640.789504 1916215.03026 0
935640.946969 1916213.58675 0
935640.983238 1916212.53248 0
935640.992389 1916211.41184 0
935641.037017 1916210.29094 0
935641.067563 1916209.64722 0
935641.250956 1916208.11475 0
935641.380367 1916206.48284 0
935641.394475 1916204.85181 0
935641.392035 1916203.37624 0
935641.427369 1916202.19993 0
935641.461937 1916200.92378 0
935641.50478 1916199.5699 0
935641.555812 1916198.1272 0
935641.62988 1916196.21835 0
935641.595364 1916195.18681 0
935641.589241 1916194.38804 0
935641.596181 1916192.97897 0
935641.609779 1916191.28138 0
935641.652112 1916189.86093 0
935641.752109 1916187.86313 0
935641.871035 1916186.0205 0
935641.95797 1916184.633 0
935642.053095 1916183.15668 0
935642.172362 1916181.35843 0
935642.187066 1916179.80506 0
935642.129198 1916178.04145 0
935642.053421 1916176.25579 0
935642.027094 1916175.13543 0
935641.992322 1916174.07061 0
935641.964549 1916172.76165 0
935641.995802 1916171.05283 0
935642.02969 1916169.68793 0
935642.073298 1916168.4339 0
935642.140964 1916166.84684 0
935642.177574 1916165.83694 0
935642.182728 1916164.19489 0
935642.129962 1916163.09692 0
935642.085045 1916161.86576 0
935642.093941 1916160.71185 0
935642.113067 1916159.73537 0
935642.166395 1916158.59221 0
935642.288894 1916157.21553 0
935642.395524 1916156.08306 0
935642.464806 1916154.70679 0
935642.507054 1916153.27525 0
935642.531308 1916151.81057 0
935642.552389 1916151.08925 0
935642.600616 1916149.28045 0
935642.62538 1916147.88233 0
935642.652014 1916146.72828 0
935642.668164 1916145.36351 0
935642.667425 1916144.10982 0
935642.70395 1916143.08883 0
935642.732966 1916142.24542 0
935642.750391 1916141.04706 0
935642.776601 1916139.83754 0
935642.812275 1916138.70561 0
935642.848715 1916137.67352 0
935642.894449 1916136.69684 0
935642.930719 1916135.64257 0
935642.975858 1916134.58823 0
935643.099745 1916132.23521 0
935643.113487 1916131.71366 0
935643.130657 1916130.48202 0
935643.129153 1916129.12848 0
935643.102401 1916127.95265 0
935643.077179 1916126.97651 0
935643.020417 1916125.35712 0
935643.021804 1916124.38078 0
935643.065498 1916123.13784 0
935643.117976 1916121.88374 0
935643.188449 1916120.66279 0
935643.133982 1916119.34294 0
935643.09683 1916117.96749 0
935643.021393 1916116.2262 0
935643.02159 1916115.09454 0
935643.016429 1916113.26396 0
935643.052529 1916112.1875 0
935643.061595 1916111.05578 0
935643.071512 1916110.03499 0
935643.088257 1916108.74788 0
935643.046402 1916107.9161 0
935642.928488 1916106.41922 0
935642.865067 1916105.08835 0
935642.823891 1916104.34532 0
935642.762511 1916103.28071 0
935642.727824 1916102.22698 0
935642.691862 1916101.00684 0
935642.711669 1916100.11911 0
935642.747854 1916099.05375 0
935642.777295 1916098.2658 0
935642.787892 1916097.33377 0
935642.733085 1916095.96954 0
935642.63291 1916094.47253 0
935642.52259 1916092.80918 0
935642.495838 1916091.63335 0
935642.46815 1916090.33548 0
935642.3979 1916089.27093 0
935642.189675 1916087.56395 0
935641.982979 1916086.05666 0
935641.785494 1916084.59367 0
935641.596878 1916083.13062 0
935641.445781 1916081.93356 0
935641.013434 1916079.91764 0
935640.702685 1916078.7218 0
935640.418799 1916077.55903 0
935640.159141 1916076.08543 0
935639.96225 1916074.70011 0
935639.586692 1916073.14973 0
935639.19637 1916071.98778 0
935638.424001 1916069.58616 0
935638.241592 1916068.93297 0
935637.930926 1916067.74823 0
935637.556388 1916066.33098 0
935637.065864 1916064.82586 0
935636.57619 1916063.43169 0
935636.294429 1916062.54627 0
935635.976679 1916061.59457 0
935635.46782 1916060.01193 0
935634.995885 1916058.61762 0
935634.390226 1916057.13558 0
935633.749002 1916055.64271 0
935633.021318 1916053.28513 0
935632.629805 1916051.96786 0
935632.104906 1916050.60724 0
935631.607722 1916049.39064 0
935631.199999 1916048.2732 0
935630.709728 1916046.80137 0
935629.86042 1916044.77756 0
935629.274453 1916043.55054 0
935628.733005 1916042.34537 0
935628.218761 1916041.21766 0
935627.505728 1916039.6144 0
935627.019623 1916038.68617 0
935626.452416 1916037.59215 0
935625.947041 1916036.46436 0
935625.387002 1916035.14839 0
935624.432191 1916033.24743 0
935623.827208 1916031.85414 0
935623.256853 1916030.34964 0
935622.80546 1916029.32129 0
935621.996304 1916027.90738 0
935621.401296 1916026.65824 0
935621.058125 1916025.86206 0
935620.364104 1916024.42507 0
935619.65379 1916023.17682 0
935619.105086 1916022.18251 0
935618.482277 19