955558.209856 1956914.33319 0
955558.209856 1956914.33319 0
955558.20103 1956914.33323 0
955558.209916 1956914.34428 0
955558.209856 1956914.33319 0
955558.209856 1956914.33319 0
955558.209856 1956914.33319 0
955558.209856 1956914.33319 0
955558.209856 1956914.33319 0
955558.227509 1956914.33309 0
955558.253927 1956914.32185 0
955558.262694 1956914.31071 0
955558.297879 1956914.28833 0
955558.34189 1956914.26591 0
955558.412379 1956914.24334 0
955558.48275 1956914.19858 0
955558.55318 1956914.16492 0
955558.632376 1956914.12012 0
955558.702806 1956914.08645 0
955558.799714 1956914.05265 0
955558.861258 1956914.00794 0
955558.94934 1956913.97418 0
955559.010944 1956913.94057 0
955559.081374 1956913.9069 0
955559.134211 1956913.88443 0
955559.195755 1956913.83972 0
955559.248592 1956913.81725 0
955559.319022 1956913.78359 0
955559.380566 1956913.73888 0
955559.459763 1956913.69407 0
955559.5389 1956913.63817 0
955559.644515 1956913.58213 0
955559.732418 1956913.51509 0
955559.820381 1956913.45914 0
955559.91711 1956913.39206 0
955559.987362 1956913.32511 0
955560.075325 1956913.26916 0
955560.145576 1956913.20222 0
955560.215827 1956913.13527 0
955560.294964 1956913.07937 0
955560.356449 1956913.02357 0
955560.417874 1956912.95667 0
955560.488185 1956912.90082 0
955560.558437 1956912.83387 0
955560.619921 1956912.77807 0
955560.690173 1956912.71112 0
955560.751657 1956912.65532 0
955560.821849 1956912.57728 0
955560.874389 1956912.49933 0
955560.94464 1956912.43238 0
955560.99724 1956912.36553 0
955561.049779 1956912.28759 0
955561.111145 1956912.20959 0
955561.163685 1956912.13165 0
955561.216165 1956912.04261 0
955561.259879 1956911.96471 0
955561.329952 1956911.86448 0
955561.382432 1956911.77544 0
955561.44356 1956911.65307 0
955561.495981 1956911.55293 0
955561.565934 1956911.43051 0
955561.60947 1956911.31933 0
955561.670538 1956911.18586 0
955561.705247 1956911.07473 0
955561.757608 1956910.9635 0
955561.783432 1956910.84131 0
955561.818201 1956910.74127 0
955561.85291 1956910.63014 0
955561.878852 1956910.53015 0
955561.887143 1956910.43025 0
955561.913086 1956910.33025 0
955561.930262 1956910.2414 0
955561.947438 1956910.15255 0
955561.964614 1956910.0637 0
955561.973023 1956909.98599 0
955561.981433 1956909.90828 0
955561.989843 1956909.83057 0
955561.989486 1956909.764 0
955561.989069 1956909.68634 0
955561.997479 1956909.60863 0
955561.997062 1956909.53097 0
955561.996705 1956909.4644 0
955561.99617 1956909.36455 0
955561.995753 1956909.28689 0
955561.995277 1956909.19813 0
955561.977089 1956909.09838 0
955561.967728 1956908.99857 0
955561.958307 1956908.88767 0
955561.940119 1956908.78792 0
955561.921872 1956908.67707 0
955561.903744 1956908.5884 0
955561.885556 1956908.48865 0
955561.867428 1956908.39999 0
955561.840415 1956908.30028 0
955561.81352 1956908.22276 0
955561.786506 1956908.12305 0
955561.768497 1956908.05657 0
955561.732776 1956907.9791 0
955561.705941 1956907.91268 0
955561.679047 1956907.83516 0
955561.652092 1956907.74654 0
955561.607427 1956907.64693 0
955561.571646 1956907.55836 0
955561.52704 1956907.46984 0
955561.49126 1956907.38127 0
955561.455599 1956907.31489 0
955561.419818 1956907.22633 0
955561.384098 1956907.14885 0
955561.339432 1956907.04924 0
955561.294766 1956906.94962 0
955561.241096 1956906.81677 0
955561.187485 1956906.69502 0
955561.133934 1956906.58436 0
955561.080382 1956906.47369 0
955561.026891 1956906.37413 0
955560.973399 1956906.27456 0
955560.919907 1956906.17499 0
955560.866534 1956906.09761 0
955560.813042 1956905.99805 0
955560.768555 1956905.93172 0
955560.706237 1956905.8322 0
955560.652864 1956905.75482 0
955560.608317 1956905.67739 0
955560.563711 1956905.58887 0
955560.519224 1956905.52254 0
955560.465851 1956905.44516 0
955560.43019 1956905.37879 0
955560.385643 1956905.30136 0
955560.350041 1956905.24608 0
955560.31432 1956905.1686 0
955560.269833 1956905.10227 0
955560.21646 1956905.0249 0
955560.154142 1956904.92538 0
955560.091825 1956904.82586 0
955560.038392 1956904.73738 0
955559.985019 1956904.66 0
955559.922761 1956904.57158 0
955559.869388 1956904.4942 0
955559.816015 1956904.41682 0
955559.771528 1956904.35049 0
955559.726981 1956904.27307 0
955559.682494 1956904.20674 0
955559.637888 1956904.11822 0
955559.575748 1956904.05198 0
955559.522197 1956903.94132 0
955559.450993 1956903.83075 0
955559.379849 1956903.73128 0
955559.29976 1956903.60966 0
955559.210786 1956903.477 0
955559.12199 1956903.37762 0
955559.041841 1956903.24492 0
955558.953104 1956903.15663 0
955558.864189 1956903.03507 0
955558.775453 1956902.94678 0
955558.695423 1956902.83626 0
955558.624398 1956902.75898 0
955558.526776 1956902.65965 0
955558.473463 1956902.59337 0
955558.384785 1956902.51618 0
955558.322646 1956902.44994 0
955558.251621 1956902.37266 0
955558.180715 1956902.31756 0
955558.118635 1956902.26242 0
955558.056555 1956902.20728 0
955557.985649 1956902.15219 0
955557.914743 1956902.09709 0
955557.843897 1956902.05309 0
955557.764105 1956901.98695 0
955557.702144 1956901.954 0
955557.622412 1956901.89895 0
955557.569337 1956901.87705 0
955557.480838 1956901.83314 0
955557.418818 1956901.78909 0
955557.356857 1956901.75614 0
955557.294896 1956901.72319 0
955557.241821 1956901.70128 0
955557.170974 1956901.65728 0
955557.117839 1956901.62428 0
955557.020515 1956901.58043 0
955556.940902 1956901.54757 0
955556.852463 1956901.51476 0
955556.781735 1956901.49295 0
955556.702122 1956901.46009 0
955556.64028 1956901.44933 0
955556.551841 1956901.41652 0
955556.481114 1956901.39471 0
955556.419272 1956901.38394 0
955556.35737 1956901.36209 0
955556.295528 1956901.35132 0
955556.207149 1956901.32961 0
955556.145247 1956901.30775 0
955556.030449 1956901.29727 0
955555.933243 1956901.2756 0
955555.827212 1956901.25398 0
955555.747718 1956901.24331 0
955555.650572 1956901.23274 0
955555.562251 1956901.22212 0
955555.47405 1956901.23369 0
955555.394497 1956901.21192 0
955555.306236 1956901.2124 0
955555.244454 1956901.21273 0
955555.156193 1956901.2132 0
955555.103237 1956901.21348 0
955555.023802 1956901.21391 0
955554.953253 1956901.22538 0
955554.856167 1956901.2259 0
955554.75914 1956901.23752 0
955554.662113 1956901.24914 0
955554.582738 1956901.26066 0
955554.503303 1956901.26108 0
955554.432814 1956901.28365 0
955554.32696 1956901.29531 0
955554.229993 1956901.31802 0
955554.106547 1956901.34087 0
955554.000753 1956901.36363 0
955553.895019 1956901.39748 0
955553.798111 1956901.43129 0
955553.701203 1956901.46509 0
955553.604295 1956901.4989 0
955553.533865 1956901.53256 0
955553.445783 1956901.56632 0
955553.384179 1956901.59993 0
955553.31369 1956901.6225 0
955553.260912 1956901.65607 0
955553.181656 1956901.68978 0
955553.111286 1956901.73453 0
955553.00567 1956901.79058 0
955552.899996 1956901.83552 0
955552.803266 1956901.90261 0
955552.715303 1956901.95856 0
955552.618574 1956902.02565 0
955552.548263 1956902.0815 0
955552.460359 1956902.14854 0
955552.398815 1956902.19325 0
955552.33733 1956902.24905 0
955552.267019 1956902.3049 0
955552.187942 1956902.3719 0
955552.117691 1956902.43884 0
955552.056265 1956902.50574 0
955551.99478 1956902.56155 0
955551.933355 1956902.62845 0
955551.889463 1956902.67306 0
955551.854456 1956902.72872 0
955551.792912 1956902.77343 0
955551.749079 1956902.82914 0
955551.687713 1956902.90714 0
955551.617581 1956902.99627 0
955551.556334 1956903.09645 0
955551.503676 1956903.15221 0
955551.451255 1956903.25235 0
955551.416248 1956903.30801 0
955551.372535 1956903.38591 0
955551.328702 1956903.44162 0
955551.302581 1956903.50833 0
955551.267634 1956903.57508 0
955551.232687 1956903.64184 0
955551.197859 1956903.73079 0
955551.154026 1956903.7865 0
955551.136731 1956903.85316 0
955551.101724 1956903.90882 0
955551.08437 1956903.96439 0
955551.058249 1956904.0311 0
955551.032068 1956904.08671 0
955551.014833 1956904.16447 0
955550.980004 1956904.25342 0
955550.954002 1956904.34231 0
955550.919174 1956904.43126 0
955550.901939 1956904.50902 0
955550.884703 1956904.58677 0
955550.867408 1956904.65344 0
955550.850173 1956904.73119 0
955550.841763 1956904.8089 0
955550.824409 1956904.86447 0
955550.807292 1956904.96442 0
955550.790057 1956905.04217 0
955550.781767 1956905.14207 0
955550.76465 1956905.24202 0
955550.747593 1956905.35306 0
955550.748069 1956905.44181 0
955550.739838 1956905.55281 0
955550.731369 1956905.61942 0
955550.740612 1956905.69704 0
955550.732203 1956905.77475 0
955550.741386 1956905.84127 0
955550.741683 1956905.89674 0
955550.741981 1956905.95221 0
955550.742279 1956906.00769 0
955550.742457 1956906.04097 0
955550.751581 1956906.09639 0
955550.760823 1956906.17401 0
955550.770066 1956906.25162 0
955550.788194 1956906.34029 0
955550.797615 1956906.45118 0
955550.815863 1956906.56204 0
955550.851881 1956906.69498 0
955550.870247 1956906.82802 0
955550.906087 1956906.92768 0
955550.93328 1956907.06068 0
955550.960234 1956907.14929 0
955550.987248 1956907.249 0
955551.005435 1956907.34876 0
955551.032449 1956907.44847 0
955551.085941 1956907.54803 0
955551.112896 1956907.63665 0
955551.148616 1956907.71412 0
955551.184397 1956907.80269 0
955551.229063 1956907.9023 0
955551.282614 1956908.01296 0
955551.32728 1956908.11258 0
955551.371886 1956908.2011 0
955551.425438 1956908.31176 0
955551.47887 1956908.40023 0
955551.559019 1956908.53294 0
955551.603625 1956908.62146 0
955551.665884 1956908.70989 0
955551.701783 1956908.82064 0
955551.74633 1956908.89807 0
955551.799822 1956908.99764 0
955551.835602 1956909.0862 0
955551.898039 1956909.20791 0
955551.951531 1956909.30748 0
955552.022854 1956909.44024 0
955552.085231 1956909.55085 0
955552.147609 1956909.66146 0
955552.209927 1956909.76098 0
955552.272244 1956909.8605 0
955552.343329 1956909.94888 0
955552.405528 1956910.02621 0
955552.476612 1956910.11459 0
955552.538811 1956910.19192 0
955552.627607 1956910.2913 0
955552.716463 1956910.40177 0
955552.822911 1956910.50105 0
955552.885051 1956910.56729 0
955553.000444 1956910.68872 0
955553.080354 1956910.77705 0
955553.195807 1956910.90957 0
955553.284544 1956910.99785 0
955553.364514 1956911.09727 0
955553.45331 1956911.19665 0
955553.53322 1956911.28498 0
955553.613191 1956911.38441 0
955553.701987 1956911.48379 0
955553.790783 1956911.58316 0
955553.87946 1956911.66035 0
955553.950544 1956911.74873 0
955554.030395 1956911.82597 0
955554.127898 1956911.90311 0
955554.216575 1956911.9803 0
955554.305193 1956912.04639 0
955554.39381 1956912.11248 0
955554.473602 1956912.17863 0
955554.553334 1956912.23367 0
955554.641951 1956912.29977 0
955554.748221 1956912.36577 0
955554.863317 1956912.43172 0
955554.978412 1956912.49767 0
955555.093448 1956912.55253 0
955555.190832 1956912.60748 0
955555.288157 1956912.65134 0
955555.394308 1956912.69515 0
955555.500458 1956912.73896 0
955555.615435 1956912.78272 0
955555.721585 1956912.82653 0
955555.836503 1956912.8592 0
955555.924882 1956912.88091 0
955556.030973 1956912.91363 0
955556.128179 1956912.9353 0
955556.225325 1956912.94587 0
955556.331356 1956912.96749 0
955556.446214 1956912.98907 0
955556.54336 1956912.99964 0
955556.666984 1956913.01007 0
955556.772956 1956913.0206 0
955556.914232 1956913.03094 0
955557.046623 1956913.03023 0
955557.196666 1956913.02942 0
955557.355534 1956913.02857 0
955557.496692 1956913.01672 0
955557.637849 1956913.00487 0
955557.761294 1956912.98201 0
955557.920044 1956912.95897 0
955558.034604 1956912.92507 0
955558.175702 1956912.90213 0
955558.299148 1956912.87927 0
955558.334452 1956912.87908 0
955558.263843 1956912.87946 0
955558.246251 1956912.89065 0
955558.263843 1956912.87946 0
955558.281495 1956912.87937 0
955558.263843 1956912.87946 0
955558.263843 1956912.87946 0
955558.263843 1956912.87946 0
955558.255017 1956912.87951 0
955558.263843 1956912.87946 0
955558.263843 1956912.87946 0
955558.263843 1956912.87946 0
955558.263843 1956912.87946 0
955558.263843 1956912.87946 0
955558.263843 1956912.87946 0
955558.263843 1956912.87946 0
955558.263843 1956912.87946 0
955558.263843 1956912.87946 0
955558.263843 1956912.87946 0
955558.263843 1956912.87946 0
955558.263903 1956912.89056 0
955558.263843 1956912.87946 0
955558.263843 1956912.87946 0
955558.263843 1956912.87946 0
955558.263843 1956912.87946 0
955558.263843 1956912.87946 0
955558.263843 1956912.87946 0
955558.263903 1956912.89056 0
955558.263843 1956912.87946 0
955558.263843 1956912.87946 0
955558.263843 1956912.87946 0
955558.263843 1956912.87946 0
955558.263903 1956912.89056 0
