955548.603392 1956889.01067 0
955548.603392 1956889.01067 0
955548.603392 1956889.01067 0
955548.612277 1956889.02172 0
955554.112878 1956884.42112 0
955554.855098 1956879.63523 0
955556.808042 1956880.06855 0
955559.843222 1956883.15885 0
955560.829462 1956884.374 0
955561.805924 1956885.41168 0
955563.684905 1956886.86613 0
955565.114351 1956888.43394 0
955567.264956 1956891.16285 0
955568.944743 1956893.32844 0
955570.152286 1956894.66445 0
955571.715786 1956896.5422 0
955573.111531 1956898.40975 0
955574.427425 1956900.20007 0
955576.819859 1956901.94024 0
955578.961117 1956902.9273 0
955580.517715 1956903.51808 0
955583.060606 1956905.33511 0
955584.059472 1956907.26027 0
955584.904726 1956908.52055 0
955585.819042 1956909.492 0
955586.592796 1956910.58625 0
955587.340131 1956911.69174 0
955588.069516 1956912.74184 0
955588.727995 1956913.73685 0
955589.564065 1956914.93062 0
955590.64554 1956915.80132 0
955591.699763 1956916.52794 0
955592.841296 1956917.07656 0
955593.822592 1956917.37087 0
955594.732387 1956917.49913 0
955595.589345 1956917.64987 0
955597.021483 1956918.07489 0
955596.75935 1956920.21761 0
