955566.12838 1956922.8116 0
955566.128321 1956922.80051 0
955566.119495 1956922.80056 0
955566.119435 1956922.78946 0
955566.11055 1956922.77841 0
955566.101664 1956922.76737 0
955566.092779 1956922.75632 0
955566.075067 1956922.74532 0
955566.066181 1956922.73427 0
955566.04841 1956922.71218 0
955566.039465 1956922.69004 0
955566.021694 1956922.66794 0
955565.995038 1956922.6348 0
955565.977207 1956922.60161 0
955565.950551 1956922.56847 0
955565.923834 1956922.52423 0
955565.888292 1956922.48004 0
955565.852691 1956922.42476 0
955565.817149 1956922.38057 0
955565.781487 1956922.31419 0
955565.737 1956922.24786 0
955565.683687 1956922.18158 0
955565.647966 1956922.1041 0
955565.594653 1956922.03782 0
955565.550166 1956921.97149 0
955565.496853 1956921.90521 0
955565.443599 1956921.85002 0
955565.399112 1956921.78369 0
955565.336913 1956921.70636 0
955565.28366 1956921.65117 0
955565.212694 1956921.58498 0
955565.159381 1956921.5187 0
955565.097301 1956921.46355 0
955565.043988 1956921.39727 0
955564.990675 1956921.33099 0
955564.928595 1956921.27585 0
955564.875401 1956921.23175 0
955564.813321 1956921.17661 0
955564.760127 1956921.13251 0
955564.706873 1956921.07733 0
955564.653679 1956921.03323 0
955564.600485 1956920.98914 0
955564.547291 1956920.94504 0
955564.476385 1956920.88995 0
955564.414365 1956920.8459 0
955564.343459 1956920.79081 0
955564.263787 1956920.74685 0
955564.184055 1956920.69181 0
955564.095497 1956920.63681 0
955563.998113 1956920.58186 0
955563.900729 1956920.5269 0
955563.785693 1956920.47205 0
955563.679483 1956920.41714 0
955563.555621 1956920.36233 0
955563.431759 1956920.30752 0
955563.299131 1956920.26385 0
955563.166502 1956920.22018 0
955563.0427 1956920.17647 0
955562.892419 1956920.13289 0
955562.751024 1956920.10037 0
955562.609629 1956920.06784 0
955562.459467 1956920.04646 0
955562.309306 1956920.02507 0
955562.159144 1956920.00369 0
955562.009042 1956919.9934 0
955561.85894 1956919.98311 0
955561.717723 1956919.98387 0
955561.558854 1956919.98472 0
955561.426464 1956919.98543 0
955561.276481 1956919.99733 0
955561.135383 1956920.02027 0
955560.976693 1956920.05441 0
955560.817884 1956920.06636 0
955560.659253 1956920.11159 0
955560.509448 1956920.15677 0
955560.350818 1956920.202 0
955560.201073 1956920.25828 0
955560.042442 1956920.30351 0
955559.901583 1956920.37083 0
955559.743071 1956920.43825 0
955559.602211 1956920.50558 0
955559.461471 1956920.59509 0
955559.320611 1956920.66242 0
955559.170926 1956920.72979 0
955559.030066 1956920.79711 0
955558.88044 1956920.87558 0
955558.739521 1956920.93181 0
955558.607606 1956921.02128 0
955558.466747 1956921.0886 0
955558.343599 1956921.16693 0
955558.220511 1956921.25635 0
955558.088596 1956921.34581 0
955557.974334 1956921.43519 0
955557.86019 1956921.54675 0
955557.737102 1956921.63617 0
955557.631725 1956921.73659 0
955557.49987 1956921.83715 0
955557.394434 1956921.92647 0
955557.271405 1956922.02699 0
955557.157142 1956922.11636 0
955557.04288 1956922.20573 0
955556.937384 1956922.28396 0
955556.832067 1956922.39547 0
955556.735456 1956922.48475 0
955556.630139 1956922.59627 0
955556.524762 1956922.69669 0
955556.437037 1956922.79701 0
955556.340546 1956922.90848 0
955556.270354 1956922.98652 0
955556.156271 1956923.10917 0
955556.094964 1956923.19826 0
955556.016185 1956923.32073 0
955555.946053 1956923.40986 0
955555.893691 1956923.52109 0
955555.832504 1956923.63237 0
955555.771198 1956923.72146 0
955555.718837 1956923.83269 0
955555.666476 1956923.94392 0
955555.623 1956924.06619 0
955555.579406 1956924.16628 0
955555.53593 1956924.28856 0
955555.501162 1956924.3886 0
955555.466453 1956924.49974 0
955555.431803 1956924.62197 0
955555.40592 1956924.73305 0
955555.371211 1956924.84419 0
955555.354214 1956924.96632 0
955555.328331 1956925.07741 0
955555.311333 1956925.19955 0
955555.285629 1956925.34392 0
955555.277457 1956925.46601 0
955555.269346 1956925.59919 0
955555.27006 1956925.73232 0
955555.261948 1956925.86551 0
955555.271428 1956925.9875 0
955555.272143 1956926.12063 0
955555.281683 1956926.25372 0
955555.300049 1956926.38676 0
955555.30953 1956926.50875 0
955555.336662 1956926.63065 0
955555.363855 1956926.76365 0
955555.391047 1956926.89664 0
955555.418179 1956927.01854 0
955555.462964 1956927.14034 0
955555.498923 1956927.26219 0
955555.543708 1956927.384 0
955555.579666 1956927.50585 0
955555.615625 1956927.6277 0
955555.651703 1956927.77174 0
955555.678836 1956927.89364 0
955555.714913 1956928.03768 0
955555.759698 1956928.15948 0
955555.804483 1956928.28128 0
955555.858094 1956928.40304 0
955555.902938 1956928.53594 0
955555.956549 1956928.6577 0
955556.010159 1956928.77945 0
955556.06377 1956928.90121 0
955556.126148 1956929.01182 0
955556.19741 1956929.13348 0
955556.268614 1956929.24405 0
955556.330931 1956929.34357 0
955556.410961 1956929.45409 0
955556.482105 1956929.55356 0
955556.571019 1956929.67513 0
955556.659756 1956929.76341 0
955556.748671 1956929.88498 0
955556.846233 1956929.97322 0
955556.943974 1956930.09474 0
955557.050422 1956930.19402 0
955557.174522 1956930.29321 0
955557.289796 1956930.39244 0
955557.422722 1956930.49158 0
955557.546703 1956930.56858 0
955557.69734 1956930.67873 0
955557.821321 1956930.75572 0
955557.963013 1956930.84372 0
955558.104646 1956930.92063 0
955558.255046 1956930.98639 0
955558.396619 1956931.0522 0
955558.546959 1956931.10687 0
955558.706125 1956931.16149 0
955558.847639 1956931.21621 0
955558.99792 1956931.25978 0
955559.157026 1956931.30331 0
955559.298362 1956931.32474 0
955559.475061 1956931.35707 0
955559.625222 1956931.37846 0
955559.792976 1956931.38865 0
955559.943078 1956931.39894 0
955560.09312 1956931.39814 0
955560.243163 1956931.39733 0
955560.401972 1956931.38539 0
955560.551955 1956931.37349 0
955560.710645 1956931.33935 0
955560.860628 1956931.32745 0
955561.010551 1956931.30446 0
955561.169181 1956931.25923 0
955561.327871 1956931.22509 0
955561.46879 1956931.16886 0
955561.618595 1956931.12368 0
955561.777225 1956931.07845 0
955561.909259 1956931.01117 0
955562.058944 1956930.9438 0
955562.199863 1956930.88757 0
955562.322951 1956930.79815 0
955562.472696 1956930.74187 0
955562.604611 1956930.65241 0
955562.727639 1956930.55189 0
955562.859613 1956930.47352 0
955562.982642 1956930.37301 0
955563.096904 1956930.28363 0
955563.219933 1956930.18312 0
955563.334017 1956930.06046 0
955563.421801 1956929.97123 0
955563.544711 1956929.84853 0
955563.632436 1956929.74821 0
955563.737694 1956929.6256 0
955563.834126 1956929.50304 0
955563.912965 1956929.39167 0
955564.009278 1956929.24691 0
955564.097003 1956929.14659 0
955564.211027 1956929.01284 0
955564.298633 1956928.89033 0
955564.403831 1956928.75662 0
955564.509089 1956928.63401 0
955564.614406 1956928.5225 0
955564.719605 1956928.3888 0
955564.807151 1956928.25519 0
955564.894697 1956928.12158 0
955564.964532 1956927.97697 0
955565.052078 1956927.84336 0
955565.121913 1956927.69876 0
955565.182922 1956927.5542 0
955565.235105 1956927.40968 0
955565.296113 1956927.26512 0
955565.357181 1956927.13165 0
955565.409305 1956926.97605 0
955565.470373 1956926.84258 0
955565.531322 1956926.68692 0
955565.59239 1956926.55346 0
955565.653459 1956926.41999 0
955565.705641 1956926.27548 0
955565.757824 1956926.13097 0
955565.801181 1956925.9865 0
955565.835712 1956925.84208 0
955565.861595 1956925.73099 0
955565.896185 1956925.59767 0
955565.913182 1956925.47553 0
955565.939006 1956925.35335 0
955565.956063 1956925.24231 0
955565.973061 1956925.12017 0
955565.981351 1956925.02028 0
955565.989582 1956924.90928 0
955565.997873 1956924.80938 0
955566.015228 1956924.75382 0
955566.015109 1956924.73163 0
955566.015109 1956924.73163 0
955566.00652 1956924.77605 0
955566.006401 1956924.75386 0
955566.015228 1956924.75382 0
955566.006401 1956924.75386 0
955566.006461 1956924.76496 0
955566.006401 1956924.75386 0
955566.006461 1956924.76496 0
955566.006401 1956924.75386 0
955566.006401 1956924.75386 0
955566.006401 1956924.75386 0
955566.006401 1956924.75386 0
955566.006401 1956924.75386 0
955566.006401 1956924.75386 0
955565.997635 1956924.76501 0
955566.006401 1956924.75386 0
955566.006461 1956924.76496 0
955566.006461 1956924.76496 0
955566.006461 1956924.76496 0
955566.006461 1956924.76496 0
955566.006401 1956924.75386 0
955566.006401 1956924.75386 0
955566.006401 1956924.75386 0
955566.006401 1956924.75386 0
955566.006401 1956924.75386 0
955566.006461 1956924.76496 0
