935637.0377755549 1916035.7025713802 2
935637.1367872313 1916035.8904218322 2
935637.2450937235 1916036.1336743883 2
935637.3442754614 1916036.3437128798 2
935637.4524969066 1916036.5758714208 2
935637.5696730225 1916036.8190559952 2
935637.6870192019 1916037.0844286066 2
935637.7682915668 1916037.2724150366 2
935637.8584335686 1916037.4603334847 2
935637.9486606013 1916037.6593459493 2
935638.0388876274 1916037.8583584153 2
935638.1380693262 1916038.068396916 2
935638.237165988 1916038.2673413986 2
935638.3273930012 1916038.4663538674 2
935638.4264896518 1916038.6652983536 2
935638.5168016927 1916038.8754048424 2
935638.6158983342 1916039.0743493317 2
935638.7150800049 1916039.2843878372 2
935638.8143467044 1916039.5055203629 2
935638.9047437606 1916039.7267208737 2
935639.0040104478 1916039.9478534015 2
935639.1120617366 1916040.1578239286 2
935639.2114134514 1916040.3900504757 2
935639.310765156 1916040.6222770256 2
935639.4190715275 1916040.8655296096 2
935639.5185082563 1916041.108850178 2
935639.6180300143 1916041.3632647675 2
935639.7263363679 1916041.6065173547 2
935639.8435973813 1916041.8607959787 2
935639.943119121 1916042.1152105695 2
935640.0515955202 1916042.3806511976 2
935640.1511172435 1916042.6350657926 2
935640.259423566 1916042.8783183878 2
935640.3588602481 1916043.1216389663 2
935640.4582969245 1916043.3649595475 2
935640.5577335954 1916043.6082801274 2
935640.6572552919 1916043.8626947273 2
935640.7566069203 1916044.0949212948 2
935640.8383043078 1916044.338377843 2
935640.9287862906 1916044.5706723945 2
935641.0193533017 1916044.8140609642 2
935641.1099203076 1916045.0574495343 2
935641.1915326457 1916045.289812068 2
935641.2731449794 1916045.5221746042 2
935641.3547573087 1916045.7545371407 2
935641.4275 1916045.9869676598 2
935641.509112321 1916046.2193301977 2
935641.5907246375 1916046.451692737 2
935641.6634673167 1916046.6841232588 2
935641.7450796248 1916046.9164857985 2
935641.8179073281 1916047.1600103385 2
935641.8906499954 1916047.3924408625 2
935641.9723473205 1916047.6358974224 2
935642.0539596116 1916047.8682599666 2
935642.1354868688 1916048.089528493 2
935642.1992748637 1916048.3109329815 2
935642.2718474527 1916048.5211754732 2
935642.3443350113 1916048.7203239477 2
935642.4168225665 1916048.9194724222 2
935642.5164291747 1916049.1849810618 2
935642.6070811223 1916049.4394636664 2
935642.6886083508 1916049.6607321997 2
935642.7610108594 1916049.8487866598 2
935642.8424530516 1916050.0589611758 2
935642.9238952397 1916050.2691356922 2
935642.9964677972 1916050.4793781908 2
935643.0777399188 1916050.6673646725 2
935643.1502274411 1916050.8665131533 2
935643.2495789226 1916051.0987397507 2
935643.3219814093 1916051.2867942164 2
935643.3944689208 1916051.4859426985 2
935643.4846956776 1916051.6849552242 2
935643.5662228627 1916051.9062237653 2
935643.6477500435 1916052.1274923065 2
935643.7470164698 1916052.348624891 2
935643.8375833213 1916052.5920134922 2
935643.9370197917 1916052.835334113 2
935644.0364562544 1916053.078654737 2
935644.1359777407 1916053.3330693801 2
935644.2355842504 1916053.5985780405 2
935644.3351907494 1916053.8640867036 2
935644.4436668674 1916054.1295273884 2
935644.5522280053 1916054.4060620933 2
935644.669743787 1916054.6936228385 2
935644.7783049106 1916054.9701575453 2
935644.8958206727 1916055.257718294 2
935645.0045518338 1916055.5564410412 2
935645.113112936 1916055.8329757522 2
935645.2216740312 1916056.1095104658 2
935645.3212804758 1916056.37501914 2
935645.4208018845 1916056.6294337981 2
935645.5024990244 1916056.8728903935 2
935645.5929807543 1916057.1051849949 2
935645.6835475044 1916057.3485736153 2
935645.7562899861 1916057.5810041719 2
935645.8378170581 1916057.8022727356 2
935645.9105595297 1916058.0347032966 2
935645.983216975 1916058.2560398371 2
935646.0470047961 1916058.477444357 2
935646.1108776408 1916058.7099428955 2
935646.1835350733 1916058.9312794385 2
935646.2561925043 1916059.1526159828 2
935646.3200653385 1916059.3851145227 2
935646.3840231937 1916059.628707079 2
935646.4566806116 1916059.8500436253 2
935646.5294230521 1916060.0824741898 2
935646.6020804648 1916060.3038107376 2
935646.6659532795 1916060.5363092804 2
935646.7386957087 1916060.7687398468 2
935646.8202227261 1916060.9900084198 2
935646.8929651452 1916061.2224389885 2
935646.9656225393 1916061.4437755398 2
935647.038364953 1916061.6762061077 2
935647.1110223375 1916061.8975426604 2
935647.192634358 1916062.129905255 2
935647.2652917347 1916062.3512418084 2
935647.3380341331 1916062.5836723812 2
935647.4195611182 1916062.8049409592 2
935647.4923035087 1916063.0373715335 2
935647.5739155061 1916063.269734132 2
935647.6555275016 1916063.502096731 2
935647.7282698799 1916063.7345273066 2
935647.8187514793 1916063.9668219327 2
935647.8914938472 1916064.1992525104 2
935647.9819754374 1916064.431547138 2
935648.0635874111 1916064.6639097421 2
935648.1452844024 1916064.9073663645 2
935648.2180267537 1916065.1397969436 2
935648.3085933473 1916065.3831855934 2
935648.390290325 1916065.6266422186 2
935648.4719872983 1916065.8700988444 2
935648.5537692861 1916066.1246494888 2
935648.6354662501 1916066.368106116 2
935648.7171632097 1916066.611562744 2
935648.7989451857 1916066.8661133905 2
935648.8806421338 1916067.1095700208 2
935648.9624241004 1916067.3641206694 2
935649.0353364538 1916067.618739293 2
935649.1170333904 1916067.8621959253 2
935649.1987303203 1916068.1056525582 2
935649.27155764 1916068.349177166 2
935649.3532545634 1916068.592633801 2
935649.4349514821 1916068.8360904353 2
935649.49890918 1916069.0796830193 2
935649.5717364834 1916069.3232076294 2
935649.6445637827 1916069.56673224 2
935649.7084364517 1916069.7992308068 2
935649.7812637412 1916070.0427554187 2
935649.8451364031 1916070.2752539862 2
935649.9090940793 1916070.518846573 2
935649.9730517543 1916070.7624391606 2
935650.036924406 1916070.9949377275 2
935650.1097516764 1916071.2384623415 2
935650.1648397339 1916071.482122904 2
935650.237666999 1916071.7256475203 2
935650.3016246562 1916071.96924011 2
935650.3654972905 1916072.201738681 2
935650.4205853351 1916072.445399244 2
935650.4934125829 1916072.6889238623 2
935650.5573702261 1916072.9325164543 2
935650.6213278658 1916073.176109046 2
935650.6941551042 1916073.4196336665 2
935650.7581127344 1916073.6632262606 2
935650.8220703609 1916073.906818853 2
935650.8948125693 1916074.1392494577 2
935650.958770191 1916074.3828420537 2
935651.022727809 1916074.6264346484 2
935651.0866854214 1916074.8700272446 2
935651.1506430324 1916075.1136198412 2
935651.223470238 1916075.357144466 2
935651.2785582418 1916075.6008050353 2
935651.34251584 1916075.8443976329 2
935651.406473437 1916076.0879902304 2
935651.4704310305 1916076.3315828308 2
935651.5255190191 1916076.5752434002 2
935651.580607007 1916076.8189039724 2
935651.6356949897 1916077.0625645434 2
935651.6906129364 1916077.2840370806 2
935651.7364912446 1916077.483389551 2
935651.8007038716 1916077.7602642071 2
935651.85587686 1916078.0150187989 2
935651.892970581 1916078.2255332593 2
935651.9391889516 1916078.4692618037 2
935651.9852372853 1916078.6908023127 2