935653.5288727344 1916118.0761460667 7
935653.5574367755 1916118.3311045892 7
935653.5861708501 1916118.6082511495 7
935653.6236894588 1916118.8742357222 7
935653.6432989248 1916119.1181681969 7
935653.6716079112 1916119.339844664 7
935653.7000869309 1916119.5837091687 7
935653.7286509632 1916119.838667694 7
935653.7573000098 1916120.1047202381 7
935653.7955837548 1916120.47055098 7
935653.8237227015 1916120.6700394107 7
935653.8518616472 1916120.8695278422 7
935653.8712160555 1916121.0801782608 7
935653.8994400149 1916121.2907607108 7
935653.9371286382 1916121.5789333228 7
935653.9746472251 1916121.8449178992 7
935654.0032962591 1916122.1109704438 7
935654.0408148444 1916122.3769550193 7
935654.078418441 1916122.6540336143 7
935654.1158520039 1916122.908924172 7
935654.1799792323 1916123.17470484 7
935654.2351518893 1916123.4294594598 7
935654.326567884 1916123.783788375 7
935654.4262583081 1916124.060391188 7
935654.5259487283 1916124.3369940051 7
935654.652077759 1916124.5912048765 7
935654.7782067778 1916124.845415751 7
935654.9582331975 1916125.1879709687 7
935655.1021012954 1916125.4420459112 7
935655.2635384528 1916125.6737968842 7
935655.4072365076 1916125.9056837938 7
935655.5596340711 1916126.1153147009 7
935655.703077067 1916126.3139195594 7
935655.8556446453 1916126.5457385103 7
935656.0082122129 1916126.7775574639 7
935656.1519102267 1916127.0094443862 7
935656.3318515329 1916127.340905615 7
935656.4578954532 1916127.5840224947 7
935656.5751548295 1916127.8383013646 7
935656.6835446566 1916128.0926482007 7
935656.7918494651 1916128.3359010187 7
935656.9185734552 1916128.6677700584 7
935656.9735759733 1916128.9003366595 7
935657.0374480342 1916129.1328352937 7
935657.0834959911 1916129.3543758423 7
935657.1116348382 1916129.5538642851 7
935657.1312441843 1916129.7977967702 7
935657.1505134865 1916129.9973531794 7
935657.1612532908 1916130.2413536308 7
935657.1632935766 1916130.507610086 7
935657.1653338625 1916130.773866541 7
935657.1852832552 1916131.062175102 7
935657.1962780937 1916131.3394576123 7
935657.2160574608 1916131.605578136 7
935657.2358368291 1916131.8716986591 7
935657.2553611564 1916132.1045371247 7
935657.2660159472 1916132.3374435583 7
935657.2854552635 1916132.5591880083 7
935657.3050646023 1916132.8031204934 7
935657.3248439638 1916133.0692410178 7
935657.3353287266 1916133.2799594142 7
935657.3634675548 1916133.4794478584 7
935657.3739523162 1916133.6901662531 7
935657.4029412617 1916134.0005948886 7
935657.4228906417 1916134.2889034518 7
935657.4425849856 1916134.5439299578 7
935657.4618542704 1916134.7434863697 7
935657.4811235545 1916134.943042781 7
935657.50039284 1916135.1425991915 7
935657.5292117519 1916135.4308397898 7
935657.5485660448 1916135.641490221 7
935657.5678353254 1916135.8410466332 7
935657.596739247 1916136.14038125 7
935657.6072240011 1916136.3510996476 7
935657.6264932791 1916136.5506560588 7
935657.6457625563 1916136.7502124708 7
935657.6651168442 1916136.9608629015 7
935657.6844711313 1916137.171513332 7
935657.7135450682 1916137.4930359898 7
935657.7417688876 1916137.7036184561 7
935657.7611231715 1916137.914268889 7
935657.7716079208 1916138.1249872844 7
935657.7908771919 1916138.3245436978 7
935657.8101464623 1916138.52410011 7
935657.8294157343 1916138.7236565233 7
935657.8581496149 1916139.0008031058 7
935657.8868834937 1916139.2779496866 7
935657.9156173711 1916139.5550962684 7
935657.9442662379 1916139.821148831 7
935657.9736802008 1916140.1870475654 7
935658.0018189955 1916140.3865360152 7
935658.0211732686 1916140.5971864485 7
935658.040527541 1916140.8078368807 7
935658.0601368478 1916141.0517693728 7
935658.088615682 1916141.295633898 7
935658.1084800173 1916141.5728484453 7
935658.1372138816 1916141.8499950285 7
935658.1660327574 1916142.1382356316 7
935658.185897089 1916142.4154501797 7
935658.2145459377 1916142.6815027443 7
935658.2253707164 1916142.9365972208 7
935658.2449800124 1916143.1805297115 7
935658.273373825 1916143.4133002202 7
935658.3017676385 1916143.6460707274 7
935658.3301614483 1916143.8788412367 7
935658.3496857291 1916144.1116797074 7
935658.3869490637 1916144.3443822511 7
935658.4065583552 1916144.5883147446 7
935658.4350371703 1916144.8321792725 7
935658.463515984 1916145.0760438007 7
935658.4919947962 1916145.319908328 7
935658.5204736091 1916145.5637728558 7
935658.5400828926 1916145.8077053495 7
935658.5686467112 1916146.0626638967 7
935658.59712552 1916146.3065284255 7
935658.6256893356 1916146.5614869727 7
935658.645383625 1916146.8165134864 7
935658.6650779133 1916147.0715399995 7
935658.7025112491 1916147.3264305838 7
935658.7310750589 1916147.5813891327 7
935658.7694435061 1916147.9583139285 7
935658.7891377889 1916148.2133404408 7
935658.817701594 1916148.4682989917 7
935658.8462653973 1916148.723257541 7
935658.8749142116 1916148.989310109 7
935658.8946084897 1916149.2443366242 7
935658.9143877771 1916149.5104571579 7
935658.9252125316 1916149.7655516372 7
935658.9548814596 1916150.1647324373 7
935658.9569217018 1916150.4309889015 7
935658.958876934 1916150.686151345 7
935658.9697866968 1916150.9523398436 7
935658.971826939 1916151.2185963057 7
935658.9827367035 1916151.4847848052 7
935658.9670379043 1916151.7511771985 7
935658.9690781472 1916152.017433663 7
935658.9799028991 1916152.272528142 7
935658.9818581318 1916152.5276905862 7
935658.9836433444 1916152.7606649925 7
935658.9676895228 1916152.9937753286 7
935658.9871287596 1916153.215519785 7
935658.9978685025 1916153.4595202461 7
935658.9907841954 1916153.6925626174 7
935658.9926544186 1916153.936631043 7
935659.003394161 1916154.1806315035 7
935658.9963098549 1916154.413673874 7
935658.9892255516 1916154.6467162466 7
935658.9821412513 1916154.879758617 7
935658.9927109687 1916155.1015710405 7
935658.9861367302 1916155.4011775283 7
935658.9794774776 1916155.689689997 7
935658.9724781872 1916155.9338263874 7
935658.9652238666 1916156.1446807198 7
935658.9670090817 1916156.3776551266 7
935658.9598397723 1916156.5996034793 7