935553.4553104582 1915887.9080535052 10
935553.5721504132 1915888.1068608493 10
935553.6802057052 1915888.3168302833 10
935553.8152109582 1915888.5709715656 10
935553.9410909754 1915888.7918988757 10
935554.0582714749 1915889.0350822893 10
935554.1932767032 1915889.2892235778 10
935554.3285373467 1915889.5766469154 10
935554.4186827245 1915889.7645644706 10
935554.5177830367 1915889.963507971 10
935554.6080135469 1915890.1625195427 10
935554.6981589125 1915890.3504371007 10
935554.8514996776 1915890.6821003682 10
935555.0048404334 1915891.0137636387 10
935555.1221060103 1915891.2680410822 10
935555.2033815549 1915891.4560267164 10
935555.284742238 1915891.6551063654 10
935555.3661029174 1915891.8541860168 10
935555.4925788259 1915892.152771459 10
935555.5740246354 1915892.362945128 10
935555.6466006438 1915892.5731868679 10
935555.7370013817 1915892.7943864823 10
935555.818532316 1915893.0156541695 10
935555.9000632486 1915893.2369218566 10
935555.9728095199 1915893.4693516314 10
935556.0632953789 1915893.701645266 10
935556.136041642 1915893.934075041 10
935556.208958181 1915894.1886928487 10
935556.281789577 1915894.4322166408 10
935556.3635758978 1915894.6867663795 10
935556.4453622162 1915894.9413161213 10
935556.5094089458 1915895.196002 10
935556.5823254611 1915895.4506198114 10
935556.6552419746 1915895.7052376235 10
935556.7192886927 1915895.959923504 10
935556.7832502667 1915896.2035153692 10
935556.8296425341 1915896.469431404 10
935556.8760347967 1915896.7353474398 10
935556.9223419186 1915896.9901694595 10
935556.9509094605 1915897.2451276174 10
935556.9706072091 1915897.5001538442 10
935556.9901346813 1915897.7329920381 10
935556.9829676476 1915897.9549404245 10
935556.9758006145 1915898.1768888112 10
935556.9774182326 1915898.38767511 10
935556.9612962741 1915898.5985975482 10
935556.9451743143 1915898.809519986 10
935556.9202677077 1915899.0316045089 10
935556.9042308902 1915899.2536209645 10
935556.8705396368 1915899.4868675717 10
935556.8280637341 1915899.7312762637 10
935556.7766329112 1915899.9646590096 10
935556.7252872273 1915900.2091357715 10
935556.6649866241 1915900.4425865877 10
935556.5959013745 1915900.6871994883 10
935556.5090765571 1915900.9319485296 10
935556.422251745 1915901.1766975704 10
935556.3265571527 1915901.421514682 10
935556.2131229958 1915901.666467934 10
935556.0908190609 1915901.9114892571 10
935555.9595602094 1915902.1454846363 10
935555.8193464414 1915902.3684540722 10
935555.6791326789 1915902.5914235094 10
935555.5388337863 1915902.8032989344 10
935555.389665117 1915903.015242432 10
935555.2315415295 1915903.2161599856 10
935555.0734179518 1915903.4170775441 10
935554.9152092389 1915903.6069010885 10
935554.7392609672 1915903.7968607785 10
935554.554442921 1915903.9868885446 10
935554.3605848199 1915904.1547963524 10
935554.1756816484 1915904.3337301118 10
935553.9817384188 1915904.4905439122 10
935553.7966649785 1915904.6472896473 10
935553.6116766875 1915904.8151294023 10
935553.4086934146 1915904.9498232594 10
935553.223619995 1915905.1065690063 10
935553.038376296 1915905.241126726 10
935552.8531326029 1915905.3756844506 10
935552.6765884095 1915905.4879860738 10
935552.4912595858 1915905.6114497904 10
935552.3058456213 1915905.7238194947 10
935552.1203465172 1915905.8250951876 10
935551.9438023428 1915905.9373968265 10
935551.749433467 1915906.0387406019 10
935551.5639343787 1915906.1400163074 10
935551.3606105862 1915906.23033415 10
935551.1661565785 1915906.320583922 10
935550.9806575009 1915906.421859641 10
935550.7950732816 1915906.512041347 10
935550.6007044349 1915906.6133851479 10
935550.4062504438 1915906.7036349392 10
935550.2207513837 1915906.8049106752 10
935550.0353374752 1915906.9172804311 10
935549.8408834971 1915907.0075302345 10
935549.6465146731 1915907.1088740602 10
935549.4610156309 1915907.2101498125 10
935549.2666468137 1915907.3114936457 10
935549.0811477804 1915907.4127694066 10
935548.8779943422 1915907.525275343 10
935548.6836255393 1915907.626619189 10
935548.4804721114 1915907.739125137 10
935548.2773186888 1915907.8516310863 10
935548.0740801219 1915907.9530430262 10
935547.8709267122 1915908.0655489862 10
935547.6677733032 1915908.1780549516 10
935547.4647050527 1915908.3016549402 10
935547.2526818789 1915908.414228994 10
935547.0407438619 1915908.5378970697 10
935546.8287206998 1915908.6504711348 10
935546.6167826949 1915908.7741392234 10
935546.4047595442 1915908.8867133 10
935546.1838666215 1915908.9993554621 10
935545.9718434821 1915909.1119295494 10
935545.7598203484 1915909.2245036426 10
935545.538927443 1915909.3371458221 10
935545.3269043206 1915909.449719926 10
935545.1148812037 1915909.562294035 10
935544.8939883157 1915909.6749362322 10
935544.6818800559 1915909.7764163364 10
935544.4698569558 1915909.8889904618 10
935544.2490492397 1915910.0127266939 10
935544.0281563748 1915910.1253689127 10
935543.7983937372 1915910.2380792208 10
935543.5775860422 1915910.3618154698 10
935543.356693193 1915910.4744577073 10
935543.1181459565 1915910.5983301338 10
935542.8795135702 1915910.7111085497 10
935542.6500064371 1915910.8571009396 10
935542.402589444 1915910.9810414708 10
935542.1552576179 1915911.1160760247 10
935541.9167104147 1915911.239948487 10
935541.6693786039 1915911.3749830571 10
935541.4310017347 1915911.5210435642 10
935541.1836699375 1915911.656078148 10
935540.93642331 1915911.8022067547 10
935540.6890915311 1915911.937241354 10
935540.441844918 1915912.0833699775 10
935540.185643381 1915912.218472677 10
935539.9383967847 1915912.364601314 10
935539.6910650381 1915912.4996359432 10
935539.434948687 1915912.6458326832 10
935539.1787471831 1915912.780935414 10
935538.9315006204 1915912.9270640828 10
935538.6841689041 1915913.0620987415 10
935538.4280525872 1915913.208295512 10
935538.1807208894 1915913.3433301866 10
935537.9333891992 1915913.4783648679 10
935537.677187742 1915913.613467646 10
935537.4298560676 1915913.748502343 10
935537.182524399 1915913.883537047 10
935536.9262378034 1915914.0075458307 10
935536.6698660479 1915914.1204606076 10
935536.4225344044 1915914.255495335 10
935536.1839873751 1915914.379367963 10
935535.9365705785 1915914.5033086867 10
935535.6980235633 1915914.627181328 10
935535.4594765548 1915914.7510539747 10
935535.2209295512 1915914.8749266316 10
935534.9734276179 1915914.9877733693 10
935534.7348806302 1915915.1116460394 10
935534.5051182525 1915915.2243566052 10
935534.2754410492 1915915.3481611945 10
935534.0368940795 1915915.4720338844 10
935533.8072168898 1915915.5958384864 10
935533.568669936 1915915.7197111894 10
935533.3389927575 1915915.843515804 10
935533.1093155902 1915915.9673204273 10
935532.8796384251 1915916.0911250554 10
935532.6500464394 1915916.2260237064 10
935532.4204544609 1915916.3609223645 10
935532.1819075489 1915916.484795107 10
935531.9523155827 1915916.619693778 10
935531.7315933956 1915916.7545243592 10
935531.502001446 1915916.8894230416 10
935531.2635397345 1915917.0243898267 10
935531.0339477975 1915917.1592885247 10
935530.795486101 1915917.2942553232 10
935530.565894181 1915917.4291540324 10
935530.3274324995 1915917.5641208452 10
935530.1067955345 1915917.7100454862 10
935529.8683338682 1915917.8450123132 10
935529.6299573841 1915917.9910731616 10
935529.3915809081 1915918.1371340193 10
935529.153119263 1915918.2721008647 10
935528.9236125733 1915918.418093637 10
935528.694105887 1915918.5640864144 10
935528.4645140348 1915918.6989851824 10
935528.2350925426 1915918.8560719898 10
935528.0056710567 1915919.013158802 10
935527.7762495816 1915919.1702456241 10
935527.5556978818 1915919.327264349 10
935527.3262764236 1915919.4843511824 10
935527.1145945071 1915919.6413018205 10
935526.8852582439 1915919.8094826804 10
935526.6736615221 1915919.9775273472 10
935526.4531950429 1915920.1456401187 10
935526.2415983382 1915920.3136847962 10
935526.0388714077 1915920.4816613768 10
935525.8361444854 1915920.6496379632 10
935525.6334175712 1915920.8176145537 10
935525.4395604301 1915920.9855230476 10
935525.2369187123 1915921.1645936638 10
935525.0519313521 1915921.3324340654 10
935524.867114361 1915921.5224625028 10
935524.6733424328 1915921.701465031 10
935524.4094642138 1915921.991952556 10
935524.2246472518 1915922.181981009 10
935524.048870426 1915922.3941293955 10
935523.7850774329 1915922.6957109557 10
935523.6181703924 1915922.9077912476 10
935523.4513485453 1915923.130965559 10
935523.2845267049 1915923.354139874 10
935523.1177900569 1915923.5884082082 10
935522.9599231826 1915923.8226084423 10
935522.802056315 1915924.0568086777 10
935522.6620993499 1915924.3130607416 10
935522.5221423934 1915924.5693128034 10
935522.3910552068 1915924.8254967672 10
935522.2600532105 1915925.0927747483 10
935522.1557456915 1915925.3709424296 10
935522.0514381796 1915925.6491101133 10
935521.96478501 1915925.9160475691 10
935521.8869164232 1915926.171822905 10
935521.8178324136 1915926.4164361178 10
935521.7575329823 1915926.6498872084 10
935521.6972335569 1915926.8833383007 10
935521.6545032796 1915927.0944651472 10
935521.6117730069 1915927.3055919944 10
935521.5518995154 1915927.5945131695 10
935521.5007254176 1915927.8611782072 10
935521.4667797255 1915928.0611429312 10
935521.4330895896 1915928.2943897063 10
935521.3906148864 1915928.538798603 10
935521.3483105551 1915928.805395537 10
935521.3060914146 1915929.0830864846 10
935521.2816117901 1915929.36064122 10
935521.248347595 1915929.6493580788 10
935521.2240383463 1915929.94910085 10
935521.2085136693 1915930.2376814936 10
935521.1840340524 1915930.5152362303 10
935521.177379131 1915930.8037487683 10
935521.1795087811 1915931.081099186 10
935521.1816384313 1915931.3584496018 10
935521.1837680816 1915931.6358000187 10
935521.194682302 1915931.9019883107 10
935521.2055113337 1915932.1570825875 10
935521.2252101181 1915932.4121087568 10
935521.2536082827 1915932.644878786 10
935521.2730515071 1915932.8666229048 10
935521.3012792972 1915933.0772049015 10
935521.3382916547 1915933.2766247748 10
935521.3664342563 1915933.4761127545 10
935521.421697229 1915933.7419605143 10
935521.4767046393 1915933.974526226 10
935521.5316268632 1915934.19599792 10
935521.5864638964 1915934.4063755963 10