935554.0115137668 1915884.0983133954 10
935554.1106141539 1915884.2972568888 10
935554.2365793674 1915884.5292782176 10
935554.3267247981 1915884.7171957698 10
935554.4346949715 1915884.9160711963 10
935554.5516200832 1915885.1259725704 10
935554.6596753867 1915885.3359420164 10
935554.78564057 1915885.567963353 10
935554.9116057465 1915885.799984691 10
935555.0465258602 1915886.0430319787 10
935555.1725761602 1915886.286147336 10
935555.3074962589 1915886.529194625 10
935555.4425866265 1915886.7944299495 10
935555.5954165871 1915887.0595291343 10
935555.7483316795 1915887.3357223384 10
935555.9101165622 1915887.6118474763 10
935556.0719014321 1915887.887972617 10
935556.2158615543 1915888.1531398823 10
935556.3595662547 1915888.385025105 10
935556.4944011461 1915888.6169783988 10
935556.6201959555 1915888.8268117306 10
935556.728166024 1915889.0256871863 10
935556.8450058857 1915889.2244945758 10
935556.9528908064 1915889.4122760196 10
935557.0608608597 1915889.6111514815 10
935557.1777007079 1915889.8099588745 10
935557.2857558881 1915890.0199283538 10
935557.4026808582 1915890.2298297668 10
935557.5196909615 1915890.4508251962 10
935557.636701061 1915890.6718206285 10
935557.7449264925 1915890.903978145 10
935557.8621068506 1915891.1471616125 10
935557.9793723385 1915891.4014390938 10
935558.0877680237 1915891.6557846474 10
935558.1962488387 1915891.921224217 10
935558.3048147828 1915892.1977578036 10
935558.4045960609 1915892.4854534746 10
935558.5043773324 1915892.773149146 10
935558.604243733 1915893.0719388356 10
935558.6862854011 1915893.3597706445 10
935558.768241931 1915893.6365084373 10
935558.8412435271 1915893.9022202815 10
935558.9140748486 1915894.1457440963 10
935558.9690814433 1915894.3783100275 10
935559.0240880372 1915894.6108759595 10
935559.0702248337 1915894.843509959 10
935559.1254016896 1915895.098263922 10
935559.1717087529 1915895.353085953 10
935559.2093162893 1915895.630164084 10
935559.2469238258 1915895.907242213 10
935559.2757467016 1915896.1954824247 10
935559.3134393664 1915896.48365457 10
935559.3423473731 1915896.7829887983 10
935559.3447311429 1915897.09362124 10
935559.3647693597 1915897.3930235342 10
935559.3581982029 1915897.6926300265 10
935559.3515419145 1915897.9811425044 10
935559.3538405503 1915898.280680931 10
935559.3383144747 1915898.5692614743 10
935559.3227884005 1915898.8578420167 10
935559.2983925398 1915899.1464906284 10
935559.2563422387 1915899.4463693858 10
935559.2142068084 1915899.7351541305 10
935559.1898109548 1915900.0238027393 10
935559.1298508199 1915900.301629601 10
935559.0787604776 1915900.5793883947 10
935559.0189706212 1915900.8794032882 10
935558.9323160064 1915901.1463403343 10
935558.8455762621 1915901.4021833653 10
935558.7500518736 1915901.6691884804 10
935558.6456577065 1915901.9362616637 10
935558.5235239774 1915902.203470983 10
935558.4101749043 1915902.459518221 10
935558.2879560543 1915902.7156335274 10
935558.1479125059 1915902.960790955 10
935557.9989991845 1915903.2060164528 10
935557.8589556552 1915903.4511738848 10
935557.7010874291 1915903.685373441 10
935557.5343494313 1915903.9196410673 10
935557.3586565207 1915904.1428827494 10
935557.1740938374 1915904.3661925043 10
935556.9895311638 1915904.5895022624 10
935556.7871438006 1915904.8018541487 10
935556.5846713069 1915905.0031120232 10
935556.3732439027 1915905.1933439567 10
935556.1441620825 1915905.3948060498 10
935555.9150802756 1915905.596268149 10
935555.6590485782 1915905.753558403 10
935555.4208415896 1915905.921806539 10
935555.1828900338 1915906.1233367291 10
935554.9268583661 1915906.2806270043 10
935554.6798667678 1915906.4600372503 10
935554.4240905439 1915906.6506095885 10
935554.1770138276 1915906.8189258322 10
935553.9475915361 1915906.976011923 10
935553.7446934537 1915907.121799788 10
935553.550665153 1915907.2675195853 10
935553.3564665777 1915907.3910513567 10
935553.1799224209 1915907.5033529708 10
935552.8621429518 1915907.7054958844 10
935552.6502899809 1915907.840257833 10
935552.4295672381 1915907.9750878613 10
935552.2529379615 1915908.0762954787 10
935552.0497844988 1915908.1888013373 10
935551.8288914848 1915908.3014433482 10
935551.5814742877 1915908.4253836067 10
935551.3163175395 1915908.5494600208 10
935551.0335063896 1915908.6847666102 10
935550.7328705491 1915908.8091153444 10
935550.4145803066 1915908.9446942557 10
935550.0875054441 1915909.0914352704 10
935549.778170145 1915909.2380401469 10
935549.4599650818 1915909.3847131124 10
935549.1505446578 1915909.5202239943 10
935548.8590340974 1915909.6777867677 10
935548.5762230237 1915909.8130934406 10
935548.3022817355 1915909.9483320452 10
935548.0107712032 1915910.1058948492 10
935547.7191755336 1915910.252363645 10
935547.4187952464 1915910.409994547 10
935547.1185001216 1915910.578719476 10
935546.8004654574 1915910.747580575 10
935546.4825159577 1915910.9275357027 10
935546.1556966961 1915911.107558922 10
935545.8376620708 1915911.2764200598 10
935545.6610329413 1915911.3776278167 10
935545.3252587861 1915911.546625135 10
935545.1486296683 1915911.647832904 10
935544.8041560678 1915911.839086357 10
935544.468381948 1915912.0080837081 10
935544.1504325449 1915912.188038925 10
935543.8411826183 1915912.3457380403 10
935543.5497574068 1915912.5143950165 10
935543.2582470506 1915912.6719579862 10
935542.9756064788 1915912.829452884 10
935542.7106203095 1915912.9757176081 10
935542.4455489895 1915913.1108883228 10
935542.1894326112 1915913.2570849785 10
935541.9421008542 1915913.3921195404 10
935541.6947691075 1915913.5271541106 10
935541.4474373686 1915913.662188688 10
935541.2089754101 1915913.7971551863 10
935540.9616436844 1915913.932189778 10
935540.714311969 1915914.0672243773 10
935540.4493258749 1915914.2134891744 10
935540.1578156345 1915914.3710522538 10
935539.8663054071 1915914.5286153443 10
935539.5572259676 1915914.7085026507 10
935539.2391916082 1915914.8773640422 10
935538.9300270325 1915915.0461573568 10
935538.6297322403 1915915.2148825955 10
935538.3292671342 1915915.3614198114 10
935538.0466267433 1915915.518914878 10
935537.7550314285 1915915.665384027 10
935537.4634361261 1915915.8118531848 10
935537.1541012907 1915915.9584585351 10
935536.8359818608 1915916.1162260014 10
935536.5089926725 1915916.2740615713 10
935536.1642639546 1915916.4320333353 10
935535.837274791 1915916.5898689316 10
935535.5102856394 1915916.7477045404 10
935535.2010360387 1915916.9054039782 10
935534.891871617 1915917.0741974444 10
935534.5914066406 1915917.220734798 10
935534.2911120135 1915917.3894601935 10
935533.9817772878 1915917.5360656606 10
935533.681482684 1915917.7047910804 10
935533.3811880898 1915917.8735165088 10
935532.9219190368 1915918.1322197753 10
935532.6037997664 1915918.2899874065 10
935532.1268763978 1915918.5599209217 10
935531.8000577339 1915918.739944711 10
935531.4644544865 1915918.9311306248 10
935531.1288512564 1915919.1223165526 10
935530.7932480415 1915919.313502492 10
935530.4576448418 1915919.5046884473 10
935530.104387298 1915919.7071046282 10
935529.9367134718 1915919.8193386414 10
935529.4156969658 1915920.122894853 10
935529.239068216 1915920.224102963 10
935529.0713944137 1915920.3363369945 10
935528.9037206137 1915920.4485710303 10
935528.5683730294 1915920.6730391113 10
935528.2505946404 1915920.8751829749 10
935527.9416860318 1915921.0772587499 10
935527.6419027343 1915921.3125484874 10
935527.3597738051 1915921.5366080196 10
935526.9455353831 1915921.883723248 10
935526.6812312003 1915922.1187406199 10
935526.4258819728 1915922.364783913 10
935526.1796580633 1915922.644041163 10
935525.9333489886 1915922.9122044037 10
935525.6870399321 1915923.1803676514 10
935525.4497710142 1915923.4706508378 10
935525.2214570532 1915923.7719599453 10
935524.993228292 1915924.0843630745 10
935524.7739544905 1915924.4077921256 10
935524.5547658876 1915924.742315199 10
935524.3445322448 1915925.087864192 10
935524.1522085046 1915925.455465015 10
935524.0560892343 1915925.644812438 10
935523.9688397238 1915925.8340917558 10
935523.8727204622 1915926.0234391808 10
935523.7855561448 1915926.22381252 10
935523.7071764085 1915926.4130237363 10
935523.6288818585 1915926.6133289726 10
935523.4722927725 1915927.0139394472 10
935523.4118229344 1915927.225202492 10
935523.3423981579 1915927.4254396274 10
935523.2125887421 1915927.8480338254 10
935523.1609886771 1915928.059228769 10
935523.1093886126 1915928.2704237122 10
935523.0238428245 1915928.6815833752 10
935522.9810273432 1915928.881616198 10
935522.9559513774 1915929.0815128107 10
935522.9308754107 1915929.2814094245 10
935522.8805531183 1915929.6590146204 10
935522.8643469135 1915929.8588431284 10
935522.8495036479 1915930.2361759036 10
935522.843359776 1915930.5912525407 10
935522.8548702262 1915930.9350989517 10
935522.8751652509 1915931.2677832395 10
935522.9042448424 1915931.5893054064 10
935522.9509787557 1915931.899597346 10
935523.0064120542 1915932.1876331503 10
935523.0618453469 1915932.4756689544 10
935523.1260632077 1915932.7525426364 10
935523.1901106954 1915933.007228285 10
935523.271812503 1915933.2506837086 10
935523.3356044355 1915933.4720873092 10
935523.4082661143 1915933.6934228062 10