935613.592392 1915997.12341 7
935613.695897 1915997.31749 7
935613.801307 1915997.5121 7
935613.919326 1915997.72973 7
935614.019694 1915997.91522 7
935614.123546 1915998.10712 7
935614.242617 1915998.3272 7
935614.370847 1915998.56415 7
935614.469461 1915998.74632 7
935614.56565 1915998.92406 7
935614.680352 1915999.13639 7
935614.805341 1915999.36754 7
935614.93667 1915999.61113 7
935615.034944 1915999.79305 7
935615.131825 1915999.97239 7
935615.252838 1916000.19653 7
935615.361767 1916000.39864 7
935615.47031 1916000.60013 7
935615.629377 1916000.89528 7
935615.732752 1916001.08693 7
935615.905131 1916001.40646 7
935616.086635 1916001.74261 7
935616.211847 1916001.97463 7
935616.347225 1916002.22548 7
935616.49714 1916002.50279 7
935616.601358 1916002.69567 7
935616.697886 1916002.87415 7
935616.817651 1916003.09571 7
935616.958425 1916003.35592 7
935617.084076 1916003.58819 7
935617.215237 1916003.82884 7
935617.379957 1916004.11384 7
935617.510312 1916004.33898 7
935617.661268 1916004.59105 7
935617.823888 1916004.85063 7
935617.991309 1916005.11151 7
935618.131876 1916005.32803 7
935618.243699 1916005.49967 7
935618.392935 1916005.72792 7
935618.507667 1916005.90315 7
935618.70335 1916006.20182 7
935618.816745 1916006.37483 7
935619.031949 1916006.69345 7
935619.229729 1916006.98727 7
935619.408912 1916007.24662 7
935619.634621 1916007.567 7
935619.808449 1916007.8115 7
935619.928252 1916007.97961 7
935620.111021 1916008.23548 7
935620.306192 1916008.50863 7
935620.524034 1916008.81339 7
935620.65502 1916008.99632 7
935620.840494 1916009.25577 7
935621.05264 1916009.54835 7
935621.359922 1916009.96008 7
935621.491889 1916010.13546 7
935621.724357 1916010.43605 7
935621.934865 1916010.70213 7
935622.070684 1916010.8722 7
935622.280872 1916011.13388 7
935622.422701 1916011.30978 7
935622.6336 1916011.57086 7
935622.785958 1916011.75949 7
935622.993683 1916012.01588 7
935623.197961 1916012.26831 7
935623.356504 1916012.46425 7
935623.55235 1916012.70593 7
935623.723239 1916012.91683 7
935623.904127 1916013.13984 7
935624.079524 1916013.35606 7
935624.21982 1916013.52474 7
935624.497867 1916013.85753 7
935624.653389 1916014.04342 7
935624.846214 1916014.27065 7
935625.027784 1916014.48098 7
935625.229974 1916014.71361 7
935625.531253 1916015.05752 7
935625.691018 1916015.23932 7
935626.030002 1916015.62433 7
935626.18779 1916015.80342 7
935626.500226 1916016.16666 7
935626.726715 1916016.44458 7
935626.919777 1916016.68097 7
935627.158195 1916016.97714 7
935627.290812 1916017.14472 7
935627.526326 1916017.44658 7
935627.657774 1916017.6167 7
935627.889507 1916017.92131 7
935628.017245 1916018.09504 7
935628.226186 1916018.39404 7
935628.34478 1916018.56335 7
935628.558351 1916018.87047 7
935628.768856 1916019.18048 7
935628.897956 1916019.37363 7
935629.023189 1916019.56293 7
935629.223238 1916019.86814 7
935629.343386 1916020.05248 7
935629.545591 1916020.36358 7
935629.663188 1916020.54813 7
935629.883893 1916020.90662 7
935630.078978 1916021.22419 7
935630.190746 1916021.40987 7
935630.375621 1916021.7263 7
935630.486049 1916021.92001 7
935630.670514 1916022.2484 7
935630.773814 1916022.43467 7
935630.964723 1916022.78183 7
935631.137613 1916023.09844 7
935631.240692 1916023.28813 7
935631.341946 1916023.47449 7
935631.519506 1916023.81217 7
935631.629951 1916024.02211 7
935631.794704 1916024.33627 7
935632.000726 1916024.73712 7
935632.118532 1916024.96963 7
935632.266878 1916025.2651 7
935632.437707 1916025.6078 7
935632.607511 1916025.94974 7
935632.700866 1916026.13842 7
935632.899979 1916026.54062 7
935633.072669 1916026.88957 7
935633.174053 1916027.09424 7
935633.332638 1916027.41404 7
935633.446998 1916027.64503 7
935633.603568 1916027.96871 7
935633.771045 1916028.31171 7
935633.869948 1916028.51646 7
935633.962997 1916028.71051 7
935634.130556 1916029.06316 7
935634.351621 1916029.53222 7
935634.519934 1916029.89073 7
935634.635129 1916030.13638 7
935634.796768 1916030.48149 7
935634.956177 1916030.82193 7
935635.050017 1916031.02233 7
935635.146084 1916031.22753 7
935635.311573 1916031.58087 7
935635.406284 1916031.78312 7
935635.567732 1916032.12774 7
935635.663319 1916032.33195 7
935635.830675 1916032.68923 7
935635.927068 1916032.89504 7
935636.092146 1916033.24741 7
935636.188223 1916033.45248 7
935636.355067 1916033.80841 7
935636.448084 1916034.00685 7
935636.612446 1916034.36201 7
935636.785029 1916034.73316 7
935636.892352 1916034.96539 7
935637.049489 1916035.30628 7
935637.217993 1916035.67248 7
935637.395637 1916036.0597 7
935637.521268 1916036.33359 7
935637.648798 1916036.61189 7
935637.759081 1916036.8527 7
935637.91074 1916037.19082 7
935638.058971 1916037.53157 7
935638.145825 1916037.72759 7
935638.236526 1916037.93355 7
935638.393938 1916038.29409 7
935638.479528 1916038.49193 7
935638.636341 1916038.85661 7
935638.720399 1916039.05295 7
935638.874559 1916039.41368 7
935638.9608 1916039.61567 7
935639.180834 1916040.13194 7
935639.340384 1916040.50631 7
935639.434318 1916040.72672 7
935639.581206 1916041.07136 7
935639.669581 1916041.27875 7
935639.826167 1916041.64623 7
935639.90901 1916041.84072 7
935640.089749 1916042.2646 7
935640.192311 1916042.50517 7
935640.329442 1916042.82683 7
935640.43822 1916043.08177 7
935640.551156 1916043.3463 7
935640.671273 1916043.6279 7
935640.802996 1916043.93654 7
935640.917018 1916044.20377 7
935641.048767 1916044.51228 7
935641.155548 1916044.76231 7
935641.288377 1916045.07341 7
935641.379943 1916045.28781 7
935641.669672 1916045.96676 7
935641.817522 1916046.31323 7
935641.950039 1916046.62383 7
935642.057614 1916046.87766 7
935642.183887 1916047.1895 7
935642.28477 1916047.43541 7
935642.365242 1916047.63182 7
935642.514002 1916047.99881 7
935642.59373 1916048.19741 7
935642.739934 1916048.56448 7
935642.817145 1916048.75925 7
935642.920974 1916049.02229 7
935643.043153 1916049.33261 7
935643.182486 1916049.68761 7
935643.25877 1916049.88212 7
935643.405835 1916050.25739 7
935643.488351 1916050.46774 7
935643.627711 1916050.82299 7
935643.711139 1916051.03543 7
935643.861311 1916051.41782 7
935644.00408 1916051.78118 7
935644.078918 1916051.97164 7
935644.226304 1916052.34691 7
935644.304819 1916052.54695 7
935644.454511 1916052.92787 7
935644.530479 1916053.12689 7
935644.670971 1916053.50595 7
935644.772937 1916053.7769 7
935644.874707 1916054.04955 7
935644.959207 1916054.27811 7
935645.082638 1916054.61432 7
935645.163768 1916054.83612 7
935645.291648 1916055.18704 7
935645.37384 1916055.413 7
935645.519221 1916055.81277 7
935645.654707 1916056.18529 7
935645.728945 1916056.38953 7
935645.946291 1916056.98777 7
935646.076357 1916057.34617 7
935646.205568 1916057.7026 7
935646.280378 1916057.90929 7
935646.413396 1916058.27676 7
935646.489244 1916058.48628 7
935646.558049 1916058.67628 7
935646.695755 1916059.05981 7
935646.770222 1916059.27943 7
935646.894056 1916059.63737 7
935646.964944 1916059.84314 7
935647.042974 1916060.07185 7
935647.156304 1916060.40826 7
935647.236878 1916060.6497 7
935647.349152 1916060.98817 7
935647.425203 1916061.21855 7
935647.541674 1916061.57234 7
935647.605542 1916061.76678 7
935647.727099 1916062.14518 7
935647.792875 1916062.35782 7
935647.877176 1916062.62495 7
935648.016037 1916063.07709 7
935648.117588 1916063.41844 7
935648.248574 1916063.86886 7
935648.320596 1916064.11956 7
935648.415807 1916064.45288 7
935648.48623 1916064.70051 7
935648.569799 1916064.99459 7
935648.649957 1916065.27666 7
935648.736103 1916065.57944 7
935648.822391 1916065.88284 7
935648.912992 1916066.20096 7
935649.006734 1916066.52974 7
935649.078498 1916066.78129 7
935649.139579 1916066.99569 7
935649.245296 1916067.36676 7
935649.307331 1916067.58448 7
935649.414241 1916067.9602 7
935649.474807 1916068.17338 7
935649.517135 1916068.39774 7
935649.56875 1916068.60394 7
935649.627921 1916068.80318 7
935649.70725 1916069.07596 7
935649.765061 1916069.2753 7
935649.826921 1916069.4896 7
935649.899113 1916069.74018 7
935649.961457 1916069.9557 7
935650.017678 1916070.14953 7
935650.074473 1916070.34556 7
935650.14537 1916070.59026 7
935650.227719 1916070.87371 7
935650.306395 1916071.1444 7
935650.368743 1916071.35968 7
935650.445913 1916071.65134 7
935650.531213 1916071.96705 7
935650.617624 1916072.30792 7
935650.701787 1916072.64631 7
935650.750551 1916072.8438 7
935650.799057 1916073.04019 7
935650.913795 1916073.50525 7
935650.979264 1916073.77098 7
935651.077551 1916074.17 7
935651.179166 1916074.58237 7
935651.235105 1916074.80938 7
935651.312612 1916075.12399 7
935651.383213 1916075.41043 7
935651.444917 1916075.6606 7
935651.493846 1916075.85919 7
935651.546261 1916076.0737 7
935651.5952 1916076.29096 7
935651.644233 1916076.51189 7
935651.695087 1916076.73821 7
935651.744483 1916076.97379 7
935651.787598 1916077.19084 7
935651.850597 1916077.52096 7
935651.911958 1916077.85044 7
935651.96716 1916078.14994 7
935652.027958 1916078.48124 7
935652.065641 1916078.68686 7
935652.120817 1916078.98793 7
935652.179892 1916079.31055 7
935652.242443 1916079.65165 7
935652.305892 1916079.99666 7
935652.367964 1916080.33422 7
935652.437689 1916080.7135 7
935652.500662 1916081.05583 7
935652.56522 1916081.43576 7
935652.611573 1916081.76416 7
935652.644206 1916081.99678 7
935652.677427 1916082.24614 7
935652.712298 1916082.53579 7
935652.739983 1916082.78322 7
935652.771196 1916083.07647 7
935652.795882 1916083.31581 7
935652.822965 1916083.58385 7
935652.849889 1916083.85422 7
935652.87147 1916084.07288 7
935652.904255 1916084.40655 7
935652.924018 1916084.60907 7
935652.959841 1916084.97623 7
935652.989237 1916085.27738 7
935653.017951 1916085.57145 7
935653.043343 1916085.83068 7
935653.074337 1916086.14651 7
935653.100539 1916086.41332 7
935653.131057 1916086.72353 7
935653.156984 1916086.98753 7
935653.185052 1916087.27329 7
935653.205064 1916087.4774 7
935653.24987 1916087.93513 7
935653.274216 1916088.18434 7
935653.296438 1916088.41167 7
935653.332551 1916088.78176 7
935653.353458 1916088.99577 7
935653.390742 1916089.3776 7
935653.410611 1916089.59745 7
935653.437748 1916089.97179 7
935653.451216 1916090.18166 7
935653.476682 1916090.57 7
935653.497768 1916090.95462 7
935653.509702 1916091.2112 7
935653.523893 1916091.56313 7
935653.532295 1916091.79427 7
935653.54498 1916092.17094 7
935653.552079 1916092.39474 7
935653.563406 1916092.76566 7
935653.571553 1916093.15532 7
935653.577889 1916093.55142 7
935653.581434 1916093.79932 7
935653.583764 1916094.16522 7
935653.583747 1916094.39146 7
935653.582162 1916094.76572 7
935653.57963 1916095.10054 7
935653.577261 1916095.33663 7
935653.573903 1916095.68218 7
935653.574032 1916095.88671 7
935653.574146 1916096.12394 7
935653.573322 1916096.54738 7
935653.572002 1916096.83756 7
935653.570793 1916097.13127 7
935653.569766 1916097.42218 7
935653.568963 1916097.67881 7
935653.56848 1916097.89114 7
935653.567673 1916098.2028 7
935653.566324 1916098.4034 7
935653.561844 1916098.63983 7