935570.033131 1915897.27468 0
935569.961028 1915897.31198 0
935569.884896 1915897.35519 0
935569.818492 1915897.38978 0
935569.74742 1915897.42819 0
935569.677721 1915897.46589 0
935569.608684 1915897.50324 0
935569.541246 1915897.54 0
935569.473465 1915897.57724 0
935569.400746 1915897.61734 0
935569.338517 1915897.65149 0
935569.195349 1915897.7294 0
935569.126642 1915897.76663 0
935569.049993 1915897.80923 0
935568.958848 1915897.8594 0
935568.838846 1915897.92559 0
935568.771075 1915897.96271 0
935568.697608 1915898.00329 0
935568.628024 1915898.04172 0
935568.544495 1915898.08775 0
935568.464134 1915898.13211 0
935568.383835 1915898.17648 0
935568.313933 1915898.21516 0
935568.198935 1915898.2785 0
935568.101717 1915898.33212 0
935568.017568 1915898.3785 0
935567.909268 1915898.43816 0
935567.821521 1915898.48656 0
935567.757259 1915898.52191 0
935567.615686 1915898.59984 0
935567.532971 1915898.64527 0
935567.415303 1915898.70979 0
935567.278672 1915898.78487 0
935567.090704 1915898.88843 0
935566.981555 1915898.94844 0
935566.866037 1915899.0119 0
935566.779745 1915899.05947 0
935566.691261 1915899.10798 0
935566.602288 1915899.15697 0
935566.522691 1915899.20086 0
935566.33288 1915899.30548 0
935566.248504 1915899.35198 0
935566.153286 1915899.40453 0
935566.061183 1915899.45543 0
935565.938431 1915899.52292 0
935565.866427 1915899.56241 0
935565.754111 1915899.62421 0
935565.640886 1915899.68636 0
935565.563563 1915899.72895 0
935565.451834 1915899.79027 0
935565.334906 1915899.85455 0
935565.250441 1915899.90093 0
935565.150546 1915899.95597 0
935565.021531 1915900.0269 0
935564.943149 1915900.07008 0
935564.704312 1915900.20163 0
935564.610049 1915900.25358 0
935564.500776 1915900.31372 0
935564.392859 1915900.37327 0
935564.288821 1915900.43057 0
935564.008949 1915900.58428 0
935563.84093 1915900.67656 0
935563.769994 1915900.71559 0
935563.657045 1915900.77786 0
935563.506201 1915900.86444 0
935563.420547 1915900.91702 0
935563.288097 1915901.00132 0
935563.215826 1915901.04947 0
935563.10509 1915901.12082 0
935562.992477 1915901.19103 0
935562.932428 1915901.22962 0
935562.825396 1915901.29992 0
935562.726879 1915901.3739 0
935562.638544 1915901.4373 0
935562.538672 1915901.50893 0
935562.459462 1915901.56613 0
935562.334349 1915901.65653 0
935562.218314 1915901.74072 0
935562.154824 1915901.78706 0
935562.069469 1915901.84966 0
935561.985936 1915901.9113 0
935561.893153 1915901.97963 0
935561.82208 1915902.03208 0
935561.746625 1915902.08763 0
935561.650829 1915902.15787 0
935561.572284 1915902.21568 0
935561.511223 1915902.26036 0
935561.436915 1915902.31434 0
935561.371688 1915902.36224 0
935561.289038 1915902.42304 0
935561.206236 1915902.48385 0
935561.139657 1915902.53283 0
935561.042337 1915902.60438 0
935560.969682 1915902.65778 0
935560.886086 1915902.7193 0
935560.792712 1915902.78787 0
935560.728436 1915902.83517 0
935560.602537 1915902.92775 0
935560.534148 1915902.97804 0
935560.404613 1915903.07313 0
935560.340152 1915903.12056 0
935560.179427 1915903.2387 0
935560.047418 1915903.33582 0
935559.896287 1915903.44704 0
935559.837666 1915903.49004 0
935559.761901 1915903.54473 0
935559.683975 1915903.5989 0
935559.592455 1915903.66066 0
935559.458505 1915903.75226 0
935559.334638 1915903.83401 0
935559.273999 1915903.87417 0
935559.210672 1915903.91625 0
935559.124083 1915903.97394 0
935559.032475 1915904.03521 0
935558.91996 1915904.11006 0
935558.810003 1915904.18349 0
935558.709387 1915904.2506 0
935558.64475 1915904.29205 0
935558.554731 1915904.34358 0
935558.472633 1915904.39097 0
935558.387976 1915904.44442 0
935558.307282 1915904.49464 0
935558.246221 1915904.53211 0
935558.123459 1915904.60717 0
935558.049384 1915904.65176 0
935557.975238 1915904.69598 0
935557.89665 1915904.74257 0
935557.78517 1915904.80866 0
935557.698242 1915904.86024 0
935557.614882 1915904.90956 0
935557.541348 1915904.95318 0
935557.446928 1915905.00904 0
935557.381959 1915905.04743 0
935557.295149 1915905.09877 0
935557.191528 1915905.15985 0
935557.130136 1915905.19561 0
935557.047719 1915905.2441 0
935556.97895 1915905.28474 0
935556.898625 1915905.3324 0
935556.815919 1915905.38137 0
935556.730877 1915905.43164 0
935556.657598 1915905.47527 0
935556.547135 1915905.541 0
935556.438316 1915905.60542 0
935556.33039 1915905.66936 0
935556.266683 1915905.70703 0
935556.204049 1915905.74412 0
935556.127062 1915905.78976 0
935556.056176 1915905.83183 0
935555.968784 1915905.88341 0
935555.824646 1915905.96887 0
935555.740457 1915906.01854 0
935555.678852 1915906.05515 0
935555.59113 1915906.10709 0
935555.52087 1915906.14869 0
935555.440266 1915906.19635 0
935555.351816 1915906.24876 0
935555.185112 1915906.34008 0
935555.101295 1915906.38647 0
935555.019992 1915906.43326 0
935554.94117 1915906.47777 0
935554.858135 1915906.52271 0
935554.696081 1915906.60678 0
935554.561166 1915906.67799 0
935554.477404 1915906.7223 0
935554.354935 1915906.78711 0
935554.292519 1915906.82005 0
935554.200117 1915906.86886 0
935554.030482 1915906.95843 0
935553.944719 1915907.00393 0
935553.849374 1915907.05416 0
935553.78701 1915907.08722 0
935553.643494 1915907.16304 0
935553.554768 1915907.20948 0
935553.418728 1915907.28066 0
935553.356291 1915907.31347 0
935553.199004 1915907.39494 0
935553.123346 1915907.43133 0
935552.978117 1915907.50652 0
935552.907655 1915907.54274 0
935552.770614 1915907.61074 0
935552.674754 1915907.65754 0
935552.577315 1915907.70542 0
935552.510457 1915907.73829 0
935552.398097 1915907.7935 0
935552.311774 1915907.83606 0
935552.230244 1915907.87626 0
935552.135649 1915907.92247 0
935552.059392 1915907.95983 0
935551.993351 1915907.99222 0
935551.823767 1915908.07495 0
935551.705521 1915908.13263 0
935551.564148 1915908.2008 0
935551.436935 1915908.26298 0
935551.348738 1915908.30636 0
935551.21831 1915908.37044 0
935551.1252 1915908.41607 0
935550.981148 1915908.48676 0
935550.904077 1915908.52471 0
935550.826537 1915908.56266 0
935550.740844 1915908.60474 0
935550.653548 1915908.64753 0
935550.569892 1915908.69002 0
935550.394415 1915908.7762 0
935550.304958 1915908.82042 0
935550.216216 1915908.86453 0
935550.126543 1915908.90912 0
935550.013586 1915908.96566 0
935549.950431 1915908.99712 0
935549.833723 1915909.05567 0
935549.742323 1915909.10145 0
935549.65359 1915909.14593 0
935549.547701 1915909.19904 0
935549.445029 1915909.2505 0
935549.329338 1915909.30846 0
935549.24528 1915909.35058 0
935549.127823 1915909.40949 0
935549.012149 1915909.46757 0
935548.928398 1915909.50956 0
935548.672681 1915909.63804 0
935548.471615 1915909.73907 0
935548.389755 1915909.78024 0
935548.233497 1915909.85855 0
935548.146634 1915909.90208 0
935548.017462 1915909.96703 0
935547.880746 1915910.03564 0
935547.788863 1915910.08165 0
935547.656273 1915910.14801 0
935547.550172 1915910.20173 0
935547.436779 1915910.26144 0
935547.317938 1915910.32594 0
935547.200471 1915910.38778 0
935547.040803 1915910.47177 0
935546.957257 1915910.5167 0
935546.820746 1915910.59191 0
935546.708677 1915910.65468 0
935546.59075 1915910.7214 0
935546.454691 1915910.79917 0
935546.33669 1915910.86698 0
935546.17987 1915910.95773 0
935546.087485 1915911.01118 0
935545.938782 1915911.09742 0
935545.79377 1915911.18177 0
935545.697447 1915911.23784 0
935545.547896 1915911.32504 0
935545.433072 1915911.39192 0
935545.292906 1915911.47354 0
935545.227862 1915911.51156 0
935545.030452 1915911.6268 0
935544.959319 1915911.66839 0
935544.811119 1915911.75488 0
935544.603879 1915911.8757 0
935544.440013 1915911.97134 0
935544.329031 1915912.03609 0
935544.258714 1915912.0772 0
935543.951952 1915912.25624 0
935543.820606 1915912.33299 0
935543.744899 1915912.37694 0
935543.532534 1915912.50098 0
935543.384836 1915912.58723 0
935543.249444 1915912.66624 0
935543.093807 1915912.75713 0
935542.910978 1915912.86394 0
935542.625301 1915913.0305 0
935542.453117 1915913.13113 0
935542.347976 1915913.19243 0
935542.167094 1915913.2972 0
935542.033467 1915913.37282 0
935541.91293 1915913.4401 0
935541.731835 1915913.54096 0
935541.600759 1915913.61308 0
935541.502228 1915913.6674 0
935541.335078 1915913.76019 0
935541.203254 1915913.83412 0
935541.121702 1915913.87993 0
935540.957266 1915913.97239 0
935540.843606 1915914.03624 0
935540.702871 1915914.11504 0
935540.620808 1915914.16109 0
935540.500505 1915914.22874 0
935540.376853 1915914.29817 0
935540.302807 1915914.33959 0
935540.185739 1915914.40534 0
935539.998737 1915914.51025 0
935539.8947 1915914.56864 0
935539.696867 1915914.67961 0
935539.425431 1915914.83236 0
935539.341579 1915914.87948 0
935539.263478 1915914.92327 0
935539.182335 1915914.96885 0
935539.111359 1915915.00873 0
935539.036836 1915915.0505 0
935538.958992 1915915.09417 0
935538.884944 1915915.13596 0
935538.81767 1915915.1737 0
935538.745049 1915915.2144 0
935538.682868 1915915.24942 0
935538.537147 1915915.33107 0
935538.445883 1915915.38209 0
935538.305543 1915915.46078 0
935538.236005 1915915.49982 0
935538.165328 1915915.53946 0
935538.078047 1915915.58799 0
935538.000838 1915915.6307 0
935537.902392 1915915.68576 0
935537.838132 1915915.72172 0
935537.744157 1915915.77246 0
935537.676719 1915915.80861 0
935537.590283 1915915.85679 0
935537.499871 1915915.90709 0
935537.431421 1915915.94457 0
935537.341442 1915915.99367 0
935537.263875 1915916.03539 0
935537.108683 1915916.11884 0
935537.016518 1915916.16839 0
935536.870268 1915916.24686 0
935536.778455 1915916.29605 0
935536.68551 1915916.34583 0
935536.592466 1915916.39292 0
935536.508388 1915916.43211 0
935536.429978 1915916.46686 0
935536.353993 1915916.50142 0
935536.25781 1915916.54797 0
935536.15312 1915916.59659 0
935536.049445 1915916.64376 0
935535.958888 1915916.68455 0
935535.861318 1915916.72779 0
935535.774194 1915916.76558 0
935535.679289 1915916.80666 0
935535.587547 1915916.84634 0
935535.51057 1915916.87636 0
935535.413472 1915916.91106 0
935535.321437 1915916.94902 0
935535.242757 1915916.97962 0
935535.116601 1915917.02766 0
935534.980541 1915917.07944 0
935534.878852 1915917.11749 0
935534.757723 1915917.16243 0
935534.690338 1915917.18711 0
935534.559742 1915917.23507 0
935534.435454 1915917.28057 0
935534.292695 1915917.33286 0
935534.218656 1915917.36 0
935534.072772 1915917.41357 0
935533.977298 1915917.44586 0
935533.842246 1915917.48753 0
935533.754813 1915917.51702 0
935533.607719 1915917.56607 0
935533.521421 1915917.59313 0
935533.360793 1915917.64099 0
935533.285343 1915917.6631 0
935533.153024 1915917.70139 0
935533.053758 1915917.73021 0
935532.969717 1915917.75413 0
935532.887678 1915917.77749 0
935532.735376 1915917.82083 0
935532.64824 1915917.84557 0
935532.473409 1915917.89515 0
935532.270149 1915917.95306 0
935532.096272 1915918.00254 0
935532.011732 1915918.02658 0
935531.94214 1915918.04635 0
935531.825182 1915918.07952 0
935531.744794 1915918.10204 0
935531.575248 1915918.14987 0
935531.499529 1915918.17271 0
935531.429802 1915918.1954 0
935531.358383 1915918.21978 0
935531.289453 1915918.24431 0
935531.211351 1915918.27346 0
935531.105138 1915918.31595 0
935531.002179 1915918.36094 0
935530.886521 1915918.41414 0
935530.756233 1915918.47163 0
935530.691221 1915918.50257 0
935530.62759 1915918.53353 0
935530.543858 1915918.57516 0
935530.438516 1915918.62877 0
935530.312409 1915918.6945 0
935530.204077 1915918.75295 0
935530.094136 1915918.81124 0
935529.98123 1915918.87145 0
935529.874719 1915918.92773 0
935529.774293 1915918.98422 0
935529.697201 1915919.03291 0
935529.63482 1915919.06792 0
935529.534722 1915919.12442 0
935529.465342 1915919.16237 0
