935552.053418 1915902.84984 0
935551.988176 1915902.88614 0
935551.920282 1915902.92448 0
935551.826841 1915902.97706 0
935551.74808 1915903.02133 0
935551.661523 1915903.06975 0
935551.588998 1915903.11058 0
935551.520403 1915903.14891 0
935551.449952 1915903.18855 0
935551.386324 1915903.2244 0
935551.273962 1915903.28766 0
935551.198926 1915903.33004 0
935551.071163 1915903.40209 0
935550.971211 1915903.45835 0
935550.851293 1915903.52576 0
935550.737143 1915903.58997 0
935550.630817 1915903.64967 0
935550.562475 1915903.68812 0
935550.494965 1915903.7261 0
935550.371488 1915903.79554 0
935550.309962 1915903.83007 0
935550.24215 1915903.86829 0
935550.171856 1915903.90794 0
935550.102702 1915903.94687 0
935550.010324 1915903.99898 0
935549.873549 1915904.07613 0
935549.783766 1915904.12669 0
935549.642867 1915904.2061 0
935549.565469 1915904.24978 0
935549.484125 1915904.2956 0
935549.407036 1915904.33904 0
935549.317646 1915904.38936 0
935549.214582 1915904.44753 0
935549.144627 1915904.48693 0
935549.046764 1915904.542 0
935548.948764 1915904.59707 0
935548.875723 1915904.63826 0
935548.776768 1915904.69393 0
935548.66567 1915904.75648 0
935548.600449 1915904.79327 0
935548.489734 1915904.85559 0
935548.40154 1915904.90544 0
935548.151937 1915905.04597 0
935548.003033 1915905.13001 0
935547.924142 1915905.17452 0
935547.812157 1915905.23755 0
935547.715244 1915905.29215 0
935547.606346 1915905.35339 0
935547.500535 1915905.4131 0
935547.385108 1915905.47802 0
935547.281354 1915905.53641 0
935547.16385 1915905.60277 0
935547.048132 1915905.66793 0
935546.942817 1915905.7274 0
935546.817308 1915905.7979 0
935546.701939 1915905.86282 0
935546.556493 1915905.94472 0
935546.469595 1915905.99362 0
935546.326734 1915906.07409 0
935546.19561 1915906.14792 0
935546.102681 1915906.20014 0
935545.958697 1915906.28121 0
935545.843571 1915906.34613 0
935545.747691 1915906.40002 0
935545.587105 1915906.4907 0
935545.465025 1915906.55943 0
935545.398252 1915906.59717 0
935545.206037 1915906.70591 0
935545.049298 1915906.79434 0
935544.804455 1915906.93275 0
935544.669755 1915907.00896 0
935544.58733 1915907.05549 0
935544.396449 1915907.16352 0
935544.255537 1915907.24329 0
935544.173511 1915907.2897 0
935543.973681 1915907.40283 0
935543.832128 1915907.48284 0
935543.747889 1915907.53056 0
935543.51161 1915907.66435 0
935543.405108 1915907.72453 0
935543.064324 1915907.91743 0
935542.974177 1915907.9686 0
935542.801393 1915908.06642 0
935542.668585 1915908.14168 0
935542.466503 1915908.25612 0
935542.361553 1915908.31547 0
935542.285317 1915908.35868 0
935542.050511 1915908.49164 0
935541.902186 1915908.57556 0
935541.737876 1915908.66863 0
935541.591591 1915908.75137 0
935541.390285 1915908.86533 0
935541.282287 1915908.92647 0
935541.104862 1915909.02702 0
935540.926265 1915909.12816 0
935540.808803 1915909.19463 0
935540.62993 1915909.29602 0
935540.439742 1915909.40381 0
935540.143912 1915909.57143 0
935539.998098 1915909.65405 0
935539.886794 1915909.71709 0
935539.662457 1915909.84423 0
935539.508538 1915909.93148 0
935539.430053 1915909.976 0
935539.191716 1915910.1111 0
935539.01526 1915910.21105 0
935538.727063 1915910.37574 0
935538.570069 1915910.46515 0
935538.299803 1915910.61877 0
935538.153825 1915910.70164 0
935537.906017 1915910.84208 0
935537.776307 1915910.91556 0
935537.701916 1915910.95794 0
935537.536597 1915911.05149 0
935537.414272 1915911.12081 0
935537.342796 1915911.16142 0
935537.238891 1915911.22018 0
935537.03764 1915911.33438 0
935536.892979 1915911.41641 0
935536.789502 1915911.47506 0
935536.671573 1915911.54202 0
935536.55352 1915911.60861 0
935536.410113 1915911.68992 0
935536.323658 1915911.73883 0
935536.186608 1915911.81623 0
935536.043604 1915911.89657 0
935535.957438 1915911.94524 0
935535.817627 1915912.02418 0
935535.696425 1915912.09255 0
935535.580313 1915912.15819 0
935535.449019 1915912.23226 0
935535.323425 1915912.30324 0
935535.167606 1915912.39132 0
935535.068769 1915912.44711 0
935534.917616 1915912.53258 0
935534.810632 1915912.59312 0
935534.680015 1915912.66696 0
935534.550733 1915912.74008 0
935534.430674 1915912.80798 0
935534.31808 1915912.87124 0
935534.198837 1915912.93842 0
935534.090349 1915912.99979 0
935533.954035 1915913.07695 0
935533.876338 1915913.12087 0
935533.767076 1915913.1826 0
935533.668458 1915913.23839 0
935533.56981 1915913.29418 0
935533.470918 1915913.35021 0
935533.36422 1915913.41076 0
935533.268616 1915913.46465 0
935533.157955 1915913.52733 0
935533.053126 1915913.58668 0
935532.920814 1915913.66146 0
935532.84235 1915913.70586 0
935532.714639 1915913.77767 0
935532.593799 1915913.84568 0
935532.167101 1915914.08688 0
935531.952349 1915914.20844 0
935531.849453 1915914.26673 0
935531.762867 1915914.31576 0
935531.611555 1915914.40147 0
935531.510819 1915914.45844 0
935531.292637 1915914.58214 0
935531.172489 1915914.65029 0
935530.990265 1915914.75357 0
935530.841269 1915914.8376 0
935530.71294 1915914.91001 0
935530.609182 1915914.96841 0
935530.437105 1915915.0655 0
935530.348741 1915915.11523 0
935530.154202 1915915.22503 0
935530.061951 1915915.27714 0
935529.868688 1915915.38635 0
935529.706736 1915915.47787 0
935529.548103 1915915.56749 0
935529.412237 1915915.64417 0
935529.23582 1915915.74376 0
935529.147572 1915915.79349 0
935528.913224 1915915.9256 0
935528.770714 1915916.00608 0
935528.609507 1915916.09712 0
935528.522462 1915916.14614 0
935528.430783 1915916.1979 0
935528.317097 1915916.26211 0
935528.034315 1915916.42177 0
935527.968074 1915916.45916 0
935527.789031 1915916.56041 0
935527.631107 1915916.64943 0
935527.548403 1915916.6962 0
935527.412914 1915916.77265 0
935527.29574 1915916.83876 0
935527.177892 1915916.90535 0
935527.047215 1915916.97894 0
935526.91773 1915917.05206 0
935526.766344 1915917.13753 0
935526.660432 1915917.19735 0
935526.516767 1915917.28001 0
935526.380861 1915917.36108 0
935526.275146 1915917.42543 0
935526.147736 1915917.50541 0
935526.014211 1915917.59287 0
935525.915956 1915917.65611 0
935525.785322 1915917.74178 0
935525.647103 1915917.83514 0
935525.55024 1915917.90195 0
935525.420239 1915917.99422 0
935525.287988 1915918.0928 0
935525.192205 1915918.16658 0
935525.066904 1915918.2638 0
935524.970454 1915918.33806 0
935524.848409 1915918.43411 0
935524.737743 1915918.52352 0
935524.631524 1915918.61128 0
935524.526462 1915918.69919 0
935524.418034 1915918.79229 0
935524.327072 1915918.87078 0
935524.208998 1915918.9724 0
935524.128478 1915919.04165 0
935524.035822 1915919.12146 0
935523.924878 1915919.21684 0
935523.862868 1915919.27016 0
935523.770254 1915919.34972 0
935523.690095 1915919.41838 0
935523.627344 1915919.4723 0
935523.515611 1915919.56803 0
935523.356715 1915919.70426 0
935523.266092 1915919.7813 0
935523.191093 1915919.84356 0
935523.244229 1915919.79718 0
935523.298597 1915919.74984 0
