935524.059126 1915831.94813 0
935524.096079 1915832.01425 0
935524.132509 1915832.07938 0
935524.186022 1915832.17358 0
935524.227872 1915832.2471 0
935524.273753 1915832.32764 0
935524.330093 1915832.42689 0
935524.38251 1915832.51949 0
935524.425527 1915832.59559 0
935524.462309 1915832.66061 0
935524.501814 1915832.73018 0
935524.562955 1915832.83793 0
935524.637382 1915832.96907 0
935524.677986 1915833.04062 0
935524.727256 1915833.12731 0
935524.763607 1915833.19122 0
935524.806706 1915833.2672 0
935524.914163 1915833.45586 0
935524.972513 1915833.55856 0
935525.045127 1915833.68663 0
935525.084637 1915833.75644 0
935525.122567 1915833.82331 0
935525.205783 1915833.97009 0
935525.243953 1915834.03745 0
935525.332855 1915834.19433 0
935525.395132 1915834.30441 0
935525.465228 1915834.42805 0
935525.533676 1915834.54885 0
935525.606515 1915834.67716 0
935525.677872 1915834.80289 0
935525.750787 1915834.93132 0
935525.804196 1915835.0254 0
935525.854552 1915835.11406 0
935525.9059 1915835.20457 0
935525.962814 1915835.30493 0
935526.01475 1915835.39643 0
935526.066564 1915835.48792 0
935526.125167 1915835.59135 0
935526.17802 1915835.68445 0
935526.248798 1915835.80944 0
935526.295971 1915835.8928 0
935526.355566 1915835.99796 0
935526.411691 1915836.09697 0
935526.466406 1915836.19351 0
935526.52887 1915836.30372 0
935526.5859 1915836.40774 0
935526.713525 1915836.65395 0
935526.782896 1915836.79185 0
935526.837691 1915836.89901 0
935526.945014 1915837.11952 0
935527.012405 1915837.26385 0
935527.05163 1915837.34941 0
935527.106976 1915837.47134 0
935527.169749 1915837.61084 0
935527.210297 1915837.70143 0
935527.270655 1915837.8354 0
935527.321683 1915837.94457 0
935527.359495 1915838.02315 0
935527.432551 1915838.18271 0
935527.486909 1915838.30097 0
935527.599877 1915838.54109 0
935527.666068 1915838.6793 0
935527.731282 1915838.81482 0
935527.785124 1915838.92623 0
935527.849292 1915839.05856 0
935527.917344 1915839.19851 0
935527.969138 1915839.30477 0
935528.039669 1915839.4494 0
935528.158641 1915839.69315 0
935528.226707 1915839.83213 0
935528.263259 1915839.90703 0
935528.354708 1915840.09397 0
935528.42724 1915840.24204 0
935528.49096 1915840.37229 0
935528.576894 1915840.54608 0
935528.63422 1915840.65816 0
935528.666484 1915840.72299 0
935528.770443 1915840.93233 0
935528.838922 1915841.06875 0
935528.872459 1915841.13494 0
935528.956059 1915841.29881 0
935529.087912 1915841.5551 0
935529.143854 1915841.6635 0
935529.224607 1915841.81939 0
935529.266098 1915841.89925 0
935529.388041 1915842.13439 0
935529.443629 1915842.24132 0
935529.486732 1915842.32425 0
935529.619029 1915842.57883 0
935529.677173 1915842.69056 0
935529.718759 1915842.77042 0
935529.854031 1915843.03042 0
935529.912526 1915843.14276 0
935529.962452 1915843.23862 0
935530.094028 1915843.4838 0
935530.158359 1915843.6027 0
935530.200265 1915843.68134 0
935530.324412 1915843.912 0
935530.402888 1915844.0548 0
935530.446387 1915844.13323 0
935530.574075 1915844.36101 0
935530.67922 1915844.54683 0
935530.847461 1915844.84201 0
935530.928662 1915844.984 0
935530.993648 1915845.09755 0
935531.108629 1915845.29828 0
935531.199072 1915845.45592 0
935531.246059 1915845.53782 0
935531.380982 1915845.77304 0
935531.482255 1915845.94952 0
935531.519743 1915846.01479 0
935531.655892 1915846.25198 0
935531.754622 1915846.42391 0
935531.811402 1915846.5228 0
935531.960364 1915846.78228 0
935532.030208 1915846.90384 0
935532.088545 1915847.00544 0
935532.244549 1915847.277 0
935532.31744 1915847.40397 0
935532.537415 1915847.78673 0
935532.607747 1915847.90915 0
935532.719262 1915848.1058 0
935532.799968 1915848.24706 0
935532.911162 1915848.44151 0
935533.007846 1915848.61133 0
935533.097734 1915848.76981 0
935533.195135 1915848.94037 0
935533.299809 1915849.11873 0
935533.391699 1915849.27615 0
935533.48915 1915849.445 0
935533.587734 1915849.61411 0
935533.6882 1915849.78448 0
935533.784889 1915849.9466 0
935533.833693 1915850.0278 0
935533.994572 1915850.29345 0
935534.08979 1915850.44933 0
935534.19843 1915850.62666 0
935534.302792 1915850.79648 0
935534.426241 1915850.99662 0
935534.509893 1915851.13193 0
935534.628007 1915851.32345 0
935534.716318 1915851.46994 0
935534.820316 1915851.64598 0
935534.925974 1915851.82375 0
935535.021933 1915851.98464 0
935535.120954 1915852.15254 0
935535.221043 1915852.3251 0
935535.320486 1915852.49923 0
935535.437802 1915852.70745 0
935535.515135 1915852.84608 0
935535.625453 1915853.04528 0
935535.702103 1915853.18488 0
935535.800578 1915853.36486 0
935535.901363 1915853.55024 0
935535.965263 1915853.66791 0
935536.272191 1915854.23511 0
935536.325387 1915854.33358 0
935536.463082 1915854.58861 0
935536.567724 1915854.78223 0
935536.60689 1915854.8546 0
935536.757661 1915855.13364 0
935536.85269 1915855.30917 0
935536.903029 1915855.40223 0
935537.060319 1915855.69211 0
935537.124765 1915855.81065 0
935537.222277 1915855.98975 0
935537.318629 1915856.16725 0
935537.384983 1915856.2896 0
935537.475923 1915856.4575 0
935537.56986 1915856.63081 0
935537.643988 1915856.76781 0
935537.732296 1915856.93078 0
935537.827333 1915857.10618 0
935537.898894 1915857.23838 0
935537.996433 1915857.41834 0
935538.070953 1915857.55608 0
935538.158656 1915857.71818 0
935538.252006 1915857.89075 0
935538.332239 1915858.03932 0
935538.450157 1915858.25768 0
935538.521284 1915858.38938 0
935538.611275 1915858.55592 0
935538.716853 1915858.75126 0
935538.792673 1915858.89145 0
935538.882961 1915859.058 0
935538.970372 1915859.21937 0
935539.061903 1915859.388 0
935539.153274 1915859.55627 0
935539.248474 1915859.73168 0
935539.336019 1915859.89281 0
935539.383769 1915859.9807 0
935539.482884 1915860.16324 0
935539.527873 1915860.24608 0
935539.668215 1915860.50482 0
935539.885674 1915860.90622 0
935539.958769 1915861.04125 0
935540.056899 1915861.22268 0
935540.151093 1915861.39697 0
935540.214038 1915861.51317 0
935540.343535 1915861.75258 0
935540.430047 1915861.91247 0
935540.482393 1915862.00922 0
935540.623848 1915862.27041 0
935540.732972 1915862.47155 0
935540.76979 1915862.53937 0
935540.91845 1915862.81325 0
935541.015775 1915862.99247 0
935541.111801 1915863.16924 0
935541.207913 1915863.34612 0
935541.308468 1915863.53113 0
935541.403054 1915863.70531 0
935541.524301 1915863.92835 0
935541.595784 1915864.0597 0
935541.706122 1915864.2628 0
935541.791397 1915864.41974 0
935541.89487 1915864.61005 0
935541.998213 1915864.79998 0
935542.089616 1915864.96813 0
935542.184249 1915865.14218 0
935542.28929 1915865.33544 0
935542.385642 1915865.5127 0
935542.481073 1915865.68823 0
935542.581593 1915865.87324 0
935542.678815 1915866.05222 0
935542.800243 1915866.27551 0
935542.876688 1915866.41608 0
935542.979441 1915866.60515 0
935543.098841 1915866.82488 0
935543.174075 1915866.96323 0
935543.287587 1915867.172 0
935543.36558 1915867.31541 0
935543.438589 1915867.4497 0
935543.586128 1915867.72088 0
935543.818537 1915868.1479 0
935543.890054 1915868.27948 0
935544.005275 1915868.49133 0
935544.088349 1915868.64397 0
935544.184137 1915868.81999 0
935544.291357 1915869.01707 0
935544.388172 1915869.19506 0
935544.483811 1915869.37097 0
935544.588172 1915869.56275 0
935544.68057 1915869.73262 0
935544.798837 1915869.95 0
935544.876481 1915870.09279 0
935544.985346 1915870.29294 0
935545.07721 1915870.46171 0
935545.170635 1915870.63355 0
935545.272319 1915870.82041 0
935545.365713 1915870.992 0
935545.492824 1915871.22563 0
935545.567424 1915871.36264 0
935545.676909 1915871.56378 0
935545.790528 1915871.77242 0
935545.864167 1915871.90758 0
935545.972807 1915872.10712 0
935546.0814 1915872.30654 0
935546.156839 1915872.44514 0
935546.267951 1915872.64899 0
935546.376612 1915872.84853 0
935546.457684 1915872.99735 0
935546.564764 1915873.19394 0
935546.672728 1915873.39237 0
935546.750003 1915873.53442 0
935546.86033 1915873.73716 0
935546.898467 1915873.80707 0
935547.051717 1915874.08847 0
935547.154986 1915874.27804 0
935547.20644 1915874.37258 0
935547.384096 1915874.69903 0
935547.509425 1915874.92934 0
935547.618923 1915875.13084 0
935547.705429 1915875.29012 0
935547.804218 1915875.47254 0
935547.905179 1915875.65902 0
935548.000959 1915875.83578 0
935548.096605 1915876.01241 0
935548.147217 1915876.10584 0
935548.295803 1915876.37984 0
935548.421955 1915876.61236 0
935548.602394 1915876.94496 0
935548.710377 1915877.14412 0
935548.896347 1915877.48681 0
935548.99052 1915877.66024 0
935549.084126 1915877.83257 0
935549.135832 1915877.92772 0
935549.283411 1915878.19964 0
935549.3324 1915878.28986 0
935549.429298 1915878.46835 0
935549.594452 1915878.77263 0
935549.77203 1915879.09981 0
935549.823623 1915879.19484 0
935549.968611 1915879.46207 0
935550.121863 1915879.74444 0
935550.219537 1915879.92453 0
935550.384325 1915880.22807 0
935550.517824 1915880.47377 0
935550.612293 1915880.6477 0
935550.708619 1915880.82507 0
935550.867595 1915881.11754 0
935550.975747 1915881.31671 0
935551.175776 1915881.68476 0
935551.274202 1915881.86595 0
935551.34458 1915881.99545 0
935551.404375 1915882.10549 0
935551.546455 1915882.36706 0
935551.648986 1915882.55564 0
935551.688543 1915882.62839 0
935551.844226 1915882.91471 0
935551.943846 1915883.09788 0
935551.989675 1915883.18219 0
935552.13903 1915883.45682 0
935552.261659 1915883.6822 0
935552.443614 1915884.01665 0
935552.557342 1915884.22591 0
935552.742593 1915884.56676 0
935552.823689 1915884.71607 0
935552.898829 1915884.85431 0
935553.030354 1915885.09631 0
935553.126546 1915885.27344 0
935553.195621 1915885.40047 0
935553.327783 1915885.6437 0
935553.417766 1915885.80926 0
935553.470768 1915885.90688 0
935553.621388 1915886.18396 0
935553.727902 1915886.37993 0
935553.767336 1915886.45243 0
935553.920893 1915886.73505 0
935554.018876 1915886.91538 0
935554.062268 1915886.99515 0
935554.207294 1915887.26214 0
935554.311074 1915887.45306 0
935554.364691 1915887.55178 0
935554.528292 1915887.85299 0
935554.598858 1915887.98285 0
935554.655869 1915888.08785 0
935554.822309 1915888.39447 0
935555.020872 1915888.76042 0
935555.121707 1915888.94629 0
935555.191564 1915889.07517 0
935555.252432 1915889.1873 0
935555.400162 1915889.45958 0
935555.48626 1915889.61837 0
935555.535138 1915889.70835 0
935555.693026 1915889.99946 0
935555.805896 1915890.20749 0
935555.994794 1915890.55572 0
935556.104155 1915890.75734 0
935556.283371 1915891.08772 0
935556.398296 1915891.29944 0
935556.579511 1915891.63314 0
935556.666694 1915891.79378 0
935556.742138 1915891.93275 0
935556.86687 1915892.16232 0
935556.963312 1915892.33982 0
935557.032085 1915892.46636 0
935557.165758 1915892.71218 0
935557.260344 1915892.88599 0
935557.326209 1915893.00711 0
935557.462007 1915893.25675 0
935557.555828 1915893.4292 0
935557.625013 1915893.55648 0
935557.761666 1915893.80772 0
935557.852328 1915893.97427 0
935557.917312 1915894.09379 0
935558.051271 1915894.33986 0
935558.145519 1915894.51305 0
935558.192833 1915894.59996 0
935558.346776 1915894.88271 0
935558.397945 1915894.97663 0
935558.453266 1915895.07831 0
935558.630792 1915895.40439 0
935558.6993 1915895.53032 0
935558.806239 1915895.72665 0
935558.856608 1915895.8191 0
935559.026784 1915896.13176 0
935559.104495 1915896.27455 0
935559.211174 1915896.47064 0
935559.320266 1915896.67141 0
935559.398805 1915896.8158 0
935559.451727 1915896.91316 0
935559.593771 1915897.17437 0
935559.697539 1915897.36529 0
935559.80084 1915897.55535 0
935559.892062 1915897.72312 0
935559.988864 1915897.90124 0
935560.088268 1915898.08428 0
935560.186832 1915898.26547 0
935560.312443 1915898.49664 0
935560.497029 1915898.83614 0
935560.608499 1915899.04133 0
935560.680386 1915899.17354 0
935560.791635 1915899.37824 0
935560.831887 1915899.45234 0
935560.932606 1915899.6376 0
935560.980613 1915899.72598 0
935561.131344 1915900.00331 0
935561.229457 1915900.18389 0
935561.270029 1915900.25848 0
935561.428555 1915900.55022 0
935561.521858 1915900.72193 0
935561.571075 1915900.81241 0
935561.724192 1915901.09417 0
935561.866476 1915901.35586 0
935562.032828 1915901.662 0
935562.117646 1915901.81808 0
935562.18871 1915901.94881 0
935562.397174 1915902.33224 0
935562.520952 1915902.55997 0
935562.711765 1915902.91079 0
935562.81405 1915903.099 0
935562.996722 1915903.43492 0
935563.113952 1915903.65058 0
935563.30096 1915903.99463 0
935563.410805 1915904.19675 0
935563.59162 1915904.52947 0
935563.682567 1915904.69676 0
935563.753263 1915904.82687 0
935563.890286 1915905.07908 0
935563.980079 1915905.24415 0
935564.054215 1915905.38054 0
935564.177318 1915905.60703 0
935564.272572 1915905.7822 0
935564.331252 1915905.89015 0
935564.472366 1915906.14963 0
935564.582434 1915906.35212 0
935564.622741 1915906.42635 0
935564.770987 1915906.699 0
935564.872265 1915906.88537 0
935564.931585 1915906.99455 0
935565.083091 1915907.27323 0
935565.16185 1915907.41824 0
935565.217982 1915907.52139 0
935565.359588 1915907.7821 0
935565.458321 1915907.96367 0
935565.510239 1915908.05919 0
935565.659279 1915908.33344 0
935565.756369 1915908.51217 0
935565.810458 1915908.61163 0
935565.955206 1915908.87788 0
935566.022623 1915909.00196 0
935566.200015 1915909.32853 0
935566.280694 1915909.47698 0
935566.38129 1915909.66211 0
935566.423965 1915909.74065 0
935566.572758 1915910.01441 0
935566.695433 1915910.24028 0
935566.885189 1915910.5895 0
935566.972838 1915910.75075 0
935567.039664 1915910.87384 0
935567.16957 1915911.11289 0
935567.263315 1915911.28535 0
935567.313197 1915911.37717 0
935567.393992 1915911.52575 0
935567.525283 1915911.76738 0
935567.612952 1915911.92863 0
935567.687609 1915912.06601 0
935567.81955 1915912.30875 0
935567.913646 1915912.4817 0
935567.986949 1915912.61648 0
935568.117594 1915912.85676 0
935568.207272 1915913.02159 0
935568.257702 1915913.11428 0
935568.408797 1915913.39222 0
935568.516206 1915913.58967 0
935568.554293 1915913.65959 0
935568.704927 1915913.93655 0
935568.805166 1915914.12082 0
935568.930127 1915914.35064 0
935569.000126 1915914.47927 0
935569.107368 1915914.67647 0
935569.225541 1915914.89373 0
935569.295046 1915915.0215 0
935569.406722 1915915.22695 0
935569.525311 1915915.44495 0
935569.596002 1915915.57494 0
935569.723308 1915915.80906 0
935569.789688 1915915.93117 0
935569.967182 1915916.25762 0
935570.092265 1915916.48768 0
935570.200534 1915916.68697 0
935570.245908 1915916.77043 0
935570.399533 1915917.05329 0
935570.499225 1915917.2367 0
935570.603205 1915917.42799 0
935570.696994 1915917.60057 0
935570.796017 1915917.78287 0
935570.897746 1915917.97009 0
935570.99749 1915918.15363 0
935571.085072 1915918.31476 0
935571.195239 1915918.51749 0
935571.288675 1915918.68945 0
935571.411489 1915918.91545 0
935571.484012 1915919.04889 0
935571.599032 1915919.26061 0
935571.707615 1915919.46027 0
935571.783068 1915919.59924 0
935571.881533 1915919.78043 0
935572.000735 1915919.99966 0
935572.077152 1915920.14036 0
935572.177806 1915920.32561 0
935572.294038 1915920.53931 0
935572.376904 1915920.6917 0
935572.470869 1915920.86452 0
935572.591287 1915921.08621 0
935572.671204 1915921.23319 0
935572.767971 1915921.4113 0
935572.863236 1915921.58646 0
935572.967338 1915921.778 0
935573.069966 1915921.96695 0
935573.171209 1915922.15331 0
935573.261473 1915922.31949 0
935573.363147 1915922.50659 0
935573.603288 1915922.94862 0
935573.675531 1915923.08168 0
935573.733567 1915923.1884 0
935573.824281 1915923.35532 0
935573.985286 1915923.6516 0
935574.058379 1915923.78614 0
935574.165792 1915923.98383 0
935574.258337 1915924.15407 0
935574.352589 1915924.32751 0
935574.459246 1915924.52384 0
935574.556548 1915924.70282 0
935574.644472 1915924.86457 0
935574.754871 1915925.06779 0
935574.85256 1915925.24763 0
935574.947906 1915925.42304 0
935575.046994 1915925.60534 0
935575.150937 1915925.79675 0
935575.239639 1915925.95998 0
935575.344597 1915926.15323 0
935575.448163 1915926.3439 0
935575.535782 1915926.5054 0
935575.639929 1915926.69718 0
935575.742666 1915926.88625 0
935575.857648 1915927.09797 0
935575.933537 1915927.2378 0
935576.036285 1915927.42687 0
935576.152672 1915927.64118 0
935576.228825 1915927.78138 0
935576.329279 1915927.96627 0
935576.424596 1915928.1418 0
935576.517714 1915928.31339 0
935576.621614 1915928.50468 0
935576.732642 1915928.70913 0
935576.816493 1915928.86361 0
935576.917405 1915929.04924 0
935577.024006 1915929.24545 0
935577.136029 1915929.45163 0
935577.216445 1915929.59959 0
935577.490146 1915930.10341 0
935577.668531 1915930.43256 0
935577.792198 1915930.66125 0
935577.972333 1915930.99311 0
935578.017362 1915931.07595 0
935578.118824 1915931.26269 0
935578.158803 1915931.33617 0
935578.313627 1915931.62113 0
935578.404049 1915931.78743 0
935578.457664 1915931.88603 0
935578.677826 1915932.2915 0
935578.746874 1915932.41853 0
935578.971719 1915932.83262 0
935579.145089 1915933.15216 0
935579.24477 1915933.33582 0
935579.317276 1915933.46937 0
935579.491168 1915933.79039 0
935579.611438 1915934.01232 0
935579.788939 1915934.33926 0
935579.950726 1915934.63702 0
935580.079085 1915934.87312 0
935580.246115 1915935.18024 0
935580.373412 1915935.41448 0
935580.54046 1915935.72197 0
935580.61337 1915935.85602 0
935580.665802 1915935.95253 0
935580.718552 1915936.04965 0
935580.774328 1915936.15218 0
935580.887142 1915936.35996 0
935581.084218 1915936.72272 0
935581.186407 1915936.91081 0
935581.292732 1915937.1064 0
935581.339695 1915937.19281 0
935581.49168 1915937.47236 0
935581.588912 1915937.65122 0
935581.639499 1915937.74428 0
935581.790249 1915938.02185 0
935581.881707 1915938.19012 0
935581.934478 1915938.28736 0
935582.082757 1915938.56014 0
935582.208474 1915938.79155 0
935582.285377 1915938.93311 0
935582.389684 1915939.12514 0
935582.503936 1915939.3355 0
935582.579045 1915939.47374 0
935582.685976 1915939.67056 0
935582.776432 1915939.83711 0
935582.874457 1915940.01744 0
935582.979572 1915940.21094 0
935583.076136 1915940.38869 0
935583.172335 1915940.56582 0
935583.266861 1915940.73975 0
935583.377617 1915940.94359 0
935583.463679 1915941.10201 0
935583.617054 1915941.38427 0
935583.676148 1915941.49308 0
935583.760112 1915941.64769 0
935583.860568 1915941.83245 0
935583.971508 1915942.03666 0
935584.052317 1915942.18536 0
935584.160056 1915942.38366 0
935584.264897 1915942.57667 0
935584.378671 1915942.78593 0
935584.447139 1915942.91198 0
935584.557954 1915943.11595 0
935584.60811 1915943.20827 0
935584.785312 1915943.53434 0
935584.96256 1915943.86042 0
935585.102407 1915944.11756 0
935585.201781 1915944.30036 0
935585.286683 1915944.45644 0
935585.391594 1915944.64933 0
935585.492435 1915944.83483 0
935585.547975 1915944.93688 0
935585.685266 1915945.18971 0
935585.787375 1915945.37755 0
935585.845552 1915945.48452 0
935586.003554 1915945.77515 0
935586.078751 1915945.91363 0
935586.128597 1915946.00533 0
935586.305921 1915946.33141 0
935586.380466 1915946.46866 0
935586.429624 1915946.55901 0
935586.584441 1915946.84372 0
935586.676501 1915947.01298 0
935586.781857 1915947.20673 0
935586.877082 1915947.38177 0
935587.002093 1915947.61159 0
935587.073098 1915947.74219 0
935587.171873 1915947.92376 0
935587.284359 1915948.13056 0
935587.369135 1915948.28639 0
935587.469198 1915948.47042 0
935587.575861 1915948.66639 0
935587.684661 1915948.86654 0
935587.772128 1915949.0273 0
935587.869895 1915949.20702 0
935587.975708 1915949.40175 0
935588.053414 1915949.54503 0
935588.148857 1915949.72081 0
935588.240134 1915949.88895 0
935588.354987 1915950.10042 0
935588.415294 1915950.21158 0
935588.50849 1915950.3828 0
935588.546101 1915950.45198 0
935588.693572 1915950.72279 0
935588.802117 1915950.92221 0
935588.88284 1915951.07054 0
935588.966554 1915951.22453 0
935589.047294 1915951.37273 0
935589.156971 1915951.57436 0
935589.31485 1915951.86462 0
935589.411905 1915952.04311 0
935589.569109 1915952.33311 0
935589.650654 1915952.48389 0
935589.706987 1915952.5879 0
935589.825671 1915952.80639 0
935589.903545 1915952.94968 0
935590.025918 1915953.17457 0
935590.090138 1915953.2925 0
935590.188077 1915953.47246 0
935590.300627 1915953.67902 0
935590.413704 1915953.88656 0
935590.467837 1915953.9859 0
935590.638315 1915954.29881 0
935590.738356 1915954.48234 0
935590.819178 1915954.63068 0
935590.929909 1915954.83366 0
935590.996156 1915954.95504 0
935591.040638 1915955.03677 0
935591.16305 1915955.26069 0
935591.236593 1915955.39524 0
935591.275863 1915955.46701 0
935591.394487 1915955.68403 0
935591.485694 1915955.85083 0
935591.629224 1915956.11328 0
935591.809727 1915956.44381 0
935591.848699 1915956.5152 0
935591.963279 1915956.72509 0
935592.059484 1915956.90136 0
935592.1128 1915956.99935 0
935592.201953 1915957.16392 0
935592.267063 1915957.2843 0
935592.324108 1915957.38954 0
935592.421344 1915957.56815 0
935592.506757 1915957.72473 0
935592.561956 1915957.82567 0
935592.658681 1915958.00281 0
935592.747929 1915958.16617 0
935592.798976 1915958.2596 0
935592.901012 1915958.44622 0
935592.99425 1915958.61671 0
935593.049449 1915958.71766 0
935593.105187 1915958.8197 0
935593.195361 1915958.98478 0
935593.29291 1915959.1634 0
935593.487016 1915959.51866 0
935593.529843 1915959.59708 0
935593.616475 1915959.75563 0
935593.706599 1915959.92046 0
935593.795516 1915960.08307 0
935593.879221 1915960.23621 0
935593.967681 1915960.39784 0
935594.05049 1915960.54926 0
935594.093629 1915960.62816 0
935594.227337 1915960.87227 0
935594.321482 1915961.04425 0
935594.361776 1915961.11786 0
935594.495905 1915961.36283 0
935594.543034 1915961.44888 0
935594.590793 1915961.53604 0
935594.753177 1915961.83271 0
935594.830076 1915961.97305 0
935594.925936 1915962.14798 0
935595.009174 1915962.29977 0
935595.130794 1915962.52172 0
935595.199682 1915962.64729 0
935595.299229 1915962.82874 0
935595.407992 1915963.02694 0
935595.481726 1915963.16149 0
935595.576492 1915963.3342 0
935595.662903 1915963.49178 0
935595.751615 1915963.65341 0
935595.857559 1915963.84656 0
935595.948151 1915964.01177 0
935596.050061 1915964.19765 0
935596.155045 1915964.38883 0
935596.196854 1915964.46504 0
935596.335678 1915964.71789 0
935596.432095 1915964.89332 0
935596.489095 1915964.9971 0
935596.576051 1915965.15541 0
935596.680785 1915965.34598 0
935596.778328 1915965.52349 0
935596.836694 1915965.62961 0
935596.966791 1915965.86622 0
935597.074399 1915966.06221 0
935597.131302 1915966.16586 0
935597.290252 1915966.45491 0
935597.362494 1915966.58639 0
935597.4183 1915966.68795 0
935597.563594 1915966.95226 0
935597.651095 1915967.11131 0
935597.707229 1915967.21337 0
935597.907161 1915967.5769 0
935598.002608 1915967.75048 0
935598.16064 1915968.03781 0
935598.201563 1915968.11217 0
935598.250552 1915968.20118 0
935598.449878 1915968.56348 0
935598.552657 1915968.75036 0
935598.658672 1915968.9429 0
935598.705479 1915969.02809 0
935598.84908 1915969.29041 0
935598.947464 1915969.47026 0
935599.048907 1915969.65529 0
935599.13283 1915969.80818 0
935599.223902 1915969.97388 0
935599.32155 1915970.15153 0
935599.460917 1915970.40476 0
935599.531709 1915970.53341 0
935599.601757 1915970.66082 0
935599.710476 1915970.85841 0
935599.815247 1915971.0491 0
935599.885393 1915971.17664 0
935599.98605 1915971.35982 0
935600.07042 1915971.51333 0
935600.166118 1915971.6874 0
935600.253505 1915971.84743 0
935600.338782 1915972.00389 0
935600.423916 1915972.15924 0
935600.50939 1915972.31485 0
935600.596733 1915972.47378 0
935600.679089 1915972.62347 0
935600.764323 1915972.77834 0
935600.847146 1915972.9289 0
935600.955211 1915973.12538 0
935601.021045 1915973.24492 0
935601.117626 1915973.42059 0
935601.193614 1915973.55872 0
935601.277771 1915973.71174 0
935601.371512 1915973.88224 0
935601.459421 1915974.04203 0
935601.519809 1915974.15197 0
935601.680302 1915974.4447 0
935601.752451 1915974.57581 0
935601.83918 1915974.73351 0
935601.882403 1915974.81193 0
935602.025482 1915975.07157 0
935602.114592 1915975.23309 0
935602.155833 1915975.30806 0
935602.296179 1915975.56253 0
935602.415436 1915975.77859 0
935602.587634 1915976.09079 0
935602.692665 1915976.28137 0
935602.767354 1915976.41679 0
935602.862384 1915976.58926 0
935602.981776 1915976.803 0
935603.051685 1915976.92578 0
935603.163983 1915977.1266 0
935603.266992 1915977.31006 0
935603.337747 1915977.4348 0
935603.440924 1915977.61534 0
935603.555848 1915977.81265 0
935603.634618 1915977.94851 0
935603.741076 1915978.13141 0
935603.853262 1915978.32247 0
935603.938048 1915978.46512 0
935604.04313 1915978.63764 0
935604.16136 1915978.83379 0
935604.236394 1915978.95799 0
935604.34789 1915979.14061 0
935604.439863 1915979.28606 0
935604.543704 1915979.44586 0
935604.6498 1915979.61119 0
935604.762533 1915979.78029 0
935604.864606 1915979.927 0
935604.982651 1915980.09057 0
935605.097402 1915980.24347 0
935605.173287 1915980.34144 0
935605.292807 1915980.4899 0
935605.500413 1915980.74506 0
935605.592133 1915980.85549 0
935605.722704 1915981.00632 0
935605.840618 1915981.13584 0
935606.007092 1915981.31494 0
935606.103189 1915981.41238 0
935606.240478 1915981.54318 0
935606.401758 1915981.6901 0
935606.501557 1915981.77772 0
935606.646337 1915981.90217 0
935606.768833 1915982.0082 0
935606.901125 1915982.12074 0
935607.047986 1915982.23851 0
935607.124299 1915982.29695 0
935607.31915 1915982.43879 0
935607.457191 1915982.53751 0
935607.53803 1915982.59481 0
935607.777205 1915982.75419 0
935607.880444 1915982.81782 0
935607.958267 1915982.86372 0
935608.17459 1915982.98381 0
935608.327007 1915983.06237 0
935608.390893 1915983.09402 0
935608.611454 1915983.19599 0
935608.803036 1915983.27506 0
935609.075824 1915983.3714 0
935609.237871 1915983.41985 0
935609.344698 1915983.44766 0
935609.511873 1915983.48582 0
935609.638244 1915983.50954 0
935609.759305 1915983.52855 0
935609.942737 1915983.54964 0
935610.079056 1915983.55924 0
935610.199392 1915983.56384 0
935610.377456 1915983.56275 0
935610.5124 1915983.55562 0
935610.626206 1915983.54827 0
935611.007208 1915983.51562 0
935611.092372 1915983.50501 0
935611.280619 1915983.47359 0
935611.430895 1915983.44619 0
935611.604709 1915983.41099 0
935611.716254 1915983.38555 0
935611.878923 1915983.34237 0
935612.033085 1915983.30027 0
935612.147813 1915983.26938 0
935612.302426 1915983.22582 0
935612.583957 1915983.14206 0
935612.73015 1915983.09703 0
935612.883974 1915983.04882 0
935613.065076 1915982.99177 0
935613.1824 1915982.95446 0
935613.338998 1915982.90447 0
935613.520348 1915982.84669 0
935613.644382 1915982.80705 0
935613.784176 1915982.76155 0
935613.980795 1915982.69413 0
935614.089074 1915982.65582 0
935614.237208 1915982.60569 0
935614.396587 1915982.55062 0
935614.536851 1915982.50098 0
935614.697445 1915982.44238 0
935614.863015 1915982.3807 0
935614.993058 1915982.3315 0
935615.141404 1915982.2743 0
935615.275604 1915982.22176 0
935615.448622 1915982.15409 0
935615.536884 1915982.11986 0
935615.689752 1915982.06029 0
935615.826922 1915982.00706 0
935615.919896 1915981.97094 0
935616.05394 1915981.91913 0
935616.195773 1915981.86427 0
935616.440929 1915981.76955 0
935616.561903 1915981.71997 0
935616.682064 1915981.67209 0
935616.808783 1915981.62235 0
935616.941549 1915981.5693 0
935617.057486 1915981.52232 0
935617.243958 1915981.44596 0
935617.316423 1915981.41611 0
935617.423445 1915981.37192 0
935617.544943 1915981.32149 0
935617.662502 1915981.27271 0
935617.802542 1915981.21502 0
935617.894993 1915981.17682 0
935618.006556 1915981.13051 0
935618.156438 1915981.06735 0
935618.248973 1915981.02623 0
935618.368899 1915980.97053 0
935618.509355 1915980.90393 0
935618.594025 1915980.86537 0
935618.710098 1915980.81168 0
935618.829472 1915980.75524 0
935618.947625 1915980.6983 0
935619.073283 1915980.63659 0
935619.20179 1915980.57273 0
935619.308027 1915980.51937 0
935619.438072 1915980.45273 0
935619.555837 1915980.38955 0
935619.698192 1915980.31188 0
935619.786758 1915980.26471 0
935619.925827 1915980.19028 0
935620.028603 1915980.13394 0
935620.160122 1915980.06 0
935620.286602 1915979.98781 0
935620.40684 1915979.9182 0
935620.526999 1915979.84835 0
935620.661702 1915979.76934 0
935620.73437 1915979.72668 0
935620.964388 1915979.59096 0
935621.2262 1915979.43623 0
935621.305993 1915979.38916 0
935621.49265 1915979.279 0
935621.63792 1915979.19307 0
935621.889734 1915979.04452 0
935622.027833 1915978.963 0
935622.100267 1915978.92021 0
935622.29374 1915978.80588 0
935622.445473 1915978.7164 0
935622.520534 1915978.67195 0
935622.721399 1915978.55322 0
935622.868722 1915978.46623 0
935622.941688 1915978.42308 0
935623.151496 1915978.29876 0
935623.298482 1915978.21189 0
935623.382521 1915978.16209 0
935623.584303 1915978.04277 0
935623.74363 1915977.94815 0
935623.816872 1915977.90489 0
935624.057189 1915977.76226 0
935624.161457 1915977.70034 0
935624.240628 1915977.65351 0
935624.467808 1915977.51885 0
935624.55953 1915977.46453 0
935624.636948 1915977.41865 0
935624.820993 1915977.30967 0
935624.94796 1915977.23419 0
935625.014405 1915977.19485 0
935625.225247 1915977.06981 0
935625.347101 1915976.99743 0
935625.410675 1915976.95975 0
935625.623503 1915976.83352 0
935625.783616 1915976.73843 0
935626.048474 1915976.58204 0
935626.168806 1915976.51085 0
935626.484251 1915976.32438 0
935626.847581 1915976.10889 0
935626.952095 1915976.04685 0
935627.111374 1915975.95235 0
935627.240919 1915975.87545 0
935627.380705 1915975.79237 0
935627.536831 1915975.69953 0
935627.683407 1915975.61253 0
935627.822936 1915975.53078 0
935627.987931 1915975.43516 0
935628.132508 1915975.35008 0
935628.246339 1915975.28342 0
935628.444553 1915975.1688 0
935628.584709 1915975.08841 0
935628.7769 1915974.97894 0
935628.89281 1915974.91341 0
935629.064178 1915974.81655 0
935629.204228 1915974.7375 0
935629.352733 1915974.65394 0
935629.525541 1915974.55661 0
935629.682435 1915974.4683 0
935629.832064 1915974.38403 0
935630.008236 1915974.28481 0
935630.155465 1915974.20184 0
935630.371792 1915974.08006 0
935630.491147 1915974.01276 0
935630.669394 1915973.91259 0
935630.849482 1915973.81123 0
935630.981372 1915973.73741 0
935631.164293 1915973.63781 0
935631.308575 1915973.55979 0
935631.476695 1915973.46764 0
935631.651046 1915973.37266 0
935631.806079 1915973.28957 0
935631.972271 1915973.20165 0
935632.068625 1915973.15107 0
935632.147294 1915973.10997 0
935632.454148 1915972.95058 0
935632.563329 1915972.89435 0
935632.760057 1915972.79313 0
935632.855271 1915972.74424 0
935633.142909 1915972.59662 0
935633.268917 1915972.53211 0
935633.350863 1915972.49021 0
935633.63007 1915972.3471 0
935633.784001 1915972.26814 0
935633.887233 1915972.21523 0
935634.150703 1915972.08004 0
935634.3612 1915971.97196 0
935634.70761 1915971.79367 0
935634.899782 1915971.69458 0
935635.242757 1915971.51025 0
935635.386032 1915971.42942 0
935635.507141 1915971.36214 0
935635.723628 1915971.24232 0
935635.894462 1915971.14692 0
935635.980839 1915971.09825 0
935636.233312 1915970.95386 0
935636.426533 1915970.83855 0
935636.490594 1915970.79954 0
935636.739201 1915970.64447 0
935636.918422 1915970.53333 0
935636.980217 1915970.49477 0
935637.215579 1915970.34145 0
935637.385157 1915970.22711 0
935637.476229 1915970.16619 0
935637.697677 1915970.01631 0
935637.86497 1915969.89741 0
935637.948859 1915969.83541 0
935638.197372 1915969.64922 0
935638.316277 1915969.56031 0
935638.382193 1915969.51059 0
935638.484575 1915969.43289 0
935638.748971 1915969.22145 0
935638.920542 1915969.07663 0
935639.077483 1915968.93622 0
935639.186681 1915968.83507 0
935639.318996 1915968.7138 0
935639.468293 1915968.57497 0
935639.585239 1915968.46333 0
935639.750995 1915968.29511 0
935639.838981 1915968.20181 0
935639.97091 1915968.05575 0
935640.112725 1915967.89863 0
935640.201555 1915967.79875 0
935640.328435 1915967.65224 0
935640.429485 1915967.52962 0
935640.539693 1915967.3898 0
935640.652851 1915967.24528 0
935640.763456 1915967.10303 0
935640.873267 1915966.95846 0
935640.975404 1915966.8173 0
935641.075897 1915966.66964 0
935641.167941 1915966.53443 0
935641.270371 1915966.38253 0
935641.367753 1915966.23532 0
935641.491227 1915966.04239 0
935641.552558 1915965.94268 0
935641.65927 1915965.76462 0
935641.757378 1915965.60289 0
935641.962041 1915965.25029 0
935642.030884 1915965.12129 0
935642.078423 1915965.02845 0
935642.193727 1915964.80683 0
935642.350996 1915964.48838 0
935642.428007 1915964.31851 0
935642.563851 1915964.01838 0
935642.638302 1915963.84542 0
935642.709409 1915963.66264 0
935642.873825 1915963.17333 0
935642.954789 1915962.8893 0
935643.023883 1915962.62803 0
935643.049591 1915962.51324 0
935643.092036 1915962.27692 0
935643.104579 1915962.19584 0
935643.128524 1915962.046 0
935643.164368 1915961.79457 0
935643.190849 1915961.49577 0
935643.194968 1915961.41541 0
935643.199677 1915961.24293 0
935643.203656 1915961.10741 0
935643.206906 1915960.94858 0
935643.208129 1915960.77519 0
935643.20609 1915960.62957 0
935643.200244 1915960.48304 0
935643.189694 1915960.22672 0
935643.182929 1915960.0886 0
935643.173124 1915959.92528 0
935643.167406 1915959.84477 0
935643.144719 1915959.60877 0
935643.126883 1915959.46033 0
935643.116078 1915959.36302 0
935643.090584 1915959.14101 0
935643.064444 1915958.93326 0
935643.034882 1915958.73546 0
935642.990857 1915958.47093 0
935642.942937 1915958.18315 0
935642.929145 1915958.10678 0
935642.901841 1915957.96284 0
935642.846929 1915957.70667 0
935642.785066 1915957.42184 0
935642.760356 1915957.31296 0
935642.716722 1915957.13105 0
935642.694118 1915957.04381 0
935642.62785 1915956.78905 0
935642.573406 1915956.58036 0
935642.533693 1915956.43403 0
935642.510325 1915956.3497 0
935642.439363 1915956.10914 0
935642.384799 1915955.9378 0
935642.357585 1915955.85316 0
935642.290362 1915955.64037 0
935642.230932 1915955.45943 0
935642.13244 1915955.17194 0
935642.070382 1915954.99608 0
935642.038419 1915954.90649 0
935641.94536 1915954.64765 0
935641.90123 1915954.52589 0
935641.832524 1915954.33687 0
935641.770965 1915954.1681 0
935641.72238 1915954.03676 0
935641.689121 1915953.94946 0
935641.602064 1915953.71866 0
935641.539838 1915953.55244 0
935641.473801 1915953.37835 0
935641.411534 1915953.21567 0
935641.352525 1915953.06305 0
935641.282472 1915952.88255 0
935641.219581 1915952.7212 0
935641.137383 1915952.51146 0
935641.085255 1915952.37896 0
935641.012818 1915952.19489 0
935640.954059 1915952.04666 0
935640.887358 1915951.88415 0
935640.818363 1915951.72063 0
935640.772385 1915951.61056 0
935640.613173 1915951.23023 0
935640.563009 1915951.11386 0
935640.473101 1915950.9156 0
935640.401916 1915950.7651 0
935640.342705 1915950.63823 0
935640.246338 1915950.43412 0
935640.160137 1915950.25556 0
935640.11057 1915950.15447 0
935640.002944 1915949.93798 0
935639.919302 1915949.77216 0
935639.814627 1915949.56633 0
935639.756009 1915949.45155 0
935639.659475 1915949.26331 0
935639.556447 1915949.06325 0
935639.49814 1915948.95005 0
935639.397409 1915948.75516 0
935639.29371 1915948.5546 0
935639.232934 1915948.43697 0
935639.132659 1915948.24318 0
935639.029423 1915948.04373 0
935638.969968 1915947.9288 0
935638.873718 1915947.74289 0
935638.763789 1915947.53064 0
935638.698207 1915947.4039 0
935638.589924 1915947.19473 0
935638.517325 1915947.05446 0
935638.418943 1915946.86924 0
935638.325755 1915946.69802 0
935638.272549 1915946.60077 0
935638.144109 1915946.36211 0
935638.05033 1915946.19014 0
935637.993721 1915946.08771 0
935637.854781 1915945.84071 0
935637.759202 1915945.67396 0
935637.666324 1915945.51397 0
935637.569838 1915945.34965 0
935637.47221 1915945.1847 0
935637.418126 1915945.09329 0
935637.11811 1915944.58454 0
935637.055428 1915944.47835 0
935637.009746 1915944.40111 0
935636.916569 1915944.24356 0
935636.784834 1915944.02083 0
935636.677276 1915943.83901 0
935636.520072 1915943.57353 0
935636.415767 1915943.39725 0
935636.349152 1915943.28465 0
935636.257734 1915943.13018 0
935636.166824 1915942.97644 0
935636.095782 1915942.85633 0
935636.034133 1915942.75187 0
935635.884796 1915942.49872 0
935635.808844 1915942.36987 0
935635.7038 1915942.19211 0
935635.616008 1915942.04367 0
935635.574732 1915941.97382 0
935635.499828 1915941.84718 0
935635.321421 1915941.54562 0
935635.212849 1915941.36182 0
935635.088692 1915941.15179 0
935635.000214 1915941.00236 0
935634.930886 1915940.88533 0
935634.751755 1915940.58229 0
935634.665117 1915940.4357 0
935634.467 1915940.10099 0
935634.364128 1915939.92717 0
935634.215484 1915939.67599 0
935634.165681 1915939.59173 0
935633.99502 1915939.30334 0
935633.745196 1915938.88081 0
935633.614785 1915938.66018 0
935633.436713 1915938.35911 0
935633.318803 1915938.15723 0
935633.247467 1915938.03211 0
935633.144836 1915937.8489 0
935633.050414 1915937.68327 0
935632.983804 1915937.56604 0
935632.854764 1915937.33542 0
935632.758595 1915937.16024 0
935632.691058 1915937.03555 0
935632.569188 1915936.80774 0
935632.481851 1915936.64271 0
935632.437198 1915936.5578 0
935632.295132 1915936.28573 0
935632.198041 1915936.09846 0
935632.156947 1915936.01897 0
935632.065043 1915935.84081 0
935631.964709 1915935.64592 0
935631.875747 1915935.47269 0
935631.790301 1915935.30622 0
935631.634635 1915935.00294 0
935631.599708 1915934.93478 0
935631.482286 1915934.70594 0
935631.364176 1915934.47574 0
935631.309729 1915934.37164 0
935631.203016 1915934.17213 0
935631.0763 1915933.93777 0
935631.028011 1915933.84743 0
935630.941542 1915933.68681 0
935630.849935 1915933.51878 0
935630.745768 1915933.33091 0
935630.575746 1915933.03008 0
935630.503017 1915932.90287 0
935630.367108 1915932.66678 0
935630.134901 1915932.26844 0
935629.942262 1915931.93993 0
935629.849836 1915931.78262 0
935629.776192 1915931.65735 0
935629.641998 1915931.42946 0
935629.544007 1915931.26292 0
935629.490413 1915931.17189 0
935629.33416 1915930.90655 0
935629.233247 1915930.7352 0
935629.165283 1915930.61966 0
935629.026934 1915930.3845 0
935628.914119 1915930.19271 0
935628.857607 1915930.09663 0
935628.71615 1915929.85593 0
935628.606321 1915929.66919 0
935628.554156 1915929.58037 0
935628.407978 1915929.33192 0
935628.288568 1915929.12891 0
935628.240589 1915929.04737 0
935628.063246 1915928.74606 0
935627.981496 1915928.60723 0
935627.932549 1915928.52421 0
935627.74309 1915928.20245 0
935627.669762 1915928.07792 0
935627.61415 1915927.98331 0
935627.460053 1915927.72155 0
935627.3562 1915927.54418 0
935627.299324 1915927.44467 0
935627.153128 1915927.18913 0
935627.053018 1915927.01573 0
935626.998482 1915926.92114 0
935626.848607 1915926.65956 0
935626.743608 1915926.47558 0
935626.702149 1915926.4028 0
935626.544808 1915926.12622 0
935626.472442 1915925.99877 0
935626.274982 1915925.65102 0
935626.015178 1915925.19318 0
935625.963061 1915925.10132 0
935625.808932 1915924.82955 0
935625.684794 1915924.6106 0
935625.490475 1915924.26778 0
935625.38189 1915924.07618 0
935625.190614 1915923.73865 0
935625.104854 1915923.58719 0
935625.004533 1915923.41024 0
935624.894553 1915923.21617 0
935624.793173 1915923.03725 0
935624.71621 1915922.90143 0
935624.590307 1915922.67929 0
935624.485885 1915922.49019 0
935624.417312 1915922.36304 0
935624.293663 1915922.13776 0
935624.202048 1915921.9712 0
935624.158353 1915921.8913 0
935624.00488 1915921.60795 0
935623.899874 1915921.41189 0
935623.863878 1915921.34432 0
935623.719328 1915921.0716 0
935623.613185 1915920.87027 0
935623.577129 1915920.80161 0
935623.440745 1915920.54159 0
935623.330112 1915920.33006 0
935623.293967 1915920.26078 0
935623.147769 1915919.98084 0
935623.053231 1915919.79946 0
935622.996917 1915919.69143 0
935622.833742 1915919.37827 0
935622.765519 1915919.24734 0
935622.710169 1915919.14103 0
935622.542004 1915918.81839 0
935622.317892 1915918.38809 0
935622.271044 1915918.29826 0
935622.200732 1915918.1634 0
935622.050289 1915917.87558 0
935621.934202 1915917.65347 0
935621.847919 1915917.48833 0
935621.762152 1915917.3243 0
935621.704019 1915917.21306 0
935621.596665 1915917.00781 0
935621.511527 1915916.84501 0
935621.408277 1915916.64739 0
935621.343453 1915916.52335 0
935621.248015 1915916.34049 0
935621.154213 1915916.16084 0
935621.091069 1915916.03951 0
935620.991846 1915915.84915 0
935620.891098 1915915.65584 0
935620.827308 1915915.53341 0
935620.729017 1915915.3449 0
935620.631439 1915915.15798 0
935620.570661 1915915.04145 0
935620.467657 1915914.8442 0
935620.363046 1915914.64387 0
935620.30416 1915914.53116 0
935620.198644 1915914.32923 0
935620.121261 1915914.18144 0
935620.032001 1915914.01064 0
935619.937369 1915913.82987 0
935619.847599 1915913.65809 0
935619.762638 1915913.49566 0
935619.660323 1915913.30013 0
935619.569278 1915913.12601 0
935619.486739 1915912.96813 0
935619.433993 1915912.86735 0
935619.31936 1915912.64783 0
935619.152648 1915912.32875 0
935619.092245 1915912.21259 0
935618.992836 1915912.01662 0
935618.942582 1915911.91844 0
935618.792311 1915911.62647 0
935618.725329 1915911.4952 0
935618.621847 1915911.28867 0
935618.52487 1915911.08504 0
935618.465804 1915910.95573 0
935618.422896 1915910.85986 0
935618.303433 1915910.60145 0
935618.22495 1915910.43168 0
935618.184331 1915910.34293 0
935618.055722 1915910.05863 0
935617.981767 1915909.89283 0
935617.850606 1915909.60642 0
935617.818451 1915909.53757 0
935617.71407 1915909.31028 0
935617.568287 1915908.99117 0
935617.468937 1915908.77847 0
935617.410713 1915908.65576 0
935617.313092 1915908.45188 0
935617.218189 1915908.25598 0
935617.149415 1915908.11504 0
935617.060381 1915907.93338 0
935616.959071 1915907.72737 0
935616.888186 1915907.58347 0
935616.795836 1915907.39639 0
935616.690187 1915907.18263 0
935616.625466 1915907.05163 0
935616.530412 1915906.85951 0
935616.447314 1915906.69162 0
935616.380299 1915906.5562 0
935616.266627 1915906.32656 0
935616.176271 1915906.14403 0
935616.088408 1915905.96837 0
935615.994261 1915905.78542 0
935615.831956 1915905.46788 0
935615.60005 1915905.01927 0
935615.472204 1915904.77732 0
935615.304162 1915904.46323 0
935615.186688 1915904.24586 0
935615.015801 1915903.93136 0
935614.925697 1915903.76616 0
935614.855018 1915903.63666 0
935614.735541 1915903.41816 0
935614.629121 1915903.22756 0
935614.557343 1915903.10195 0
935614.429874 1915902.87612 0
935614.333658 1915902.70534 0
935614.284421 1915902.61852 0
935614.137841 1915902.36322 0
935614.019144 1915902.15901 0
935613.981814 1915902.0952 0
935613.832416 1915901.84157 0
935613.723901 1915901.65851 0
935613.66399 1915901.55798 0
935613.502096 1915901.2867 0
935613.435289 1915901.1752 0
935613.378159 1915901.07959 0
935613.222407 1915900.81927 0
935613.151032 1915900.70001 0
935613.102335 1915900.61857 0
935612.965425 1915900.39028 0
935612.876217 1915900.24169 0
935612.819669 1915900.14744 0
935612.679615 1915899.91396 0
935612.590255 1915899.76489 0
935612.534257 1915899.6715 0
935612.389332 1915899.42965 0
935612.297901 1915899.277 0
935612.243485 1915899.18632 0
935612.19625 1915899.10747 0
935612.020975 1915898.81474 0
935611.956658 1915898.70731 0
935611.852219 1915898.53273 0
935611.796223 1915898.43922 0
935611.632855 1915898.16621 0
935611.556664 1915898.03894 0
935611.509236 1915897.95972 0
935611.365807 1915897.72021 0
935611.276131 1915897.5704 0
935611.229152 1915897.49168 0
935611.095019 1915897.26672 0
935610.988347 1915897.0882 0
935610.817083 1915896.80176 0
935610.72069 1915896.64073 0
935610.547063 1915896.35084 0
935610.449452 1915896.18772 0
935610.27174 1915895.89092 0
935610.19387 1915895.76082 0
935610.122245 1915895.64095 0
935610.000729 1915895.43803 0
935609.911121 1915895.28822 0
935609.843841 1915895.17574 0
935609.716962 1915894.96371 0
935609.62756 1915894.81438 0
935609.560195 1915894.7019 0
935609.437183 1915894.49664 0
935609.343009 1915894.33944 0
935609.282189 1915894.23804 0
935609.158063 1915894.03081 0
935609.077648 1915893.89628 0
935609.038214 1915893.83048 0
935608.906973 1915893.61119 0
935608.810029 1915893.4493 0
935608.643779 1915893.17184 0
935608.59846 1915893.0962 0
935608.438571 1915892.82934 0
935608.37917 1915892.73028 0
935608.227782 1915892.47759 0
935608.077277 1915892.22638 0
935607.965917 1915892.04047 0
935607.811133 1915891.78162 0
935607.68648 1915891.57353 0
935607.516142 1915891.2893 0
935607.445384 1915891.17103 0
935607.344192 1915891.00236 0
935607.24183 1915890.83148 0
935607.161066 1915890.6973 0
935607.063111 1915890.53857 0
935606.950294 1915890.36081 0
935606.876313 1915890.24334 0
935606.779047 1915890.08828 0
935606.658561 1915889.90112 0
935606.576506 1915889.78011 0
935606.47381 1915889.63363 0
935606.372896 1915889.49267 0
935606.277684 1915889.35765 0
935606.166323 1915889.20164 0
935606.065526 1915889.06678 0
935605.930016 1915888.89452 0
935605.847585 1915888.79424 0
935605.720206 1915888.64505 0
935605.601508 1915888.50539 0
935605.51086 1915888.40194 0
935605.378601 1915888.25938 0
935605.27541 1915888.15328 0
935605.184923 1915888.0652 0
935605.029374 1915887.91569 0
935604.910729 1915887.80203 0
935604.815053 1915887.71313 0
935604.655396 1915887.57356 0
935604.532637 1915887.47167 0
935604.381193 1915887.35431 0
935604.095778 1915887.15185 0
935603.935215 1915887.04826 0
935603.783751 1915886.95189 0
935603.718853 1915886.91096 0
935603.490946 1915886.77201 0
935603.388466 1915886.71303 0
935603.227357 1915886.62701 0
935603.062845 1915886.54593 0
935602.958444 1915886.49742 0
935602.880378 1915886.46055 0
935602.629924 1915886.34577 0
935602.533578 1915886.30348 0
935602.353502 1915886.22704 0
935602.175503 1915886.1543 0
935602.064789 1915886.10995 0
935601.993134 1915886.08148 0
935601.764833 1915885.99195 0
935601.608775 1915885.93139 0
935601.442056 1915885.86871 0
935601.287773 1915885.81305 0
935601.1372 1915885.75722 0
935601.045618 1915885.7233 0
935600.810953 1915885.63782 0
935600.650652 1915885.58073 0
935600.577883 1915885.55517 0
935600.333114 1915885.47002 0
935600.126995 1915885.39914 0
935600.008943 1915885.35871 0
935599.819514 1915885.29396 0
935599.632499 1915885.23034 0
935599.510311 1915885.19009 0
935599.322266 1915885.13036 0
935599.135491 1915885.07334 0
935599.014598 1915885.03555 0
935598.827453 1915884.97779 0
935598.668513 1915884.93109 0
935598.402977 1915884.86367 0
935597.949808 1915884.77118 0
935597.872211 1915884.75812 0
935597.694223 1915884.73138 0
935597.54914 1915884.71309 0
935597.393681 1915884.69794 0
935597.232817 1915884.68697 0
935597.07624 1915884.67838 0
935596.875875 1915884.66837 0
935596.765169 1915884.66442 0
935596.512037 1915884.6609 0
935596.399792 1915884.66168 0
935596.274875 1915884.66409 0
935596.019023 1915884.67334 0
935595.909425 1915884.67892 0
935595.772515 1915884.68737 0
935595.521049 1915884.70864 0
935595.410523 1915884.71934 0
935595.292846 1915884.73273 0
935595.113511 1915884.75771 0
935594.975761 1915884.77969 0
935594.824502 1915884.80658 0
935594.580528 1915884.85079 0
935594.363439 1915884.89165 0
935594.202252 1915884.92461 0
935594.108625 1915884.9446 0
935593.892095 1915884.9945 0
935593.640024 1915885.05725 0
935593.427077 1915885.11685 0
935593.269283 1915885.16194 0
935593.049715 1915885.22497 0
935592.925498 1915885.26217 0
935592.721864 1915885.32557 0
935592.63694 1915885.35278 0
935592.464998 1915885.40839 0
935591.994391 1915885.57592 0
935591.713313 1915885.68496 0
935591.575712 1915885.73843 0
935591.437758 1915885.79494 0
935591.277306 1915885.86574 0
935591.140644 1915885.92922 0
935590.968363 1915886.01106 0
935590.689878 1915886.14564 0
935590.528516 1915886.23009 0
935590.274532 1915886.37458 0
935590.123049 1915886.46175 0
935589.935528 1915886.573 0
935589.707585 1915886.71351 0
935589.448957 1915886.8777 0
935589.328448 1915886.95523 0
935589.181805 1915887.05029 0
935589.038642 1915887.14333 0
935588.900065 1915887.23388 0
935588.764345 1915887.32264 0
935588.608606 1915887.42475 0
935588.48558 1915887.50517 0
935588.406058 1915887.55724 0
935588.19009 1915887.6944 0
935588.029221 1915887.79387 0
935587.86963 1915887.89214 0
935587.75884 1915887.96092 0
935587.59727 1915888.0594 0
935587.467754 1915888.13643 0
935587.314964 1915888.22529 0
935587.164331 1915888.31125 0
935587.011993 1915888.39707 0
935586.864132 1915888.47954 0
935586.707083 1915888.56662 0
935586.555513 1915888.65013 0
935586.355083 1915888.7602 0
935586.056464 1915888.92399 0
935585.771161 1915889.08019 0
935585.576597 1915889.18681 0
935585.398889 1915889.2843 0
935585.248796 1915889.36662 0
935585.095726 1915889.45047 0
935584.922948 1915889.54536 0
935584.76787 1915889.63223 0
935584.567393 1915889.74766 0
935584.449946 1915889.81536 0
935584.273429 1915889.91617 0
935584.128729 1915889.99979 0
935583.969538 1915890.09355 0
935583.893203 1915890.13895 0
935583.653631 1915890.28367 0
935583.459057 1915890.40299 0
935583.338474 1915890.47747 0
935583.146098 1915890.5967 0
935582.978417 1915890.70106 0
935582.855579 1915890.77734 0
935582.664954 1915890.89293 0
935582.530431 1915890.97598 0
935582.402432 1915891.05498 0
935582.19515 1915891.18154 0
935582.046717 1915891.27169 0
935581.829755 1915891.40224 0
935581.708429 1915891.475 0
935581.536925 1915891.5776 0
935581.379146 1915891.67175 0
935581.221377 1915891.76577 0
935581.04241 1915891.8724 0
935580.874048 1915891.97285 0
935580.718126 1915892.06556 0
935580.542708 1915892.16993 0
935580.368789 1915892.27139 0
935580.165177 1915892.38848 0
935580.039576 1915892.46154 0
935579.944765 1915892.51679 0
935579.726248 1915892.64292 0
935579.388121 1915892.8344 0
935579.209004 1915892.93419 0
935579.067039 1915893.01297 0
935578.855826 1915893.12946 0
935578.682407 1915893.22458 0
935578.559947 1915893.29171 0
935578.324696 1915893.42051 0
935578.148887 1915893.51633 0
935578.028646 1915893.58203 0
935577.797364 1915893.70796 0
935577.635128 1915893.7963 0
935577.542735 1915893.8467 0
935577.273869 1915893.99303 0
935577.084659 1915894.09608 0
935576.986873 1915894.1492 0
935576.735365 1915894.28616 0
935576.5336 1915894.39597 0
935576.387943 1915894.4753 0
935576.202868 1915894.57609 0
935576.012627 1915894.67973 0
935575.91686 1915894.73203 0
935575.667873 1915894.86757 0
935575.478535 1915894.97049 0
935575.384716 1915895.0216 0
935575.077065 1915895.18916 0
935574.951674 1915895.25636 0
935574.848621 1915895.31025 0
935574.546442 1915895.47106 0
935574.417227 1915895.53992 0
935574.306037 1915895.59905 0
935574.049733 1915895.73447 0
935573.87252 1915895.82746 0
935573.779592 1915895.87626 0
935573.499726 1915896.02241 0
935573.336928 1915896.10745 0
935573.240447 1915896.15767 0
935572.967787 1915896.29954 0
935572.875746 1915896.3475 0
935572.751487 1915896.41216 0
935572.564119 1915896.50987 0
935572.146488 1915896.72755 0
935571.810395 1915896.90307 0
935571.648203 1915896.98788 0
935571.519261 1915897.05515 0
935571.279968 1915897.18035 0
935571.106779 1915897.27083 0
935571.018282 1915897.31727 0
935570.742059 1915897.46189 0
935570.541058 1915897.56707 0
935570.466264 1915897.60628 0
935570.195452 1915897.74806 0
935569.987139 1915897.85715 0
935569.914579 1915897.89517 0
935569.645033 1915898.03624 0
935569.439502 1915898.14379 0
935569.279274 1915898.22765 0
935569.096766 1915898.32287 0
935568.894968 1915898.42828 0
935568.794697 1915898.48063 0
935568.554198 1915898.6063 0
935568.342315 1915898.71692 0
935568.253166 1915898.76359 0
935568.007638 1915898.89186 0
935567.809242 1915898.99561 0
935567.620961 1915899.09391 0
935567.453616 1915899.18144 0
935567.259931 1915899.28271 0
935567.085581 1915899.37379 0
935566.863433 1915899.48986 0
935566.724316 1915899.56247 0
935566.6311 1915899.61114 0
935566.360214 1915899.75256 0
935566.18322 1915899.84494 0
935566.095282 1915899.89077 0
935565.807282 1915900.04119 0
935565.641974 1915900.12753 0
935565.444105 1915900.23068 0
935565.266837 1915900.3233 0
935565.180281 1915900.36855 0
935564.726006 1915900.60566 0
935564.624333 1915900.65884 0
935564.431511 1915900.75951 0
935564.342223 1915900.80605 0
935564.056353 1915900.95541 0
935563.888335 1915901.04305 0
935563.785164 1915901.09694 0
935563.516777 1915901.23705 0
935563.283493 1915901.35892 0
935562.95494 1915901.5303 0
935562.74355 1915901.6408 0
935562.412183 1915901.81409 0
935562.201598 1915901.92412 0
935561.855801 1915902.10486 0
935561.689165 1915902.19191 0
935561.550761 1915902.26428 0
935561.33084 1915902.37916 0
935561.146583 1915902.47765 0
935561.061537 1915902.5239 0
935560.800798 1915902.66511 0
935560.596448 1915902.77511 0
935560.520776 1915902.81626 0
935560.264713 1915902.95645 0
935560.055173 1915903.07296 0
935559.986954 1915903.11093 0
935559.722654 1915903.25953 0
935559.53376 1915903.36648 0
935559.460251 1915903.40827 0
935559.194957 1915903.55942 0
935559.01101 1915903.66438 0
935558.9126 1915903.72078 0
935558.669845 1915903.85984 0
935558.481485 1915903.96778 0
935558.374905 1915904.02882 0
935558.177032 1915904.14234 0
935557.803725 1915904.35645 0
935557.722365 1915904.40251 0
935557.462161 1915904.548 0
935557.276433 1915904.65342 0
935557.190812 1915904.70173 0
935556.932217 1915904.84676 0
935556.754652 1915904.94535 0
935556.642847 1915905.00716 0
935556.341559 1915905.17286 0
935556.209227 1915905.2452 0
935556.125766 1915905.29074 0
935555.817724 1915905.45866 0
935555.671039 1915905.53858 0
935555.57638 1915905.59005 0
935555.266378 1915905.75866 0
935555.138833 1915905.82779 0
935555.041369 1915905.88079 0
935554.76831 1915906.02888 0
935554.60427 1915906.11793 0
935554.504158 1915906.17223 0
935554.228533 1915906.32199 0
935554.007347 1915906.43869 0
935553.866997 1915906.51115 0
935553.674514 1915906.61256 0
935553.518335 1915906.69477 0
935553.338432 1915906.78881 0
935553.140543 1915906.89111 0
935552.968295 1915906.9793 0
935552.7888 1915907.07091 0
935552.603584 1915907.16474 0
935552.434295 1915907.25005 0
935552.200448 1915907.36727 0
935552.055938 1915907.43967 0
935551.866352 1915907.53441 0
935551.775663 1915907.57959 0
935551.496037 1915907.71904 0
935551.311454 1915907.81093 0
935551.223364 1915907.85481 0
935550.962475 1915907.98454 0
935550.63168 1915908.14892 0
935550.511371 1915908.20877 0
935550.309859 1915908.30893 0
935550.127634 1915908.39952 0
935549.897911 1915908.51401 0
935549.762417 1915908.5813 0
935549.666304 1915908.6292 0
935549.399797 1915908.76165 0
935549.218306 1915908.85213 0
935549.12686 1915908.89766 0
935548.860795 1915909.02915 0
935548.694126 1915909.11181 0
935548.60946 1915909.15391 0
935548.362121 1915909.27678 0
935548.170091 1915909.37222 0
935547.855469 1915909.5288 0
935547.715112 1915909.59845 0
935547.580981 1915909.66515 0
935547.373304 1915909.76828 0
935547.214923 1915909.84716 0
935547.096046 1915909.90629 0
935546.87568 1915910.01592 0
935546.710235 1915910.09812 0
935546.587536 1915910.15914 0
935546.370725 1915910.26688 0
935546.199824 1915910.35154 0
935546.081313 1915910.41044 0
935545.851035 1915910.52467 0
935545.690238 1915910.60462 0
935545.608992 1915910.64482 0
935545.343545 1915910.77668 0
935545.151683 1915910.87187 0
935545.080433 1915910.90723 0
935544.811855 1915911.04063 0
935544.622925 1915911.13465 0
935544.552554 1915911.16953 0
935544.282701 1915911.30364 0
935544.086959 1915911.40085 0
935543.784565 1915911.55116 0
935543.318614 1915911.78296 0
935543.161382 1915911.86113 0
935542.97563 1915911.95374 0
935542.794518 1915912.04361 0
935542.574699 1915912.15313 0
935542.439636 1915912.22031 0
935542.227986 1915912.32568 0
935542.02459 1915912.42692 0
935541.891843 1915912.49303 0
935541.681141 1915912.59842 0
935541.534825 1915912.67359 0
935541.340671 1915912.77229 0
935541.158927 1915912.86399 0
935540.991432 1915912.9492 0
935540.816846 1915913.03869 0
935540.615899 1915913.14252 0
935540.445891 1915913.23087 0
935540.261246 1915913.32727 0
935540.076748 1915913.42393 0
935539.906221 1915913.51336 0
935539.683461 1915913.63064 0
935539.544107 1915913.70385 0
935539.346128 1915913.80822 0
935539.137832 1915913.91805 0
935538.999768 1915913.99079 0
935538.810721 1915914.09042 0
935538.632091 1915914.18473 0
935538.459123 1915914.27607 0
935538.275969 1915914.37263 0
935538.095718 1915914.46764 0
935537.854007 1915914.59524 0
935537.727988 1915914.6617 0
935537.529734 1915914.76631 0
935537.315214 1915914.87945 0
935537.187566 1915914.94687 0
935536.974708 1915915.0593 0
935536.811918 1915915.1452 0
935536.289862 1915915.42053 0
935536.196616 1915915.46981 0
935535.933475 1915915.60854 0
935535.73974 1915915.71067 0
935535.663906 1915915.75071 0
935535.391584 1915915.89418 0
935535.206111 1915915.99204 0
935535.096486 1915916.04973 0
935534.839857 1915916.18502 0
935534.660397 1915916.27956 0
935534.557496 1915916.33382 0
935534.228714 1915916.50739 0
935534.096104 1915916.57753 0
935533.899751 1915916.6812 0
935533.693748 1915916.79264 0
935533.556943 1915916.86857 0
935533.370389 1915916.97581 0
935533.177739 1915917.08515 0
935533.038386 1915917.16385 0
935532.841234 1915917.27629 0
935532.688854 1915917.36418 0
935532.520752 1915917.46207 0
935532.324813 1915917.57758 0
935532.170899 1915917.66886 0
935531.954964 1915917.79797 0
935531.829801 1915917.87335 0
935531.633197 1915917.99203 0
935531.474218 1915918.08835 0
935531.352596 1915918.16233 0
935531.127327 1915918.29958 0
935530.952602 1915918.40616 0
935530.778356 1915918.51274 0
935530.604905 1915918.61872 0
935530.420024 1915918.73184 0
935530.303231 1915918.80321 0
935530.078128 1915918.94108 0
935529.908714 1915919.04468 0
935529.695763 1915919.17493 0
935529.332808 1915919.39702 0
935529.128121 1915919.52215 0
935529.039798 1915919.5764 0
935528.770211 1915919.74541 0
935528.688276 1915919.7961 0
935528.525795 1915919.89676 0
935528.243295 1915920.07363 0
935528.1748 1915920.11672 0
935527.956188 1915920.25859 0
935527.752043 1915920.39716 0
935527.665125 1915920.4557 0
935527.48291 1915920.57753 0
935527.171461 1915920.78871 0
935526.993107 1915920.91549 0
935526.691587 1915921.13391 0
935526.555009 1915921.23376 0
935526.326209 1915921.41221 0
935526.250271 1915921.47446 0
935526.097202 1915921.60407 0
935525.99663 1915921.69047 0
935525.813819 1915921.84816 0
935525.6868 1915921.96367 0
935525.496972 1915922.14761 0
935525.428414 1915922.21755 0
935525.293596 1915922.36027 0
935525.123731 1915922.54331 0
935525.061646 1915922.61066 0
935524.920385 1915922.76743 0
935524.871193 1915922.82303 0
935524.698489 1915923.028 0
935524.586109 1915923.17009 0
935524.518409 1915923.25749 0
935524.36492 1915923.45568 0
935524.252587 1915923.60498 0
935524.19586 1915923.68291 0
935524.055857 1915923.88864 0
935523.960778 1915924.03674 0
935523.903218 1915924.12809 0
935523.823187 1915924.25325 0
935523.654067 1915924.52221 0
935523.589825 1915924.62724 0
935523.468317 1915924.83228 0
935523.306434 1915925.1132 0
935523.207422 1915925.28699 0
935523.139688 1915925.40893 0
935523.05044 1915925.57641 0
935522.958333 1915925.75604 0
935522.902423 1915925.87024 0
935522.813546 1915926.04797 0
935522.748209 1915926.18215 0
935522.67307 1915926.34631 0
935522.603152 1915926.50885 0
935522.534264 1915926.66787 0
935522.47015 1915926.81793 0
935522.400499 1915926.98828 0
935522.33974 1915927.1495 0
935522.30037 1915927.26066 0
935522.226781 1915927.47744 0
935522.17502 1915927.62941 0
935522.149567 1915927.70784 0
935522.075357 1915927.95903 0
935522.031555 1915928.12808 0
935521.99668 1915928.28068 0
935521.96669 1915928.42542 0
935521.935838 1915928.597 0
935521.912858 1915928.74918 0
935521.89064 1915928.93724 0
935521.880508 1915929.05399 0
935521.869655 1915929.22637 0
935521.859145 1915929.39925 0
935521.853218 1915929.52046 0
935521.849692 1915929.61901 0
935521.846333 1915929.89377 0
935521.849342 1915930.10567 0
935521.851739 1915930.18832 0
935521.859708 1915930.38224 0
935521.902244 1915931.06105 0
935521.911152 1915931.18725 0
935521.924634 1915931.37503 0
935521.935389 1915931.52311 0
935521.944902 1915931.65359 0
935521.962651 1915931.87451 0
935521.978489 1915932.04499 0
935521.989607 1915932.15524 0
935522.011819 1915932.37403 0
935522.029041 1915932.54735 0
935522.038574 1915932.63634 0
935522.070113 1915932.88628 0
935522.100878 1915933.07274 0
935522.158196 1915933.37227 0
935522.192478 1915933.55403 0
935522.208022 1915933.6347 0
935522.255117 1915933.8595 0
935522.298058 1915934.03688 0
935522.335836 1915934.18368 0
935522.376378 1915934.34321 0
935522.423083 1915934.51967 0
935522.445676 1915934.60106 0
935522.531246 1915934.87077 0
935522.571504 1915934.98453 0
935522.630728 1915935.15632 0
935522.690991 1915935.32739 0
935522.739887 1915935.4624 0
935522.79974 1915935.6237 0
935522.868024 1915935.79734 0
935522.916077 1915935.91891 0
935522.985144 1915936.09439 0
935523.055902 1915936.27051 0
935523.105104 1915936.391 0
935523.179405 1915936.57047 0
935523.235009 1915936.70339 0
935523.299008 1915936.85561 0
935523.335564 1915936.94222 0
935523.374908 1915937.03498 0
935523.550157 1915937.44742 0
935523.582787 1915937.52409 0
935523.661256 1915937.70496 0
935523.727545 1915937.85978 0
935523.797562 1915938.02283 0
935523.875773 1915938.20394 0
935523.9445 1915938.36209 0
935524.016379 1915938.52712 0
935524.09171 1915938.6994 0
935524.17084 1915938.87992 0
935524.231725 1915939.01879 0
935524.316161 1915939.21099 0
935524.400023 1915939.40025 0
935524.461568 1915939.53509 0
935524.544579 1915939.71214 0
935524.621211 1915939.87138 0
935524.717886 1915940.07549 0
935524.772734 1915940.18985 0
935524.863459 1915940.37532 0
935524.958818 1915940.56561 0
935525.020828 1915940.68716 0
935525.118781 1915940.87604 0
935525.201302 1915941.03343 0
935525.284809 1915941.1868 0
935525.37931 1915941.35549 0
935525.465936 1915941.50818 0
935525.578317 1915941.70802 0
935525.65201 1915941.83708 0
935525.748067 1915942.00274 0
935525.85746 1915942.18777 0
935525.932587 1915942.31307 0
935526.039345 1915942.48975 0
935526.150458 1915942.67225 0
935526.225188 1915942.79424 0
935526.333462 1915942.97022 0
935526.442068 1915943.14645 0
935526.52495 1915943.28066 0
935526.58033 1915943.3705 0
935526.640959 1915943.47055 0
935526.796293 1915943.73295 0
935527.028892 1915944.14984 0
935527.145593 1915944.36158 0
935527.314092 1915944.67568 0
935527.404168 1915944.84796 0
935527.565628 1915945.16353 0
935527.684581 1915945.40033 0
935527.82258 1915945.67819 0
935527.920922 1915945.87769 0
935527.985052 1915946.00831 0
935528.07661 1915946.19525 0
935528.152808 1915946.35107 0
935528.220454 1915946.48955 0
935528.32769 1915946.70945 0
935528.415741 1915946.88999 0
935528.47969 1915947.02097 0
935528.594105 1915947.25159 0
935528.676447 1915947.41569 0
935528.78705 1915947.63869 0
935528.85212 1915947.76883 0
935528.948672 1915947.96013 0
935529.04967 1915948.15844 0
935529.122144 1915948.30005 0
935529.221188 1915948.49297 0
935529.323663 1915948.69168 0
935529.388398 1915948.81694 0
935529.498117 1915949.02918 0
935529.577062 1915949.18175 0
935529.669696 1915949.36078 0
935529.868281 1915949.74406 0
935530.118804 1915950.22738 0
935530.232932 1915950.44763 0
935530.298969 1915950.57522 0
935530.406358 1915950.78243 0
935530.441914 1915950.85121 0
935530.585307 1915951.12781 0
935530.680769 1915951.31201 0
935530.738647 1915951.42361 0
935530.87146 1915951.67991 0
935530.963878 1915951.85845 0
935531.017162 1915951.96119 0
935531.17249 1915952.26105 0
935531.240421 1915952.39197 0
935531.291258 1915952.49016 0
935531.45396 1915952.7977 0
935531.527706 1915952.93737 0
935531.578068 1915953.03324 0
935531.71329 1915953.28921 0
935531.808113 1915953.46693 0
935531.916624 1915953.66915 0
935532.003512 1915953.82966 0
935532.099561 1915954.0063 0
935532.150689 1915954.10022 0
935532.298476 1915954.37079 0
935532.398961 1915954.55446 0
935532.450532 1915954.64863 0
935532.591317 1915954.90518 0
935532.71262 1915955.12603 0
935532.899968 1915955.46715 0
935532.996752 1915955.64319 0
935533.055677 1915955.75042 0
935533.189743 1915955.99441 0
935533.281634 1915956.16159 0
935533.402655 1915956.38146 0
935533.476829 1915956.51639 0
935533.530117 1915956.61339 0
935533.707741 1915956.93618 0
935533.778898 1915957.06544 0
935533.888261 1915957.26414 0
935533.940446 1915957.35893 0
935534.102085 1915957.65242 0
935534.176467 1915957.78662 0
935534.229606 1915957.88081 0
935534.37459 1915958.13169 0
935534.480631 1915958.30886 0
935534.540644 1915958.40683 0
935534.69189 1915958.65719 0
935534.788744 1915958.81457 0
935534.855262 1915958.91886 0
935535.013527 1915959.15787 0
935535.123349 1915959.31618 0
935535.175501 1915959.38949 0
935535.345547 1915959.61917 0
935535.488566 1915959.79961 0
935535.702742 1915960.06452 0
935535.816719 1915960.20142 0
935535.898879 1915960.29778 0
935536.053404 1915960.47364 0
935536.192813 1915960.62742 0
935536.304435 1915960.74805 0
935536.44595 1915960.89819 0
935536.585189 1915961.0433 0
935536.70064 1915961.16021 0
935536.850651 1915961.30817 0
935536.997343 1915961.44901 0
935537.107599 1915961.55119 0
935537.257623 1915961.68402 0
935537.402081 1915961.80676 0
935537.460504 1915961.85515 0
935537.66466 1915962.01703 0
935537.804936 1915962.1214 0
935537.899449 1915962.18855 0
935538.006774 1915962.26176 0
935538.34302 1915962.48858 0
935538.609648 1915962.65694 0
935538.715921 1915962.72074 0
935538.937099 1915962.84689 0
935539.041632 1915962.90237 0
935539.226506 1915962.99487 0
935539.3941 1915963.07184 0
935539.51242 1915963.12375 0
935539.675888 1915963.192 0
935539.819387 1915963.2487 0
935539.963102 1915963.30138 0
935540.118537 1915963.35705 0
935540.27729 1915963.41424 0
935540.468682 1915963.47987 0
935540.589108 1915963.519 0
935540.762283 1915963.57117 0
935540.94546 1915963.61959 0
935541.063072 1915963.64794 0
935541.240622 1915963.68431 0
935541.385571 1915963.71016 0
935541.525583 1915963.73227 0
935541.695132 1915963.75473 0
935541.848566 1915963.77046 0
935541.989138 1915963.78087 0
935542.157533 1915963.78744 0
935542.297398 1915963.79295 0
935542.484296 1915963.79872 0
935542.607793 1915963.80019 0
935542.785781 1915963.79838 0
935542.964242 1915963.79279 0
935543.082053 1915963.78721 0
935543.262122 1915963.77579 0
935543.401397 1915963.76481 0
935543.55487 1915963.75065 0
935543.72638 1915963.73165 0
935544.008479 1915963.69414 0
935544.194739 1915963.66195 0
935544.36396 1915963.63241 0
935544.50478 1915963.6078 0
935544.65758 1915963.57947 0
935544.818002 1915963.54808 0
935544.969632 1915963.51693 0
935545.179667 1915963.47193 0
935545.288302 1915963.44778 0
935545.376801 1915963.42686 0
935545.638625 1915963.35986 0
935545.754069 1915963.32679 0
935545.833235 1915963.30339 0
935546.049865 1915963.23471 0
935546.187768 1915963.18625 0
935546.262991 1915963.15815 0
935546.471582 1915963.07298 0
935546.595552 1915963.01674 0
935546.666415 1915962.98247 0
935546.866646 1915962.88302 0
935547.033327 1915962.79828 0
935547.283699 1915962.6613 0
935547.425312 1915962.57849 0
935547.672324 1915962.42535 0
935547.827321 1915962.32493 0
935548.072058 1915962.16151 0
935548.19256 1915962.08007 0
935548.294451 1915962.01103 0
935548.468896 1915961.89249 0
935548.596529 1915961.80579 0
935548.669931 1915961.75583 0
935548.870365 1915961.61952 0
935548.944032 1915961.56943 0
935549.027727 1915961.51267 0
935549.188192 1915961.40356 0
935549.443002 1915961.23052 0
935549.629306 1915961.10412 0
935549.775706 1915961.00467 0
935549.851935 1915960.95291 0
935550.065261 1915960.80851 0
935550.211359 1915960.71003 0
935550.284791 1915960.66153 0
935550.508349 1915960.51863 0
935550.654399 1915960.42795 0
935550.731465 1915960.37902 0
935550.943885 1915960.24461 0
935551.128383 1915960.13063 0
935551.402146 1915959.96461 0
935551.58517 1915959.85488 0
935551.862005 1915959.69013 0
935552.038255 1915959.58577 0
935552.33829 1915959.41004 0
935552.47873 1915959.33075 0
935552.586011 1915959.27095 0
935552.785359 1915959.15842 0
935552.940639 1915959.07106 0
935553.015221 1915959.02966 0
935553.256582 1915958.89815 0
935553.435573 1915958.8025 0
935553.741246 1915958.64163 0
935553.907548 1915958.55494 0
935554.000355 1915958.50674 0
935554.270895 1915958.36654 0
935554.401392 1915958.29905 0
935554.483033 1915958.2569 0
935554.732185 1915958.12832 0
935554.857292 1915958.0638 0
935555.202794 1915957.88561 0
935555.403127 1915957.78213 0
935555.59127 1915957.68529 0
935555.752552 1915957.60206 0
935555.841673 1915957.556 0
935556.01398 1915957.46721 0
935556.113626 1915957.41583 0
935556.372185 1915957.28251 0
935556.632972 1915957.1479 0
935556.900182 1915957.01009 0
935557.057167 1915956.92898 0
935557.245098 1915956.83201 0
935557.425213 1915956.73907 0
935557.640779 1915956.62778 0
935557.974108 1915956.45563 0
935558.136028 1915956.37204 0
935558.267151 1915956.30431 0
935558.49785 1915956.18508 0
935558.671886 1915956.09522 0
935558.909614 1915955.97256 0
935559.028669 1915955.91099 0
935559.23328 1915955.80538 0
935559.443303 1915955.69693 0
935559.581682 1915955.62566 0
935559.777161 1915955.52478 0
935559.989719 1915955.41515 0
935560.120581 1915955.34754 0
935560.329047 1915955.24004 0
935560.485061 1915955.15953 0
935560.660671 1915955.06884 0
935560.851544 1915954.97058 0
935561.035161 1915954.87586 0
935561.203642 1915954.78884 0
935561.306226 1915954.73591 0
935561.403998 1915954.6856 0
935561.731971 1915954.51641 0
935561.85653 1915954.45237 0
935562.056678 1915954.34901 0
935562.163131 1915954.29407 0
935562.473219 1915954.13424 0
935562.606031 1915954.06581 0
935562.810064 1915953.96031 0
935563.004772 1915953.85979 0
935563.149305 1915953.7852 0
935563.364486 1915953.6739 0
935563.511245 1915953.59801 0
935563.692301 1915953.50435 0
935563.798193 1915953.44965 0
935564.063499 1915953.31242 0
935564.247739 1915953.21734 0
935564.446202 1915953.11469 0
935564.618592 1915953.02577 0
935564.796487 1915952.93377 0
935564.99406 1915952.83171 0
935565.158533 1915952.74682 0
935565.39738 1915952.62333 0
935565.540476 1915952.54945 0
935565.733311 1915952.44987 0
935565.945806 1915952.33987 0
935566.080498 1915952.27025 0
935566.279505 1915952.16724 0
935566.491805 1915952.05748 0
935566.629938 1915951.98608 0
935566.820055 1915951.88769 0
935567.055666 1915951.76597 0
935567.193864 1915951.69458 0
935567.39639 1915951.58991 0
935567.547055 1915951.512 0
935567.74058 1915951.41219 0
935567.845507 1915951.35796 0
935568.124751 1915951.21375 0
935568.253062 1915951.14757 0
935568.434849 1915951.0538 0
935568.893325 1915950.81676 0
935569.074902 1915950.72299 0
935569.27025 1915950.62199 0
935569.489812 1915950.50856 0
935569.626945 1915950.43776 0
935569.841464 1915950.32682 0
935570.02967 1915950.22961 0
935570.176991 1915950.15336 0
935570.383033 1915950.04679 0
935570.580876 1915949.94449 0
935570.726098 1915949.86881 0
935570.9133 1915949.76927 0
935571.129386 1915949.65164 0
935571.253227 1915949.58234 0
935571.461205 1915949.46116 0
935571.601535 1915949.37625 0
935571.76627 1915949.27318 0
935571.939731 1915949.16025 0
935572.104322 1915949.05254 0
935572.254283 1915948.95265 0
935572.431232 1915948.83086 0
935572.569468 1915948.7325 0
935572.768934 1915948.58702 0
935572.893023 1915948.4927 0
935573.047516 1915948.36909 0
935573.182927 1915948.25677 0
935573.322036 1915948.13804 0
935573.471298 1915948.00568 0
935573.603125 1915947.88537 0
935573.733872 1915947.76676 0
935573.881594 1915947.6301 0
935574.007408 1915947.51018 0
935574.173659 1915947.34734 0
935574.266787 1915947.25412 0
935574.342235 1915947.17758 0
935574.610027 1915946.89188 0
935574.87655 1915946.58284 0
935575.030525 1915946.39088 0
935575.119066 1915946.27745 0
935575.231898 1915946.13451 0
935575.34052 1915945.99516 0
935575.477109 1915945.81501 0
935575.556145 1915945.70814 0
935575.710151 1915945.49092 0
935575.756352 1915945.42283 0
935575.838042 1915945.29867 0
935575.953562 1915945.11269 0
935576.039769 1915944.96677 0
935576.120217 1915944.82453 0
935576.202308 1915944.67146 0
935576.277902 1915944.52073 0
935576.341612 1915944.38494 0
935576.411736 1915944.2235 0
935576.470249 1915944.07518 0
935576.533742 1915943.8968 0
935576.572969 1915943.77453 0
935576.618628 1915943.61222 0
935576.682707 1915943.32829 0
935576.711362 1915943.15607 0
935576.742217 1915942.87271 0
935576.750112 1915942.71431 0
935576.75447 1915942.44444 0
935576.754801 1915942.2797 0
935576.753507 1915942.1934 0
935576.745963 1915941.98632 0
935576.735201 1915941.8153 0
935576.728504 1915941.73038 0
935576.703418 1915941.4764 0
935576.638488 1915940.96014 0
935576.622536 1915940.84103 0
935576.586344 1915940.57552 0
935576.542527 1915940.27841 0
935576.514676 1915940.11029 0
935576.498093 1915940.01533 0
935576.457607 1915939.80858 0
935576.417755 1915939.63637 0
935576.397812 1915939.55685 0
935576.332454 1915939.32066 0
935576.299966 1915939.21605 0
935576.272782 1915939.13385 0
935576.200052 1915938.93428 0
935576.144629 1915938.79965 0
935576.114574 1915938.73132 0
935576.025883 1915938.54101 0
935575.946177 1915938.37329 0
935575.818774 1915938.12525 0
935575.739238 1915937.98195 0
935575.590298 1915937.73259 0
935575.517944 1915937.61856 0
935575.457892 1915937.52572 0
935575.347622 1915937.35715 0
935575.262674 1915937.22852 0
935575.195586 1915937.12752 0
935575.084803 1915936.96101 0
935574.998826 1915936.83091 0
935574.933692 1915936.72981 0
935574.826568 1915936.55885 0
935574.754943 1915936.43873 0
935574.650303 1915936.26147 0
935574.508888 1915936.02431 0
935574.318794 1915935.68827 0
935574.233273 1915935.53108 0
935574.198585 1915935.46683 0
935574.068322 1915935.22313 0
935574.016842 1915935.12603 0
935573.971745 1915935.04075 0
935573.857965 1915934.8249 0
935573.782703 1915934.68117 0
935573.74808 1915934.61497 0
935573.629118 1915934.38757 0
935573.533271 1915934.2041 0
935573.386181 1915933.92341 0
935573.317145 1915933.79613 0
935573.252723 1915933.68015 0
935573.149716 1915933.49584 0
935573.069833 1915933.35106 0
935573.009301 1915933.24259 0
935572.944669 1915933.12807 0
935572.811553 1915932.8952 0
935572.764305 1915932.81305 0
935572.649105 1915932.61414 0
935572.562903 1915932.46597 0
935572.515209 1915932.38431 0
935572.435765 1915932.24771 0
935572.293757 1915931.99554 0
935572.162623 1915931.75244 0
935572.061031 1915931.56278 0
935572.012701 1915931.47195 0
935571.902683 1915931.26056 0
935571.862712 1915931.18194 0
935571.773879 1915931.00322 0
935571.673274 1915930.79612 0
935571.593479 1915930.62938 0
935571.550376 1915930.53864 0
935571.447714 1915930.3215 0
935571.363829 1915930.14285 0
935571.226696 1915929.84975 0
935571.13258 1915929.648 0
935571.044824 1915929.45978 0
935570.98107 1915929.32282 0
935570.906096 1915929.16189 0
935570.817508 1915928.97183 0
935570.744871 1915928.81569 0
935570.664465 1915928.64308 0
935570.579533 1915928.46076 0
935570.536858 1915928.36917 0
935570.424565 1915928.12808 0
935570.343364 1915927.95363 0
935570.296055 1915927.85391 0
935570.177668 1915927.6109 0
935570.094184 1915927.4419 0
935570.050704 1915927.35249 0
935569.910324 1915927.06715 0
935569.845635 1915926.93848 0
935569.80179 1915926.85236 0
935569.648334 1915926.5562 0
935569.58528 1915926.43646 0
935569.538544 1915926.34822 0
935569.401112 1915926.09075 0
935569.316278 1915925.93283 0
935569.265988 1915925.83953 0
935569.128201 1915925.5845 0
935569.012534 1915925.37106 0
935568.945239 1915925.24698 0
935568.836056 1915925.04573 0
935568.757806 1915924.90159 0
935568.686994 1915924.77111 0
935568.563518 1915924.54363 0
935568.472454 1915924.37598 0
935568.400791 1915924.24403 0
935568.280305 1915924.02209 0
935568.185519 1915923.84742 0
935568.120734 1915923.72814 0
935567.807456 1915923.15145 0
935567.74064 1915923.02848 0
935567.626429 1915922.81836 0
935567.537221 1915922.6544 0
935567.468625 1915922.52823 0
935567.345497 1915922.30161 0
935567.248629 1915922.12337 0
935567.131525 1915921.90796 0
935567.052707 1915921.76308 0
935566.945589 1915921.566 0
935566.837894 1915921.36782 0
935566.761971 1915921.22823 0
935566.652898 1915921.02771 0
935566.571954 1915920.87889 0
935566.470269 1915920.69179 0
935566.369902 1915920.50739 0
935566.31418 1915920.40485 0
935566.178094 1915920.1546 0
935566.074839 1915919.96479 0
935566.015513 1915919.85573 0
935565.853315 1915919.55747 0
935565.776447 1915919.41616 0
935565.674689 1915919.22906 0
935565.558021 1915919.01475 0
935565.486429 1915918.88291 0
935565.436663 1915918.79145 0
935565.285772 1915918.51388 0
935565.192703 1915918.34278 0
935565.092773 1915918.159 0
935564.989819 1915917.96968 0
935564.897101 1915917.79931 0
935564.847828 1915917.70872 0
935564.694534 1915917.42659 0
935564.575951 1915917.20846 0
935564.506644 1915917.08094 0
935564.446617 1915916.9704 0
935564.388165 1915916.86294 0
935564.142681 1915916.41155 0
935564.036686 1915916.21657 0
935563.945161 1915916.04818 0
935563.823626 1915915.82452 0
935563.75437 1915915.69712 0
935563.639859 1915915.48626 0
935563.530157 1915915.28426 0
935563.456066 1915915.14775 0
935563.340745 1915914.93554 0
935563.229296 1915914.73022 0
935563.162799 1915914.60774 0
935563.049611 1915914.39935 0
935562.937769 1915914.19329 0
935562.86608 1915914.06134 0
935562.758762 1915913.86365 0
935562.630225 1915913.62706 0
935562.453968 1915913.30247 0
935562.332542 1915913.07893 0
935562.148832 1915912.74067 0
935562.043612 1915912.5468 0
935561.861558 1915912.21162 0
935561.767547 1915912.03867 0
935561.698167 1915911.9109 0
935561.572844 1915911.68035 0
935561.460212 1915911.47294 0
935561.403123 1915911.36781 0
935561.277469 1915911.13652 0
935561.18219 1915910.95928 0
935561.138629 1915910.87622 0
935560.99034 1915910.59734 0
935560.880845 1915910.39218 0
935560.702357 1915910.0551 0
935560.601689 1915909.8635 0
935560.560071 1915909.78388 0
935560.484327 1915909.63881 0
935560.362552 1915909.40501 0
935560.15849 1915909.01188 0
935559.920583 1915908.55232 0
935559.866453 1915908.44773 0
935559.732792 1915908.18934 0
935559.639566 1915908.00896 0
935559.584349 1915907.90216 0
935559.453396 1915907.64906 0
935559.351345 1915907.45183 0
935559.299454 1915907.35155 0
935559.167493 1915907.09636 0
935559.068041 1915906.90404 0
935559.015946 1915906.8034 0
935558.860077 1915906.50182 0
935558.786155 1915906.35897 0
935558.686541 1915906.16629 0
935558.572084 1915905.94506 0
935558.502961 1915905.81143 0
935558.404513 1915905.62096 0
935558.318947 1915905.45559 0
935558.226227 1915905.2762 0
935558.124227 1915905.07909 0
935558.033083 1915904.90301 0
935557.937625 1915904.71857 0
935557.843248 1915904.53622 0
935557.749259 1915904.35437 0
935557.659437 1915904.18075 0
935557.558379 1915903.98536 0
935557.465722 1915903.80634 0
935557.347183 1915903.57723 0
935557.279168 1915903.4457 0
935557.171284 1915903.23727 0
935557.060765 1915903.02379 0
935556.995454 1915902.89754 0
935556.889891 1915902.69378 0
935556.778385 1915902.47834 0
935556.709013 1915902.34434 0
935556.600868 1915902.13554 0
935556.51368 1915901.96709 0
935556.445379 1915901.83507 0
935556.183136 1915901.3285 0
935556.127296 1915901.22059 0
935556.043665 1915901.05916 0
935555.9072 1915900.7956 0
935555.863974 1915900.71205 0
935555.764038 1915900.51924 0
935555.667246 1915900.33234 0
935555.574927 1915900.15417 0
935555.482064 1915899.9749 0
935555.383681 1915899.78492 0
935555.284869 1915899.59433 0
935555.197963 1915899.42662 0
935555.094424 1915899.22655 0
935555.003501 1915899.05097 0
935554.885875 1915898.82371 0
935554.815898 1915898.6886 0
935554.706818 1915898.47795 0
935554.620775 1915898.31185 0
935554.532093 1915898.14069 0
935554.432468 1915897.94825 0
935554.339793 1915897.76935 0
935554.223492 1915897.54492 0
935554.153142 1915897.40908 0
935554.043017 1915897.19646 0
935553.936157 1915896.99011 0
935553.867924 1915896.85833 0
935553.757573 1915896.64534 0
935553.652504 1915896.44245 0
935553.580254 1915896.30304 0
935553.476054 1915896.10186 0
935553.391288 1915895.93821 0
935553.298644 1915895.75931 0
935553.199015 1915895.56687 0
935553.105434 1915895.38624 0
935553.011348 1915895.20451 0
935552.910175 1915895.00911 0
935552.821034 1915894.8371 0
935552.704599 1915894.61218 0
935552.389444 1915894.00324 0
935552.325089 1915893.87896 0
935552.213157 1915893.66278 0
935552.127622 1915893.49753 0
935552.06236 1915893.37153 0
935551.937293 1915893.12988 0
935551.842624 1915892.94691 0
935551.779492 1915892.8251 0
935551.655454 1915892.58566 0
935551.560413 1915892.40232 0
935551.445037 1915892.17937 0
935551.375991 1915892.04599 0
935551.26793 1915891.83719 0
935551.162754 1915891.63404 0
935551.086355 1915891.48627 0
935550.984637 1915891.28989 0
935550.899993 1915891.12674 0
935550.807633 1915890.94869 0
935550.702398 1915890.74591 0
935550.612706 1915890.57328 0
935550.517335 1915890.39006 0
935550.419583 1915890.20241 0
935550.325815 1915890.02226 0
935550.235356 1915889.8484 0
935550.131205 1915889.64795 0
935550.041252 1915889.47422 0
935549.919061 1915889.23712 0
935549.849534 1915889.10227 0
935549.749202 1915888.90799 0
935549.639347 1915888.6955 0
935549.564433 1915888.55068 0
935549.466024 1915888.36045 0
935549.356982 1915888.1498 0
935549.280874 1915888.00265 0
935549.181113 1915887.81008 0
935549.094634 1915887.64287 0
935548.999166 1915887.45843 0
935548.943435 1915887.35064 0
935548.695224 1915886.87078 0
935548.657271 1915886.79732 0
935548.41063 1915886.32041 0
935548.331385 1915886.1671 0
935548.224081 1915885.95941 0
935548.134115 1915885.78543 0
935548.019394 1915885.56359 0
935547.948197 1915885.4259 0
935547.838448 1915885.21365 0
935547.754657 1915885.05161 0
935547.652709 1915884.8545 0
935547.564728 1915884.68433 0
935547.471637 1915884.50444 0
935547.354413 1915884.2778 0
935547.278343 1915884.13076 0
935547.177704 1915883.93623 0
935547.072128 1915883.73223 0
935546.995183 1915883.58347 0
935546.896575 1915883.39275 0
935546.851172 1915883.30515 0
935546.710945 1915883.03396 0
935546.616139 1915882.85063 0
935546.499949 1915882.62596 0
935546.427424 1915882.48569 0
935546.316168 1915882.27061 0
935546.241279 1915882.12567 0
935546.141587 1915881.93298 0
935546.043593 1915881.74362 0
935545.950639 1915881.5641 0
935545.861787 1915881.39258 0
935545.755735 1915881.18771 0
935545.66794 1915881.01828 0
935545.557037 1915880.80406 0
935545.478815 1915880.65309 0
935545.37205 1915880.44699 0
935545.267911 1915880.24606 0
935545.186237 1915880.08832 0
935545.141407 1915880.00182 0
935545.094371 1915879.91101 0
935544.982453 1915879.69507 0
935544.789662 1915879.32311 0
935544.698558 1915879.14728 0
935544.638452 1915879.03137 0
935544.505462 1915878.7747 0
935544.404053 1915878.57918 0
935544.362672 1915878.49933 0
935544.223034 1915878.22998 0
935544.121705 1915878.03447 0
935544.069928 1915877.93468 0
935543.942704 1915877.6892 0
935543.834529 1915877.48052 0
935543.788329 1915877.39144 0
935543.63174 1915877.08936 0
935543.561232 1915876.9534 0
935543.508976 1915876.85275 0
935543.342189 1915876.53099 0
935543.274806 1915876.40117 0
935543.223947 1915876.30311 0
935543.059902 1915875.98688 0
935542.990894 1915875.85387 0
935542.936914 1915875.74977 0
935542.799568 1915875.48486 0
935542.697549 1915875.28787 0
935542.65798 1915875.21158 0
935542.511524 1915874.92882 0
935542.417513 1915874.74733 0
935542.368586 1915874.65296 0
935542.226833 1915874.37931 0
935542.116371 1915874.16608 0
935541.933344 1915873.81282 0
935541.848215 1915873.64843 0
935541.776631 1915873.51013 0
935541.655163 1915873.27561 0
935541.563581 1915873.0988 0
935541.514625 1915873.00418 0
935541.375721 1915872.73582 0
935541.27077 1915872.5328 0
935541.100014 1915872.2028 0
935541.041897 1915872.09034 0
935540.928892 1915871.87207 0
935540.883014 1915871.78335 0
935540.726564 1915871.48104 0
935540.660174 1915871.3527 0
935540.604662 1915871.24541 0
935540.443027 1915870.93301 0
935540.371164 1915870.79409 0
935540.316771 1915870.68901 0
935540.179109 1915870.42299 0
935540.086328 1915870.2436 0
935540.040224 1915870.15452 0
935539.892775 1915869.86967 0
935539.80535 1915869.70086 0
935539.752832 1915869.59947 0
935539.60944 1915869.3225 0
935539.488805 1915869.08946 0
935539.320511 1915868.76438 0
935539.207562 1915868.54622 0
935539.03463 1915868.21216 0
935538.94755 1915868.04396 0
935538.876086 1915867.90591 0
935538.752917 1915867.66794 0
935538.661247 1915867.491 0
935538.600405 1915867.3735 0
935538.473723 1915867.12877 0
935538.377116 1915866.94211 0
935538.331156 1915866.85352 0
935538.184191 1915866.56954 0
935538.087302 1915866.38251 0
935538.04675 1915866.30413 0
935537.908998 1915866.03811 0
935537.804737 1915865.83669 0
935537.751929 1915865.73481 0
935537.621075 1915865.48232 0
935537.52035 1915865.28792 0
935537.46618 1915865.18333 0
935537.360916 1915864.98006 0
935537.175192 1915864.62139 0
935536.936483 1915864.16047 0
935536.884226 1915864.05945 0
935536.740219 1915863.78137 0
935536.624986 1915863.55867 0
935536.498172 1915863.31381 0
935536.453044 1915863.22657 0
935536.342066 1915863.01236 0
935536.271014 1915862.87516 0
935536.162413 1915862.66574 0
935536.07763 1915862.50234 0
935535.985257 1915862.32405 0
935535.883202 1915862.12693 0
935535.79374 1915861.95418 0
935535.647652 1915861.67216 0
935535.55131 1915861.48612 0
935535.500802 1915861.38855 0
935535.41682 1915861.22638 0
935535.321098 1915861.04144 0
935535.224412 1915860.85491 0
935535.060218 1915860.53783 0
935534.933873 1915860.29383 0
935534.846296 1915860.12465 0
935534.730131 1915859.90034 0
935534.656169 1915859.75749 0
935534.5535 1915859.5589 0
935534.439302 1915859.33828 0
935534.370965 1915859.20613 0
935534.270446 1915859.01185 0
935534.178658 1915858.83455 0
935534.088026 1915858.65933 0
935533.994883 1915858.47932 0
935533.896988 1915858.29008 0
935533.784926 1915858.07353 0
935533.708633 1915857.926 0
935533.656789 1915857.82585 0
935533.603728 1915857.72335 0
935533.416041 1915857.36062 0
935533.190347 1915856.92431 0
935533.099668 1915856.7491 0
935533.008284 1915856.57241 0
935532.917351 1915856.39683 0
935532.805039 1915856.17954 0
935532.72987 1915856.03313 0
935532.641348 1915855.86015 0
935532.542245 1915855.66759 0
935532.474301 1915855.53594 0
935532.428477 1915855.44723 0
935532.30877 1915855.21591 0
935532.228232 1915855.06063 0
935532.151642 1915854.91297 0
935532.075452 1915854.76606 0
935531.985733 1915854.59281 0
935531.926034 1915854.47752 0
935531.849786 1915854.33024 0
935531.768573 1915854.17336 0
935531.719923 1915854.07948 0
935531.643896 1915853.93232 0
935531.568604 1915853.78676 0
935531.522981 1915853.69878 0
935531.453942 1915853.56541 0
935531.399085 1915853.45934 0
935531.337812 1915853.34085 0
935531.278253 1915853.22569 0
935531.225078 1915853.12282 0
935531.184636 1915853.04481 0
935531.117533 1915852.91537 0
935531.07232 1915852.82838 0
935531.023659 1915852.7351 0
935530.963798 1915852.62103 0
935530.924915 1915852.5478 0
