111.118293762	1268.3026123	-0.43791615963
111.289649963	1268.57714844	-0.444793581963
111.453720093	1268.83496094	-0.442378401756
111.635192871	1269.11987305	-0.439345002174
111.800064087	1269.37927246	-0.436937510967
111.963485718	1269.63757324	-0.434722185135
112.142829895	1269.92126465	-0.432426452637
112.344802856	1270.24060059	-0.42967197299
112.508911133	1270.49914551	-0.428372293711
112.671943665	1270.75549316	-0.427181005478
112.876190186	1271.07714844	-0.425937712193
113.07334137	1271.38757324	-0.426176726818
113.28263855	1271.71679688	-0.42645406723
113.46546936	1272.00476074	-0.426517307758
113.692443848	1272.36230469	-0.426870286465
113.887771606	1272.67016602	-0.427175402641
114.082923889	1272.98510742	-0.425282239914
114.28213501	1273.30993652	-0.42181879282
114.479499817	1273.64160156	-0.421885550022
114.680633545	1273.98706055	-0.423844128847
114.901046753	1274.36791992	-0.426498770714
115.124534607	1274.75512695	-0.426774650812
115.341018677	1275.12939453	-0.427615195513
115.552261353	1275.49438477	-0.429089486599
115.792961121	1275.90991211	-0.431401252747
116.032432556	1276.33398438	-0.431033760309
116.174949646	1276.59912109	-0.427926033735
116.392440796	1277.01135254	-0.427049100399
116.60774231	1277.44226074	-0.429851412773
116.836448669	1277.91040039	-0.434198409319
117.036682129	1278.32336426	-0.437209665775
117.176177979	1278.61218262	-0.437835872173
117.353515625	1278.97937012	-0.43645375967
117.498321533	1279.27905273	-0.43524441123
117.744819641	1279.78894043	-0.433306187391
117.964904785	1280.2442627	-0.431632816792
118.129646301	1280.58459473	-0.43036416173
118.369338989	1281.07946777	-0.428497225046
118.54359436	1281.43859863	-0.427014052868
118.704650879	1281.77062988	-0.425512671471
118.923484802	1282.22094727	-0.423362880945
119.078079224	1282.5390625	-0.42182123661
119.254333496	1282.9017334	-0.41989544034
119.445068359	1283.29382324	-0.418046176434
119.706741333	1283.8314209	-0.415759772062
119.860626221	1284.14758301	-0.414480745792
120.032730103	1284.50097656	-0.413130044937
120.173408508	1284.78979492	-0.412138789892
120.305000305	1285.05993652	-0.411274313927
120.479736328	1285.41870117	-0.410248756409
120.662689209	1285.79443359	-0.409380108118
120.846717834	1286.17199707	-0.409019976854
121.016616821	1286.52050781	-0.409108042717
121.176475525	1286.84838867	-0.409400701523
121.336784363	1287.17724609	-0.409944146872
121.526481628	1287.56616211	-0.41100397706
121.696792603	1287.91540527	-0.411663353443
121.865196228	1288.26086426	-0.411869257689
122.002655029	1288.54272461	-0.411884605885
122.15586853	1288.85717773	-0.411907851696
122.427116394	1289.41296387	-0.412301659584
122.691513062	1289.95471191	-0.413704931736
122.950340271	1290.48522949	-0.415024131536
123.13949585	1290.87304688	-0.415609955788
123.280815125	1291.16259766	-0.415865063667
123.434829712	1291.47827148	-0.415710508823
123.658805847	1291.93798828	-0.414676368237
123.870437622	1292.37207031	-0.413054764271
124.055145264	1292.75158691	-0.410897672176
124.284667969	1293.22314453	-0.407436490059
124.452651978	1293.5682373	-0.404749631882
124.653541565	1293.98083496	-0.401723265648
124.85332489	1294.39086914	-0.398907929659
125.015716553	1294.72412109	-0.396767675877
125.198661804	1295.09936523	-0.39445567131
125.388618469	1295.48950195	-0.392026156187
125.572875977	1295.86804199	-0.38971310854
125.745117188	1296.22180176	-0.387634068727
125.980613708	1296.70532227	-0.385043442249
126.205154419	1297.18261719	-0.381438732147
126.338760376	1297.48217773	-0.378242492676
126.513870239	1297.86962891	-0.376426398754
126.668380737	1298.2220459	-0.376595973969
126.814788818	1298.58312988	-0.375878572464
126.959144592	1298.97424316	-0.373745381832
127.084243774	1299.31689453	-0.37359982729
127.225494385	1299.72595215	-0.375211387873
127.416404724	1300.31555176	-0.377914905548
127.522354126	1300.65661621	-0.37849983573
127.643058777	1301.0291748	-0.376456439495
127.761703491	1301.38439941	-0.372188717127
127.872833252	1301.71496582	-0.368597924709
127.990036011	1302.04541016	-0.365885645151
128.149047852	1302.47338867	-0.363668233156
128.29006958	1302.84118652	-0.362736076117
128.442550659	1303.23144531	-0.36207485199
128.671356201	1303.81201172	-0.361259102821
128.78578186	1304.10131836	-0.360660254955
128.983352661	1304.60009766	-0.359146595001
129.119232178	1304.94287109	-0.357822537422
129.268737793	1305.32006836	-0.356145918369
129.41986084	1305.70141602	-0.35428404808
129.541534424	1306.00842285	-0.35269844532
129.659011841	1306.3046875	-0.351120442152
129.967926025	1307.08422852	-0.347106069326
130.115203857	1307.45581055	-0.345378905535
130.241882324	1307.77563477	-0.344019472599
130.431030273	1308.25292969	-0.34218904376
130.542373657	1308.53381348	-0.341182738543
130.66696167	1308.84802246	-0.340175449848
130.890167236	1309.4107666	-0.338675200939
131.037750244	1309.7824707	-0.337848246098
131.207260132	1310.20935059	-0.336701542139
131.345794678	1310.55786133	-0.335577815771
131.490570068	1310.92211914	-0.334287166595
131.651153564	1311.32641602	-0.332891881466
131.891235352	1311.9317627	-0.330982267857
132.027816772	1312.27636719	-0.329949885607
132.172531128	1312.64135742	-0.328985929489
132.39730835	1313.20812988	-0.327660471201
132.514816284	1313.50415039	-0.326925754547
132.656158447	1313.87463379	-0.325039207935
132.808883667	1314.27770996	-0.322459667921
132.926712036	1314.58984375	-0.321477025747
133.098968506	1315.05358887	-0.321268320084
133.217712402	1315.37719727	-0.321565926075
133.377029419	1315.81408691	-0.321903586388
133.520019531	1316.20776367	-0.321811079979
133.681365967	1316.65307617	-0.32100430131
133.937164307	1317.40795898	-0.315514683723
134.057754517	1317.77600098	-0.312903106213
134.180053711	1318.16064453	-0.312351793051
134.313674927	1318.59545898	-0.313435792923
134.451690674	1319.05651855	-0.315427154303
134.567092896	1319.44750977	-0.316978782415
134.684448242	1319.84790039	-0.319299519062
134.807617188	1320.26940918	-0.322052001953
134.920608521	1320.65686035	-0.324266344309
135.044647217	1321.08288574	-0.325962275267
135.150985718	1321.44799805	-0.326800078154
135.26385498	1321.8359375	-0.327127248049
135.45854187	1322.50500488	-0.327254116535
135.617156982	1323.0501709	-0.327298432589
135.709075928	1323.36621094	-0.32735902071
135.801818848	1323.68554688	-0.327220231295
135.918746948	1324.08789062	-0.326655954123
136.044219971	1324.5201416	-0.325775593519
136.217071533	1325.11523438	-0.324619263411
136.387695312	1325.703125	-0.323681414127
136.551208496	1326.26635742	-0.322481304407
136.6378479	1326.56469727	-0.321590602398
136.768203735	1327.01342773	-0.320231437683
136.981445312	1327.74633789	-0.317997276783
137.08895874	1328.11816406	-0.316870689392
137.208099365	1328.53271484	-0.315021127462
137.376022339	1329.12121582	-0.312676906586
137.545333862	1329.72094727	-0.310698062181
137.677062988	1330.18945312	-0.309445559978
137.794799805	1330.60827637	-0.308539032936
137.884536743	1330.92749023	-0.307897597551
138.035629272	1331.48449707	-0.305813103914
138.108322144	1331.7824707	-0.30328553915
138.220016479	1332.23193359	-0.301379442215
138.307846069	1332.60009766	-0.301922112703
138.388977051	1332.95288086	-0.303428322077
138.493530273	1333.421875	-0.305937767029
138.576446533	1333.80151367	-0.307773649693
138.643432617	1334.11279297	-0.308790117502
138.741363525	1334.62890625	-0.307019710541
138.815093994	1335.03344727	-0.304640471935
138.916473389	1335.61450195	-0.303887367249
139.007614136	1336.17822266	-0.304163128138
139.10093689	1336.78210449	-0.30365177989
139.188476562	1337.36132812	-0.301249533892
139.243453979	1337.74890137	-0.297988861799
139.339797974	1338.46105957	-0.289645701647
139.391891479	1338.87670898	-0.286387145519
139.436859131	1339.25671387	-0.284423947334
139.474365234	1339.63525391	-0.282270073891
139.502410889	1340.03833008	-0.279059410095
139.525375366	1340.34680176	-0.278092801571
139.556854248	1340.82177734	-0.279614180326
139.579864502	1341.2520752	-0.282351970673
139.604644775	1341.81787109	-0.285289168358
139.616836548	1342.13305664	-0.285849392414
139.628631592	1342.45397949	-0.285529077053
139.644363403	1342.89892578	-0.283825337887
139.657119751	1343.26635742	-0.281652718782
139.671325684	1343.67565918	-0.278831660748
139.684005737	1344.04003906	-0.276246994734
139.70085144	1344.52172852	-0.272997707129
139.713150024	1344.87097168	-0.270909547806
139.726623535	1345.25341797	-0.268744975328
139.738571167	1345.59399414	-0.266890227795
139.754943848	1346.06298828	-0.264246821404
139.769210815	1346.47460938	-0.261644631624
139.779830933	1346.78198242	-0.258536100388
139.795806885	1347.2668457	-0.249246656895
139.807327271	1347.63769531	-0.240532800555
139.823394775	1348.14160156	-0.225016385317
139.835678101	1348.56311035	-0.208917632699
139.841705322	1348.94726562	-0.200303316116
139.84664917	1349.2565918	-0.197075977921
