15.654258728 1115.00927734 0
15.6958560944 1115.07678223 0
15.7379989624 1115.14990234 0
15.7786064148 1115.22265625 0
15.8211784363 1115.2980957 0
15.8574199677 1115.37011719 0
15.8990049362 1115.45324707 0
15.9484615326 1115.53588867 0
15.9860334396 1115.61499023 0
16.0213279724 1115.69482422 0
16.0534915924 1115.76171875 0
16.0968494415 1115.84802246 0
16.1218719482 1115.91503906 0
16.1522407532 1115.99780273 0
16.1844520569 1116.08825684 0
16.228509903 1116.21386719 0
16.2634620667 1116.30847168 0
16.2929420471 1116.39440918 0
16.3263931274 1116.49182129 0
16.3637619019 1116.58605957 0
16.3988742828 1116.67797852 0
16.4324092865 1116.79467773 0
16.4607429504 1116.8951416 0
16.4937591553 1116.99584961 0
16.523311615 1117.09924316 0
16.5460968018 1117.21069336 0
16.5751304626 1117.34240723 0
16.5994243622 1117.44714355 0
16.6156291962 1117.55957031 0
16.6258525848 1117.63476562 0
16.6425361633 1117.74926758 0
16.6627368927 1117.86523438 0
16.6705722809 1117.94226074 0
16.686624527 1118.14672852 0
16.69490242 1118.2277832 0
16.7030506134 1118.34899902 0
16.710105896 1118.47753906 0
16.7163772583 1118.61291504 0
16.7194194794 1118.69628906 0
16.7272605896 1118.83325195 0
16.7348384857 1118.92248535 0
16.737121582 1119.05664062 0
16.7359828949 1119.20605469 0
16.7350006104 1119.29223633 0
16.7354755402 1119.39819336 0
16.7380084991 1119.51135254 0
16.7390346527 1119.5892334 0
16.7303924561 1119.73718262 0
16.7215156555 1119.82299805 0
16.7100372314 1119.97375488 0
16.7017421722 1120.07128906 0
16.6793956757 1120.20788574 0
16.663143158 1120.27905273 0
16.6439781189 1120.35498047 0
16.6205539703 1120.44812012 0
16.5948638916 1120.55004883 0
16.5604553223 1120.65539551 0
16.5301246643 1120.73876953 0
16.4855728149 1120.85559082 0
16.4573936462 1120.92724609 0
16.3976745605 1121.07580566 0
16.3650989532 1121.1529541 0
16.3129730225 1121.2689209 0
16.2793579102 1121.34326172 0
16.2460365295 1121.41833496 0
16.2017784119 1121.52624512 0
16.1726436615 1121.60375977 0
16.1474189758 1121.68078613 0
16.1130809784 1121.81054688 0
16.096321106 1121.89477539 0
16.080324173 1122.01074219 0
16.0723800659 1122.12927246 0
16.0728549957 1122.25061035 0
16.0775661469 1122.32861328 0
16.0892066956 1122.43347168 0
16.1015968323 1122.51037598 0
16.1216125488 1122.6060791 0
16.1458034515 1122.69750977 0
16.1737060547 1122.77587891 0
16.2043838501 1122.84277344 0
16.1703109741 1122.76855469 0
16.133102417 1122.68908691 0
16.1025390625 1122.62329102 0
16.0654449463 1122.54492188 0
16.0294895172 1122.48132324 0
15.9984836578 1122.41638184 0
15.9629402161 1122.34619141 0
15.9130001068 1122.24902344 0
15.8271484375 1122.0814209 0
15.7888126373 1122.00683594 0
15.742515564 1121.91760254 0
15.6982431412 1121.83276367 0
15.638917923 1121.71972656 0
15.5949745178 1121.63635254 0
15.5494480133 1121.54980469 0
15.5044250488 1121.46435547 0
15.4712114334 1121.40270996 0
