955607.614376 1956882.08175 9
955607.447394 1956882.21578 9
955607.245226 1956882.37219 9
955607.069418 1956882.50627 9
955606.902376 1956882.62921 9
955606.74422 1956882.7632 9
955606.568293 1956882.87509 9
955606.383718 1956883.02031 9
955606.216736 1956883.15435 9
955606.014628 1956883.32185 9
955605.847646 1956883.45589 9
955605.663011 1956883.59001 9
955605.469492 1956883.7131 9
955605.267324 1956883.86951 9
955605.056271 1956884.01487 9
955604.836392 1956884.16028 9
955604.625517 1956884.33893 9
955604.405698 1956884.49544 9
955604.177052 1956884.65199 9
955603.930932 1956884.84192 9
955603.702465 1956885.03176 9
955603.456108 1956885.17732 9
955603.289185 1956885.32244 9
955603.122144 1956885.44538 9
955602.946395 1956885.59056 9
955602.770646 1956885.73573 9
955602.524348 1956885.89238 9
955602.313474 1956886.07103 9
955602.10248 1956886.22749 9
955601.900194 1956886.36171 9
955601.724445 1956886.50689 9
955601.548756 1956886.66316 9
955601.364122 1956886.79729 9
955601.179369 1956886.90922 9
955600.994735 1956887.04335 9
955600.827753 1956887.17739 9
955600.651885 1956887.30037 9
955600.476077 1956887.43445 9
955600.291503 1956887.57968 9
955600.106809 1956887.70271 9
955599.93112 1956887.85898 9
955599.720067 1956888.00434 9
955599.517781 1956888.13857 9
955599.306788 1956888.29503 9
955599.095735 1956888.44039 9
955598.902275 1956888.57457 9
955598.682396 1956888.71998 9
955598.497762 1956888.85411 9
955598.277942 1956889.01061 9
955598.084542 1956889.15588 9
955597.891141 1956889.30115 9
955597.697681 1956889.43533 9
955597.504221 1956889.5695 9
955597.302113 1956889.73701 9
955597.108593 1956889.86009 9
955596.906426 1956890.0165 9
955596.721911 1956890.17282 9
955596.519803 1956890.34033 9
955596.317636 1956890.49674 9
955596.11541 1956890.64206 9
955595.904416 1956890.79852 9
955595.693364 1956890.94388 9
955595.473663 1956891.12258 9
955595.253844 1956891.27908 9
955595.051617 1956891.4244 9
955594.822912 1956891.56986 9
955594.620686 1956891.71518 9
955594.392159 1956891.89392 9
955594.17234 1956892.05043 9
955593.961288 1956892.19579 9
955593.785658 1956892.36316 9
955593.627443 1956892.48605 9
955593.820843 1956892.34078 9
955594.040544 1956892.16208 9
955594.216411 1956892.0391 9
955594.409812 1956891.89383 9
955594.585798 1956891.79303 9
955594.752839 1956891.67009 9
955594.937295 1956891.50268 9
955595.130695 1956891.35741 9
955595.377052 1956891.21185 9
955595.605579 1956891.03311 9
955595.842931 1956890.85432 9
955596.106643 1956890.6532 9
955596.370414 1956890.46317 9
955596.651719 1956890.25086 9
955596.924257 1956890.04969 9
955597.187969 1956889.84857 9
955597.460507 1956889.6474 9
955597.680148 1956889.45761 9
955597.943919 1956889.26759 9
955598.20775 1956889.08865 9
955598.436217 1956888.89882 9
955598.708814 1956888.70874 9
955598.981412 1956888.51867 9
955599.236417 1956888.33978 9
955599.491422 1956888.1609 9
955599.746308 1956887.95982 9
955600.018905 1956887.76975 9
955600.256139 1956887.56877 9
955600.519732 1956887.34546 9
955600.783504 1956887.15543 9
955601.047156 1956886.94322 9
955601.292978 1956886.69781 9
955601.574224 1956886.47441 9
955601.864414 1956886.27314 9
955602.163371 1956886.06074 9
955602.453561 1956885.85948 9
955602.743811 1956885.66931 9
955603.033942 1956885.45695 9
955603.297773 1956885.27802 9
955603.526122 1956885.06599 9
955603.745822 1956884.8873 9
955603.97429 1956884.69746 9
955604.167572 1956884.53 9
955604.378506 1956884.36245 9
955604.571788 1956884.19499 9
955604.765248 1956884.06081 9
955604.93229 1956883.93787 9
955605.12575 1956883.8037 9
955605.336625 1956883.62505 9
955605.574216 1956883.49064 9
955605.75885 1956883.35651 9
955605.95231 1956883.22233 9
955606.119352 1956883.09939 9
955606.29522 1956882.97641 9
955606.453376 1956882.84242 9
