935658.43399 1916135.435 3
935658.471168 1916135.65661 3
935658.508601 1916135.9115 3
935658.536995 1916136.14427 3
935658.574428 1916136.39916 3
935658.603247 1916136.6874 3
935658.641021 1916136.98667 3
935658.66933 1916137.20835 3
935658.697553 1916137.41893 3
935658.717078 1916137.65177 3
935658.754426 1916137.89556 3
935658.78299 1916138.15052 3
935658.811639 1916138.41657 3
935658.840288 1916138.68263 3
935658.869021 1916138.95977 3
935658.89767 1916139.22583 3
935658.935359 1916139.514 3
935658.946438 1916139.80237 3
935658.984212 1916140.10164 3
935659.013116 1916140.40098 3
935659.033235 1916140.71147 3
935659.062224 1916141.0219 3
935659.100082 1916141.33226 3
935659.138026 1916141.65372 3
935659.184924 1916141.9862 3
935659.222952 1916142.31875 3
935659.252026 1916142.64027 3
935659.298924 1916142.97275 3
935659.337122 1916143.32749 3
935659.384105 1916143.67106 3
935659.422304 1916144.0258 3
935659.478241 1916144.3804 3
935659.516439 1916144.73514 3
935659.545853 1916145.10103 3
935659.593091 1916145.47789 3
935659.640244 1916145.84365 3
935659.659513 1916146.04321 3
935659.706836 1916146.43116 3
935659.754074 1916146.80802 3
935659.773343 1916147.00757 3
935659.820581 1916147.38443 3
935659.839851 1916147.58399 3
935659.85912 1916147.78354 3
935659.897573 1916148.17156 3
935659.916842 1916148.37112 3
935659.944981 1916148.57061 3
935659.964335 1916148.78126 3
935660.002959 1916149.19147 3
935660.031097 1916149.39095 3
935660.069551 1916149.77897 3
935660.09922 1916150.17815 3
935660.137673 1916150.56617 3
935660.167172 1916150.94316 3
935660.187801 1916151.32023 3
935660.190437 1916151.66414 3
935660.192987 1916151.99696 3
935660.204237 1916152.30753 3
935660.188878 1916152.61829 3
935660.191173 1916152.91783 3
935660.184599 1916153.21744 3
935660.178109 1916153.52814 3
935660.162666 1916153.82781 3
935660.156091 1916154.12742 3
935660.140563 1916154.416 3
935660.125034 1916154.70458 3
935660.118289 1916154.982 3
935660.111375 1916155.23723 3
935660.095506 1916155.48143 3
935660.079552 1916155.71454 3
935660.063344 1916155.91437 3
935660.047135 1916156.1142 3
935660.031521 1916156.39169 3
935660.015567 1916156.6248 3
935659.999443 1916156.83572 3
935659.983489 1916157.06883 3
935659.990744 1916156.85798 3
935660.015567 1916156.6248 3
935660.04005 1916156.34724 3
935660.04688 1916156.08092 3
935660.062919 1916155.8589 3
935660.070003 1916155.62586 3
935660.076492 1916155.31516 3
935660.091681 1916154.9822 3
935660.089131 1916154.64938 3
935660.095535 1916154.32759 3
935660.102024 1916154.01689 3
935660.090859 1916153.71742 3
935660.098114 1916153.50656 3
