935551.925714 1915893.17867 4
935551.826699 1915892.99082 4
935551.718899 1915892.81413 4
935551.593019 1915892.5932 4
935551.467054 1915892.36118 4
935551.341089 1915892.12916 4
935551.215039 1915891.88604 4
935551.089073 1915891.65402 4
935550.963108 1915891.422 4
935550.828188 1915891.17895 4
935550.711093 1915890.94686 4
935550.585127 1915890.71484 4
935550.450122 1915890.4607 4
935550.306332 1915890.21772 4
935550.180197 1915889.96351 4
935550.054061 1915889.7093 4
935549.91897 1915889.44407 4
935549.77501 1915889.1789 4
935549.63992 1915888.91367 4
935549.495874 1915888.63741 4
935549.360784 1915888.37217 4
935549.225693 1915888.10694 4
935549.081648 1915887.83067 4
935548.955427 1915887.56537 4
935548.820421 1915887.31123 4
935548.676546 1915887.05716 4
935548.550496 1915886.81404 4
935548.44227 1915886.58188 4
935548.31639 1915886.36096 4
935548.199635 1915886.17324 4
935548.020451 1915885.94163 4
935547.859432 1915885.76535 4
935547.689458 1915885.57805 4
935547.528865 1915885.45724 4
935547.716238 1915885.60003 4
935547.51104 1915885.44628 4
935547.296717 1915885.25932 4
935547.03779 1915885.03941 4
935546.734258 1915884.78656 4
935546.573495 1915884.64357 4
935546.403862 1915884.50064 4
935546.126769 1915884.2254 4
935545.966006 1915884.0824 4
935545.724222 1915883.7847 4
935545.581198 1915883.64157 4
935545.357154 1915883.34373 4
935545.159804 1915883.05678 4
935545.042538 1915882.80251 4
935544.916062 1915882.50392 4
935544.834104 1915882.22718 4
935544.769887 1915881.95031 4
935544.714624 1915881.68446 4
935544.659873 1915881.48518 4
935544.605121 1915881.28589 4
935544.50568 1915881.04257 4
935544.415534 1915880.85466 4
935544.316519 1915880.66681 4
935544.190809 1915880.46807 4
935544.074139 1915880.29145 4
935543.939559 1915880.09278 4
935543.822974 1915879.92725 4
935543.697349 1915879.73961 4
935543.598419 1915879.56285 4
935543.724384 1915879.79487 4
935543.868175 1915880.03785 4
935543.967275 1915880.2368 4
935544.066461 1915880.44683 4
935544.183557 1915880.67892 4
935544.300653 1915880.91101 4
935544.408878 1915881.14317 4
935544.517104 1915881.37533 4
935544.616375 1915881.59646 4
935544.706606 1915881.79547 4
935544.805792 1915882.00551 4
935544.896108 1915882.21561 4
935545.022499 1915882.5031 4
935545.139595 1915882.73519 4
935545.24765 1915882.94516 4
935545.347177 1915883.19958 4
935545.428538 1915883.39866 4
935545.536593 1915883.60863 4
935545.653774 1915883.85181 4
935545.744005 1915884.05082 4
935545.870311 1915884.32722 4
935545.969582 1915884.54835 4
935546.086848 1915884.80263 4
935546.221939 1915885.06786 4
935546.3572 1915885.35528 4
935546.48325 1915885.5984 4
935546.61817 1915885.84145 4
935546.75292 1915886.06231 4
935546.878801 1915886.28323 4
935546.995726 1915886.49313 4
935547.103611 1915886.68092 4
935547.211411 1915886.8576 4
935547.346502 1915887.12284 4
935547.463597 1915887.35493 4
935547.562698 1915887.55387 4
935547.661628 1915887.73063 4
935547.760643 1915887.91848 4
935547.868699 1915888.12845 4
