935537.024485 1915867.87516 4
935536.889565 1915867.63211 4
935536.799419 1915867.44419 4
935536.708847 1915867.2008 4
935536.635674 1915866.9129 4
935536.598406 1915866.6802 4
935536.569838 1915866.42524 4
935536.568049 1915866.19227 4
935536.584086 1915865.97025 4
935536.608992 1915865.74817 4
935536.651468 1915865.50376 4
935536.694113 1915865.28154 4
935536.727975 1915865.07048 4
935536.76141 1915864.80395 4
935536.768066 1915864.51544 4
935536.775062 1915864.2713 4
935536.808156 1915863.9604 4
935536.841166 1915863.6384 4
935536.874431 1915863.34968 4
935536.925606 1915863.08302 4
935536.959127 1915862.82758 4
935537.001687 1915862.59427 4
935537.026594 1915862.37218 4
935537.05167 1915862.17229 4
935537.067281 1915861.8948 4
935537.065407 1915861.65073 4
935537.046135 1915861.45118 4
935537.026521 1915861.20724 4
935536.998294 1915860.99666 4
935536.978936 1915860.78601 4
935536.941924 1915860.58659 4
935536.904571 1915860.3428 4
935536.849563 1915860.11023 4
935536.794641 1915859.88876 4
