955446.608898 1956981.40209 9
955446.768899 1956981.61203 9
955446.893358 1956981.77779 9
955447.026821 1956981.97678 9
955447.177937 1956982.17568 9
955447.338057 1956982.40781 9
955447.507063 1956982.65099 9
955447.693661 1956982.88298 9
955447.809413 1956983.07097 9
955447.951523 1956983.23663 9
955448.076101 1956983.42457 9
955448.218331 1956983.61242 9
955448.36062 1956983.81136 9
955448.511735 1956984.01026 9
955448.662851 1956984.20915 9
955448.822851 1956984.4191 9
955448.991738 1956984.64009 9
955449.151798 1956984.86112 9
955449.338397 1956985.09311 9
955449.525054 1956985.3362 9
955449.702886 1956985.57933 9
955449.889484 1956985.81132 9
955450.05843 1956986.0434 9
955450.236083 1956986.25325 9
955450.387258 1956986.46324 9
955450.529487 1956986.65109 9
955450.671657 1956986.82785 9
955450.804942 1956986.99355 9
955450.947111 1956987.17031 9
955451.080396 1956987.33601 9
955451.222685 1956987.53496 9
955451.382626 1956987.7338 9
955451.53386 1956987.95489 9
955451.702747 1956988.17588 9
955451.871633 1956988.39687 9
955452.058231 1956988.62886 9
955452.227237 1956988.87204 9
955452.405009 1956989.10408 9
955452.573835 1956989.31397 9
955452.804981 1956989.62339 9
955452.956096 1956989.82228 9
955453.08944 1956989.99908 9
955453.320585 1956990.3085 9
955453.480645 1956990.52954 9
955453.649591 1956990.76162 9
955453.809651 1956990.98266 9
955453.969771 1956991.21479 9
955454.129891 1956991.44692 9
955454.289951 1956991.66796 9
955454.449952 1956991.8779 9
955454.627903 1956992.14322 9
955454.841396 1956992.45273 9
955455.045825 1956992.71791 9
955455.161457 1956992.88371 9
955455.339229 1956993.11575 9
955455.525826 1956993.34774 9
955455.67718 1956993.59102 9
955455.837121 1956993.78986 9
955455.97929 1956993.96662 9
955456.103808 1956994.14347 9
955456.254863 1956994.33127 9
955456.397093 1956994.51912 9
955456.52161 1956994.69597 9
955456.654894 1956994.86167 9
955456.797124 1956995.04952 9
955456.921582 1956995.21528 9
955457.054866 1956995.38098 9
955457.197095 1956995.56883 9
955457.330319 1956995.72345 9
955457.463663 1956995.90025 9
955457.605833 1956996.077 9
955457.739057 1956996.23161 9
955457.881346 1956996.43056 9
955458.059058 1956996.6515 9
955458.218939 1956996.83925 9
955458.37894 1956997.0492 9
955458.529995 1956997.237 9
955458.672224 1956997.42485 9
955458.814393 1956997.6016 9
955458.956623 1956997.78945 9
955459.125449 1956997.99935 9
955459.294275 1956998.20924 9
955459.463161 1956998.43023 9
955459.640992 1956998.67336 9
955459.827709 1956998.92754 9
955460.023252 1956999.18167 9
955460.218854 1956999.4469 9
955460.423402 1956999.73427 9
955460.619123 1957000.02168 9
955460.832497 1957000.309 9
955461.037044 1957000.59637 9
955461.250477 1957000.89479 9
955461.366109 1957001.06059 9
955461.579542 1957001.359 9
955461.810747 1957001.67951 9
955462.033065 1957001.98898 9
955462.255384 1957002.29844 9
955462.371016 1957002.46424 9
955462.60222 1957002.78475 9
955462.726678 1957002.9505 9
955462.966708 1957003.27097 9
955463.091166 1957003.43672 9
955463.215624 1957003.60248 9
955463.348907 1957003.76818 9
955463.473365 1957003.93394 9
955463.588997 1957004.09974 9
955463.731107 1957004.2654 9
955463.855624 1957004.44225 9
955464.10448 1957004.76266 9
955464.237764 1957004.92837 9
955464.48656 1957005.23769 9
955464.726471 1957005.53596 9
955464.877347 1957005.69048 9
955465.028103 1957005.82281 9
955465.196631 1957005.97723 9
955465.391518 1957006.10932 9
955465.577519 1957006.23037 9
955465.807649 1957006.35118 9
955466.046546 1957006.46084 9
955466.276378 1957006.52617 9
955466.532748 1957006.60246 9
955466.824243 1957006.64527 9
955467.04513 1957006.68847 9
955467.336446 1957006.698 9
955467.645235 1957006.67415 9
955467.892123 1957006.62844 9
955468.165548 1957006.59369 9
955468.465213 1957006.51441 9
955468.729455 1957006.41314 9
955468.98487 1957006.31191 9
955469.266526 1957006.16616 9
955469.50417 1957006.04284 9
955469.777178 1957005.93042 9
955470.032415 1957005.79591 9
955470.27006 1957005.67259 9
955470.516531 1957005.54922 9
955470.727697 1957005.42604 9
955470.956516 1957005.30277 9
955471.185335 1957005.1795 9
955471.370024 1957005.05646 9
955471.607669 1957004.93314 9
955471.792298 1957004.79901 9
955472.152791 1957004.54189 9
955472.328654 1957004.4189 9
955472.495691 1957004.29596 9
955472.680261 1957004.15073 9
955472.978972 1957003.89394 9
955473.137064 1957003.74886 9
955473.435775 1957003.49207 9
955473.585041 1957003.34704 9
955473.743252 1957003.22414 9
955473.883692 1957003.07915 9
955474.208881 1957002.82222 9
955474.367032 1957002.68824 9
955474.498587 1957002.5322 9
955474.665505 1957002.38707 9
955474.814712 1957002.23094 9
955475.06005 1957001.89677 9
955475.182659 1957001.7186 9
955475.392693 1957001.38462 9
955475.602906 1957001.08393 9
955475.795468 1957000.78333 9
955475.979441 1957000.52716 9
955476.1104 1957000.26018 9
955476.232711 1957000.02653 9
955476.310893 1956999.79311 9
955476.380248 1956999.55975 9
955476.432071 1956999.34867 9
955476.466302 1956999.14877 9
955476.482583 1956998.8935 9
955476.499102 1956998.68261 9
955476.49791 1956998.46072 9
955476.487891 1956998.23888 9
955476.451395 1956998.01717 9
955476.406192 1956997.81771 9
955476.352163 1956997.61829 9
955476.280423 1956997.40787 9
955476.182085 1956997.17541 9
955476.05727 1956996.94309 9
955475.932574 1956996.73295 9
955475.790345 1956996.5451 9
955475.657002 1956996.3683 9
955475.487937 1956996.11403 9
955475.319171 1956995.91523 9
955475.132455 1956995.66105 9
955474.910256 1956995.37377 9
955474.652693 1956995.07559 9
955474.510584 1956994.90994 9
955474.359648 1956994.74432 9
955474.199886 1956994.57876 9
955474.04901 1956994.42424 9
955473.889308 1956994.26977 9
955473.738432 1956994.11525 9
955473.587676 1956993.98292 9
955473.428033 1956993.83955 9
955473.144231 1956993.58589 9
955472.984708 1956993.4647 9
955472.701085 1956993.24433 9
955472.399929 1956993.04624 9
955472.107659 1956992.8592 9
955471.788911 1956992.6723 9
955471.426033 1956992.48563 9
955471.222499 1956992.38687 9
955471.010259 1956992.31035 9
955470.789133 1956992.22278 9
955470.576892 1956992.14625 9
955470.364711 1956992.08082 9
955470.143645 1956992.00435 9
955469.931583 1956991.96111 9
955469.719462 1956991.90677 9
955469.498515 1956991.85249 9
955469.286513 1956991.82034 9
955469.074451 1956991.7771 9
955468.853564 1956991.73391 9
955468.650388 1956991.70172 9
955468.438445 1956991.68067 9
955468.23521 1956991.63738 9
955468.032093 1956991.61628 9
955467.811265 1956991.58418 9
955467.599264 1956991.55204 9
955467.378495 1956991.53103 9
955467.175319 1956991.49884 9
955466.954491 1956991.46674 9
955466.56591 1956991.42445 9
955466.353908 1956991.39231 9
955466.141906 1956991.36016 9
955465.753206 1956991.29568 9
955465.346735 1956991.20911 9
955465.134554 1956991.14368 9
955464.931318 1956991.10039 9
955464.701426 1956991.02396 9
955464.498131 1956990.96958 9
955464.303482 1956990.88187 9
955464.100127 1956990.81639 9
955463.896772 1956990.75091 9
955463.675706 1956990.67444 9
955463.330718 1956990.53206 9
955463.109652 1956990.45558 9
955462.764783 1956990.33539 9
955462.543717 1956990.25892 9
955462.181136 1956990.12773 9
955461.977781 1956990.06225 9
955461.615261 1956989.94216 9
955461.420672 1956989.86554 9
955461.226143 1956989.80001 9
955461.031614 1956989.73449 9
955460.82814 1956989.64682 9
955460.430196 1956989.50473 9
955460.209189 1956989.43935 9
955460.023367 1956989.35159 9
955459.837604 1956989.27492 9
955459.625364 1956989.1984 9
955459.262664 1956989.04502 9
955459.059249 1956988.96845 9
955458.722968 1956988.80383 9
955458.528379 1956988.72721 9
955458.200864 1956988.55146 9
955457.864583 1956988.38684 9
955457.510531 1956988.20013 9
955457.200667 1956988.02428 9
955457.023611 1956987.92538 9
955456.722515 1956987.73838 9
955456.43907 1956987.55129 9
955456.137913 1956987.3532 9
955455.845583 1956987.15507 9
955455.570904 1956986.95683 9
955455.313937 1956986.7696 9
955455.048084 1956986.57132 9
955454.80865 1956986.36181 9
955454.551444 1956986.1302 9
955454.311891 1956985.89849 9
955454.089929 1956985.6556 9
955453.859022 1956985.39056 9
955453.663599 1956985.15862 9
955453.468175 1956984.92668 9
955453.281577 1956984.69469 9
955453.121576 1956984.48474 9
955452.961396 1956984.24152 9
955452.801336 1956984.02048 9
955452.641216 1956983.78835 9
955452.498807 1956983.56721 9
955452.347573 1956983.34613 9
955452.205224 1956983.13609 9
955452.045223 1956982.92615 9
955451.885282 1956982.7273 9
955451.716634 1956982.55069 9
955451.539339 1956982.40741 9
955451.362044 1956982.26413 9
955451.184928 1956982.15413 9
955450.936966 1956982.00014 9
955450.689361 1956981.91271 9
955450.468235 1956981.82514 9
955450.247168 1956981.74866 9
955450.043992 1956981.71647 9
955449.7878 1956981.67347 9
955449.478771 1956981.65294 9
955449.231585 1956981.64317 9
955448.97581 1956981.67783 9
955448.702444 1956981.72368 9
955448.464381 1956981.76934 9
955448.208845 1956981.84838 9
955448.006325 1956981.93823 9
955447.812691 1956982.03912 9
955447.619056 1956982.14002 9
955447.443193 1956982.26301 9
955447.214613 1956982.43066 9
955447.021336 1956982.59812 9
955446.845771 1956982.77659 9
955446.696684 1956982.95491 9
955446.56519 1956983.12204 9
955446.425048 1956983.3225 9
955446.284787 1956983.50077 9
955446.44258 1956983.30022 9
955446.556423 1956983.13318 9
955446.678973 1956982.94391 9
955446.775044 1956982.75478 9
955446.86223 1956982.5546 9
955446.78393 1956982.76582 9
955446.670684 1956983.04381 9
955446.610095 1956983.26603 9
955446.549447 1956983.47716 9
955446.497565 1956983.67715 9
955446.437155 1956983.93265 9
955446.385333 1956984.14374 9
955446.33363 1956984.37701 9
955446.273399 1956984.6658 9
955446.239467 1956984.92116 9
955446.223486 1956985.23191 9
955446.251873 1956985.58679 9
955446.279424 1956985.78635 9
955446.333454 1956985.98577 9
955446.369832 1956986.18528 9
955446.441513 1956986.3846 9
955446.522081 1956986.59497 9
955446.691683 1956986.9491 9
955446.807375 1956987.126 9
955447.020749 1956987.41332 9
955447.269308 1956987.67826 9
955447.517807 1956987.9321 9
955447.739709 1956988.1639 9
955447.952726 1956988.38466 9
955448.121612 1956988.60565 9
955448.281494 1956988.7934 9
955448.423723 1956988.98125 9
955448.272668 1956988.79345 9
955448.139443 1956988.63884 9
955447.988268 1956988.42884 9
955447.801551 1956988.17467 9
955447.605709 1956987.86506 9
955447.38327 1956987.53341 9
955447.267578 1956987.35651 9
955447.151826 1956987.16852 9
955446.938273 1956986.84792 9
955446.831407 1956986.67098 9
955446.662043 1956986.36123 9
955446.474968 1956986.04048 9
955446.296957 1956985.76407 9
955446.136598 1956985.48756 9
955445.976359 1956985.23324 9
955445.825064 1956985.00106 9
955445.682715 1956984.79102 9
955445.549192 1956984.58093 9
955445.406962 1956984.39308 9
955445.220305 1956984.15 9
955445.042711 1956983.95125 9
955444.891656 1956983.76345 9
955444.723008 1956983.58683 9
955444.572012 1956983.41013 9
955444.438787 1956983.25552 9
