955444.385354 1956983.16704 9
955444.545355 1956983.37699 9
955444.669873 1956983.55384 9
955444.856411 1956983.77473 9
955444.963278 1956983.95167 9
955445.158702 1956984.18362 9
955445.28322 1956984.36047 9
955445.416564 1956984.53727 9
955445.549968 1956984.72516 9
955445.692078 1956984.89082 9
955445.834308 1956985.07867 9
955445.967771 1956985.27766 9
955446.118887 1956985.47656 9
955446.278828 1956985.67541 9
955446.421117 1956985.87435 9
955446.590004 1956986.09534 9
955446.750124 1956986.32747 9
955446.91901 1956986.54846 9
955447.087957 1956986.78055 9
955447.248077 1956987.01268 9
955447.417023 1956987.24476 9
955447.577024 1956987.4547 9
955447.754796 1956987.68674 9
955447.914916 1956987.91887 9
955448.083862 1956988.15096 9
955448.252808 1956988.38304 9
955448.43058 1956988.61508 9
955448.590641 1956988.83612 9
955448.768473 1956989.07925 9
955448.946304 1956989.32238 9
955449.132962 1956989.56547 9
955449.310794 1956989.8086 9
955449.488745 1956990.07392 9
955449.684228 1956990.31695 9
955449.862119 1956990.57118 9
955450.048896 1956990.83645 9
955450.253325 1956991.10163 9
955450.431157 1956991.34476 9
955450.617874 1956991.59894 9
955450.795765 1956991.85317 9
955450.982482 1956992.10735 9
955451.1692 1956992.36153 9
955451.355857 1956992.60461 9
955451.533689 1956992.84774 9
955451.711461 1956993.07978 9
955451.889232 1956993.31182 9
955452.058178 1956993.5439 9
955452.218239 1956993.76494 9
955452.387065 1956993.97484 9
955452.547066 1956994.18478 9
955452.707126 1956994.40582 9
955452.840529 1956994.59371 9
955452.982699 1956994.77047 9
955453.107217 1956994.94732 9
955453.240501 1956995.11302 9
955453.382671 1956995.28978 9
955453.498363 1956995.46667 9
955453.68502 1956995.70976 9
955453.862732 1956995.9307 9
955454.031678 1956996.16279 9
955454.200564 1956996.38378 9
955454.387162 1956996.61577 9
955454.564874 1956996.83671 9
955454.715989 1956997.0356 9
955454.858218 1956997.22345 9
955454.991562 1956997.40025 9
