935585.064357 1915945.10263 4
935584.860694 1915945.14857 4
935584.67511 1915945.23875 4
935584.454388 1915945.37358 4
935584.260105 1915945.48601 4
935584.048082 1915945.59859 4
935583.827275 1915945.72232 4
935583.597598 1915945.84613 4
935583.403314 1915945.95856 4
935583.129374 1915946.0938 4
935582.926306 1915946.2174 4
935582.749677 1915946.31861 4
935582.52887 1915946.44234 4
935582.334502 1915946.54368 4
935582.113694 1915946.66742 4
935581.875233 1915946.80239 4
935581.645471 1915946.91509 4
935581.398054 1915947.03903 4
935581.159593 1915947.174 4
935580.903477 1915947.3202 4
935580.638406 1915947.45536 4
935580.373335 1915947.59053 4
935580.09061 1915947.73693 4
935579.7991 1915947.8945 4
935579.516545 1915948.06308 4
935579.21608 1915948.20962 4
935578.94231 1915948.36704 4
935578.659415 1915948.49126 4
935578.350336 1915948.67114 4
935578.041087 1915948.82884 4
935577.758362 1915948.97524 4
935577.475637 1915949.12164 4
935577.201866 1915949.27907 4
935576.928096 1915949.43649 4
935576.645456 1915949.59398 4
935576.344992 1915949.74052 4
935576.150539 1915949.83077 4
935575.912077 1915949.96574 4
935575.611783 1915950.13446 4
935575.355582 1915950.26956 4
935575.011194 1915950.47191 4
935574.755079 1915950.6181 4
935574.43713 1915950.79806 4
935574.136751 1915950.95569 4
935573.845241 1915951.11325 4
935573.536162 1915951.29313 4
935573.218129 1915951.462 4
935572.91792 1915951.64181 4
935572.591017 1915951.81074 4
935572.273068 1915951.9907 4
935571.95512 1915952.17065 4
935571.645956 1915952.33944 4
935571.328007 1915952.5194 4
935571.009889 1915952.67716 4
935570.70081 1915952.85705 4
935570.409301 1915953.01461 4
935570.117791 1915953.17217 4
935569.861676 1915953.31837 4
935569.614345 1915953.4534 4
935569.384668 1915953.57721 4
935569.163861 1915953.70094 4
935568.943054 1915953.82468 4
935568.748771 1915953.93711 4
935568.563358 1915954.04948 4
935568.36899 1915954.15083 4
935568.121659 1915954.28586 4
935568.315857 1915954.16233 4
935568.519095 1915954.06092 4
935568.79278 1915953.8924 4
935569.110728 1915953.71244 4
935569.287271 1915953.60014 4
935569.454945 1915953.48791 4
935569.640358 1915953.37554 4
935569.852125 1915953.22968 4
935570.046323 1915953.10615 4
935570.266874 1915952.94914 4
935570.487511 1915952.80321 4
935570.699193 1915952.64626 4
935570.946183 1915952.46685 4
935571.184474 1915952.3097 4
935571.440505 1915952.15241 4
935571.722974 1915951.97273 4
935571.961436 1915951.83776 4
935572.208512 1915951.66945 4
935572.455757 1915951.52332 4
935572.702918 1915951.3661 4
935572.941295 1915951.22004 4
935573.188541 1915951.07391 4
935573.409433 1915950.96127 4
935573.656849 1915950.83733 4
935573.886355 1915950.69134 4
935574.124902 1915950.56746 4
935574.345624 1915950.43263 4
935574.575386 1915950.31993 4
935574.804978 1915950.18503 4
935575.025785 1915950.06129 4
935575.255376 1915949.92639 4
935575.493923 1915949.80252 4
935575.84701 1915949.57792 4
935576.111995 1915949.43166 4
935576.518386 1915949.21774 4
935576.712499 1915949.08312 4
935577.10132 1915948.89152 4
935577.304218 1915948.74574 4
935577.516751 1915948.69973 4
935577.70242 1915948.62064 4
935577.896788 1915948.5193 4
935578.223521 1915948.32818 4
935578.435374 1915948.19342 4
935578.647651 1915948.11413 4
935578.938991 1915947.93438 4
935579.142399 1915947.85515 4
935579.38973 1915947.72012 4
935579.610878 1915947.64076 4
935579.858209 1915947.50573 4
935580.167459 1915947.34803 4
935580.414875 1915947.22409 4
935580.662206 1915947.08906 4
935580.883099 1915946.97642 4
935581.086252 1915946.86391 4
935581.27175 1915946.76264 4
935581.527951 1915946.62753 4
935581.766498 1915946.50366 4
935582.049223 1915946.35726 4
935582.2789 1915946.23346 4
935582.499793 1915946.12082 4
935582.711815 1915946.00825 4
935582.923753 1915945.88458 4
935583.135776 1915945.77201 4
935583.383107 1915945.63697 4
935583.603829 1915945.50214 4
935583.824722 1915945.3895 4
935584.036574 1915945.25474 4
