931302.1095688279 1929830.9792443262 9
931302.2528005772 1929831.1666827472 9
931302.4049786077 1929831.365142677 9
931302.5303177742 1929831.530538085 9
931302.6556569358 1929831.695933494 9
931302.8258186884 1929831.9275307318 9
931302.9600129493 1929832.0928533743 9
931303.12113723 1929832.302334828 9
931303.291207783 1929832.5228377944 9
931303.4791708944 1929832.7653837847 9
931303.6760802767 1929833.01895129 9
931303.8640433637 1929833.2614972887 9
931304.0519152709 1929833.4929490108 9
931304.2397871678 1929833.7244007373 9
931304.4187127745 1929833.9448309562 9
931304.5886920901 1929834.1542396687 9
931304.7586713997 1929834.363648384 9
931304.9285595306 1929834.5619628232 9
931305.0895925432 1929834.7603500325 9
931305.2416792726 1929834.9477157341 9
931305.3848197157 1929835.124059928 9
931305.5278689835 1929835.2893098402 9
931305.6532080307 1929835.454705294 9
931305.7962572898 1929835.6199552116 9
931306.0110590877 1929835.8955657969 9
931306.1632369425 1929836.0940257953 9
931306.3244522357 1929836.3146015906 9
931306.4945226245 1929836.5351046214 9
931306.6557379008 1929836.7556804232 9
931306.8169531663 1929836.9762562285 9
931306.9781684256 1929837.1968320366 9
931307.148238782 1929837.4173350807 9
931307.3095451891 1929837.649005175 9
931307.4797066946 1929837.8806025065 9
931307.6498681885 1929838.112199842 9
931307.811174571 1929838.3438699462 9
931307.9634435058 1929838.553424258 9
931308.1157124355 1929838.762978572 9
931308.2591262516 1929838.9726056552 9
931308.4113040006 1929839.1710656942 9
931308.5458626992 1929839.3807655477 9
931308.6981315973 1929839.590319873 9
931308.8414542221 1929839.788852685 9
931308.9848680029 1929839.998479782 9
931309.137228046 1929840.2191283954 9
931309.2985343455 1929840.4507985273 9
931309.4598406384 1929840.682468663 9
931309.630093186 1929840.9251603193 9
931309.8004368878 1929841.1789462573 9
931309.9975282142 1929841.4547024714 9
931310.2126032172 1929841.7635960039 9
931310.4188231018 1929842.072562306 9
931310.7235430287 1929842.5138595877 9
931310.9207254543 1929842.8007101044 9
931311.1266718036 1929843.07639358 9
931311.3147256179 1929843.330034025 9
931311.4937419962 1929843.5615586746 9
931311.6727583671 1929843.7930833278 9
931311.8338822091 1929844.002564948 9
931311.995006041 1929844.2120465697 9
931312.1470924475 1929844.3994123945 9
931312.2992700055 1929844.5978725036 9
931312.4604849772 1929844.8184484157 9
931312.6305550353 1929845.0389515697 9
931312.7916788299 1929845.2484332076 9
931312.952893774 1929845.4690091282 9
931313.0962161997 1929845.6675420124 9
931313.2395386165 1929845.8660748987 9
931313.3738236119 1929846.0424919869 9
931313.5081086016 1929846.2189090757 9
931313.6334473334 1929846.3843046464 9
931313.7500221211 1929846.5608672614 9
931313.9201832714 1929846.7924647215 9
931314.0903444103 1929847.0240621853 9
931314.242613036 1929847.2336166096 9
931314.3769891468 1929847.421127994 9
931314.5114564094 1929847.6197336619 9
931314.6547787599 1929847.818266573 9
931314.8071385149 1929848.038915288 9
931314.9236220982 1929848.204383636 9
931315.1028205912 1929848.4580969245 9
931315.2283415701 1929848.6456810797 9
931315.3538625435 1929848.833265238 9
931315.4792923548 1929849.0097551176 9
931315.5957759117 1929849.1752234753 9
931315.7122594641 1929849.3406918352 9
931315.8823293489 1929849.5611950536 9
931316.0345978825 1929849.7707495121 9
931316.1779201633 1929849.9692824464 9
931316.3300975268 1929850.1677426286 9
931316.4913122874 1929850.3883186171 9
931316.616742052 1929850.5648085137 9
931316.7599731486 1929850.7522471775 9
931316.8944403025 1929850.9508528835 9
931317.0376713886 1929851.1382915522 9
931317.1631011307 1929851.3147814581 9
931317.2884397134 1929851.4801770817 9
931317.4497455781 1929851.7118473696 9
931317.6019228804 1929851.9103075727 9
931317.7273525994 1929852.086797487 9
931317.8617285561 1929852.2743089267 9
