931293.5633016659 1929820.143068019 9
931293.6974962954 1929820.308390515 9
931293.8405460431 1929820.4736402307 9
931294.0013972161 1929820.64983867 9
931294.1622483847 1929820.8260371124 9
931294.3142444234 1929821.002308338 9
931294.5019344954 1929821.211571288 9
931294.6538393368 1929821.3767482378 9
931294.8147816587 1929821.564040973 9
931294.993525403 1929821.7622824332 9
931295.1813066261 1929821.9826396785 9
931295.3868892652 1929822.2139456493 9
931295.6015093785 1929822.467367409 9
931295.8338397213 1929822.7206436172 9
931296.0663524132 1929822.9961083913 9
931296.3077202104 1929823.2715003954 9
931296.5668894154 1929823.5578411312 9
931296.8261497811 1929823.8552761541 9
931296.9690170487 1929823.9983373624 9
931297.1118843092 1929824.1413985724 9
931297.2459876256 1929824.295626845 9
931297.3889460561 1929824.4497823403 9
931297.5319044837 1929824.6039378392 9
931297.6748629038 1929824.7580933403 9
931297.8177301394 1929824.9011545628 9
931297.9607797306 1929825.0664043487 9
931298.103738135 1929825.2205598562 9
931298.2555516546 1929825.3746425905 9
931298.3985100484 1929825.5287981052 9
931298.550323557 1929825.6828808438 9
931298.6844268224 1929825.8371091376 9
931298.836331496 1929826.002286164 9
931298.970434751 1929826.1565144607 9
931299.1222482378 1929826.3105972114 9
931299.2651154224 1929826.4536584595 9
931299.3992186624 1929826.6078867654 9
931299.5333218997 1929826.76211507 9
931299.6762802465 1929826.9162706065 9
931299.9355403989 1929827.2137057234 9
931300.1858542432 1929827.5001193427 9
931300.3199574497 1929827.6543476628 9
931300.5524698587 1929827.9298125603 9
931300.7762183151 1929828.2164445184 9
931300.9997844037 1929828.4808879234 9
931301.1967851322 1929828.74554965 9
931301.4026409648 1929829.01013861 9
931301.5995504963 1929829.2637060673 9
931301.7876049019 1929829.517346301 9
931301.9755681226 1929829.7598922579 9
931302.1635313301 1929830.002438219 9
931302.3514033556 1929830.2338899022 9
931302.530329085 1929830.4543200836 9
931302.7182010903 1929830.685771776 9
931302.9059819129 1929830.906129192 9
931303.0936715507 1929831.115392331 9
931303.2814523538 1929831.3357497563 9
931303.4602868634 1929831.545085674 9
931303.6391213619 1929831.7544215973 9
931303.83575725 1929831.9747062621 9
931304.0234468409 1929832.1839694232 9
931304.2022813142 1929832.393305357 9
931304.389970889 1929832.6025685258 9
931304.5776604522 1929832.8118316988 9
931304.7565860687 1929833.032261926 9
931304.9443667856 1929833.252619386 9
931305.1232923832 1929833.473049621 9
931305.3023091386 1929833.704574139 9
931305.4813258867 1929833.9360986617 9
931305.6603426248 1929834.167623188 9
931305.8305954112 1929834.4103147676 9
931306.0008481903 1929834.653006349 9
931306.171192128 1929834.906792216 9
931306.341444885 1929835.149483806 9
931306.5206439102 1929835.4031969127 9
931306.6997517544 1929835.645815741 9
931306.8878058653 1929835.8994560875 9
931307.0670048582 1929836.1531692056 9
931307.2549677796 1929836.39571528 9
931307.4429306882 1929836.6382613578 9
931307.6308935881 1929836.8808074393 9
931307.8188564772 1929837.1233535265 9
931308.0069105217 1929837.3769938962 9
931308.1948733868 1929837.619539991 9
931308.3828362433 1929837.8620860903 9
931308.570799089 1929838.104632195 9
931308.7588530892 1929838.3582725825 9
931308.9556710173 1929838.6007459278 9
931309.1437249925 1929838.854386326 9
931309.3405429003 1929839.096859682 9
931309.5285056889 1929839.339405805 9
931309.7254147358 1929839.5929734493 9
931309.9133775046 1929839.835519581 9
931310.1101953628 1929840.0779929566 9
931310.2981581098 1929840.3205390975 9
931310.4949759479 1929840.5630124789 9
931310.6917937747 1929840.8054858653 9
931310.8797564888 1929841.048032021 9
931311.0765742933 1929841.2905054144 9
931311.2645369833 1929841.5330515779 9
931311.4613547677 1929841.775524982 9
931311.6669364753 1929842.0068313486 9
931311.8548991346 1929842.2493775242 9
931312.0517168831 1929842.4918509438 9
931312.25738972 1929842.7342516044 9
931312.4542074456 1929842.9767250312 9
931312.6509339998 1929843.2081041827 9
931312.8478428606 1929843.4616718993 9
931313.0445693927 1929843.693051061 9
931313.2414782328 1929843.9466187865 9
931313.438387061 1929844.200186518 9
931313.6352047186 1929844.442659973 9
931313.8321135234 1929844.6962277128 9
931314.0290223142 1929844.9497954585 9
931314.2259310978 1929845.2033632074 9
931314.4228398649 1929845.4569309622 9
931314.628603719 1929845.7104259601 9
931314.8167485257 1929845.975160765 9
931315.0225123554 1929846.228655773 9
931315.2195122339 1929846.493317827 9
931315.4164209435 1929846.7468856035 9
931315.6134207953 1929847.0115476665 9
931315.8103294832 1929847.2651154532 9
931316.0073293108 1929847.5297775245 9
931316.2042379726 1929847.7833453198 9
931316.4012377779 1929848.0480074005 9
931316.598237571 1929848.3126694867 9
931316.8040012902 1929848.566164537 9
931317.0009099041 1929848.8197323522 9
931317.1979096581 1929849.0843944512 9
931317.3948182503 1929849.3379622726 9
931317.5917268262 1929849.5915301023 9
931317.7887265461 1929849.8561922149 9
931317.9856351003 1929850.1097600518 9
931318.1826347958 1929850.3744221735 9
931318.3884895701 1929850.6390115456 9
931318.5853980882 1929850.8925793953 9
931318.7823977444 1929851.1572415319 9
931318.9882524809 1929851.4218309175 9
931319.1941072068 1929851.6864203087 9
931319.3911068254 1929851.951082458 9
931319.5970526749 1929852.2267661414 9
931319.8029073598 1929852.4913555468 9
931319.999906943 1929852.7560177117 9
931320.2058527529 1929853.0317014083 9
931320.4029434611 1929853.3074578624 9
931320.6088892445 1929853.5831415697 9
931320.8148350144 1929853.8588252806 9
931321.0207807709 1929854.1345089963 9
931321.2179625737 1929854.4213597523 9
931321.4150532166 1929854.6971162297 9
931321.6121438467 1929854.9728727122 9
931321.8181806986 1929855.2596507298 9
931322.0241263884 1929855.5353344711 9
931322.2300720648 1929855.811018216 9
931322.4360177278 1929856.086701967 9
931322.6595824002 1929856.3511459404 9
931322.8742919739 1929856.6156626698 9
931323.0978566186 1929856.8801066545 9
931323.3214212493 1929857.1445506455 9
931323.544894722 1929857.3979003609 9
931323.7595130955 1929857.6513228316 9
931323.9830776849 1929857.9157668403 9
931324.2066422582 1929858.1802108549 9
931324.4124966562 1929858.444800372 9
931324.6272061217 1929858.709317146 9
931324.8330604914 1929858.973906674 9
931325.0390059901 1929859.2495904882 9
931325.2449514777 1929859.5252743065 9
931325.4508969542 1929859.8009581314 9
931325.6479873316 1929860.0767147073 9
931325.8540239225 1929860.363492822 9
931326.0599693564 1929860.6391766602 9
931326.2571508394 1929860.9260275324 9
931326.4630962466 1929861.2017113806 9
931326.6690416404 1929861.4773952337 9
931326.8661319414 1929861.7531518387 9
931327.0810235292 1929862.039857237 9
931327.2781138037 1929862.3156138516 9
931327.4840591416 1929862.5912977254 9
931327.6899133298 1929862.855887322 9
931327.8870035633 1929863.131643951 9
931328.0929488637 1929863.4073278375 9
931328.2900390736 1929863.6830844763 9
931328.4959843474 1929863.958768374 9
931328.7019296079 1929864.234452276 9
931328.907874855 1929864.5101361845 9
931329.1138200887 1929864.785820098 9
931329.3110013719 1929865.07267104 9
931329.5168554403 1929865.337260682 9
931329.7316557092 1929865.612871867 9
931329.9376008892 1929865.8885557987 9
931330.1523099927 1929866.1530727136 9
931330.3670190828 1929866.4175896328 9
931330.5905832334 1929866.6820338143 9
931330.8052011596 1929866.9354564634 9
931331.0199102093 1929867.1999733981 9
931331.2522382558 1929867.4532505763 9
931331.4668561424 1929867.706673241 9
931331.6903290888 1929867.9600231717 9
931331.9050380847 1929868.2245401298 9
931332.110891995 1929868.4891298332 9
931332.3166547578 1929868.7426252633 9
931332.5225086426 1929869.0072149774 9
931332.7284536489 1929869.2828989762 9
931332.9343986418 1929869.5585829832 9
931333.1226334799 1929869.834412473 9
931333.3109594372 1929870.121336247 9
931333.5081404562 1929870.4081872883 9
931333.6964663876 1929870.6951110724 9
931333.8936473781 1929870.981962122 9
931334.090828355 1929871.268813175 9
931334.2792453801 1929871.5668312535 9
931334.4764263327 1929871.8536823161 9
931334.6735161359 1929872.1294391023 9
931334.8706970599 1929872.416290175 9
931335.0767330382 1929872.7030685132 9
931335.2827690026 1929872.9898468568 9
931335.4887138222 1929873.2655309236 9
931335.6946586284 1929873.5412149963 9
931335.9094584876 1929873.816826337 9
931336.1154032667 1929874.0925104204 9
931336.3301119686 1929874.357027489 9
931336.5359655914 1929874.6216173014 9
931336.7506742667 1929874.8861343828 9
931336.9565278635 1929875.1507242045 9
931337.1712365121 1929875.415241295 9
931337.3770900829 1929875.6798311274 9
931337.5830347688 1929875.9555152461 9
931337.7887971858 1929876.2090108078 9
931337.9946507179 1929876.473600655 9
931338.2093593003 1929876.7381177724 9
931338.4152128042 1929877.0027076297 9
931338.620975173 1929877.2562032097 9
931338.8355925895 1929877.5096260621 9
931339.0503011192 1929877.7741432015 9
931339.2649185098 1929878.027566063 9
931339.4795358874 1929878.280988933 9
931339.702917188 1929878.5232447928 9
931339.9175345398 1929878.776667672 9
931340.1321518787 1929879.030090557 9
931340.3468603292 1929879.2946077297 9
931340.5614776419 1929879.548030625 9
931340.7672398819 1929879.8015262568 9
931340.9818571692 1929880.0549491646 9
931341.1789465715 1929880.3307061002 9
931341.384799897 1929880.5952960302 9
931341.5906532096 1929880.8598859652 9
931341.7965065071 1929881.1244759047 9
931341.9935958602 1929881.4002328608 9
931342.199449132 1929881.6648228094 9
931342.3965384571 1929881.9405797755 9
931342.6112467628 1929882.2050970034 9
931342.8082449407 1929882.469759697 9
931343.0140981631 1929882.7343496669 9
931343.2199513727 1929882.9989396404 9
931343.4258045694 1929883.2635296192 9
931343.6316577531 1929883.5281196032 9
931343.8375109241 1929883.7927095913 9
931344.0433640821 1929884.057299585 9
931344.2580722823 1929884.3218168563 9
931344.4639254143 1929884.5864068607 9
931344.6697785312 1929884.850996868 9
931344.8756316396 1929885.1155868832 9
931345.0903397868 1929885.3801041753 9
931345.2783005234 1929885.622651091 9
931345.4572239576 1929885.8430821751 9
931345.6272923315 1929886.0635859906 9
931345.7883234065 1929886.2619739738 9
931345.9315532509 1929886.449413129 9
931346.074691974 1929886.6257580086 9
931346.2625615378 1929886.8572106645 9
931346.4325387514 1929887.0666202144 9
931346.5757685679 1929887.254059383 9
931346.7278534321 1929887.4414258273 9
931346.862228184 1929887.6289377252 9
931346.9964207006 1929887.7942610637 9
931347.1575428259 1929888.0037433538 9
931347.3543584957 1929888.2462175898 9
931347.5153894884 1929888.444605605 9
931347.7032589721 1929888.6760582945 9
931347.917784711 1929888.9183870947 9
931348.1680950971 1929889.2048021283 9
931348.4361155629 1929889.4910717232 9
931348.7041360128 1929889.7773413246 9
931348.855856328 1929889.920330682 9
931348.9987215913 1929890.0633927663 9
931349.1503507833 1929890.1952878472 9
931349.3020710855 1929890.3382772137 9
931349.462646429 1929890.4811938582 9
931349.6143667185 1929890.6241832282 9
931349.7660870051 1929890.7671726025 9
931349.9266623324 1929890.9100892576 9
931350.0873287682 1929891.0641001964 9
931350.2479040843 1929891.2070168557 9
931350.4084793972 1929891.34993352 9
931350.5780008632 1929891.5038717457 9
931350.7385761624 1929891.6467884134 9
931350.9080976164 1929891.8007266463 9
931351.0598178573 1929891.943716044 9
931351.229248189 1929892.0865600018 9
931351.380877309 1929892.2184551232 9
931351.5325975345 1929892.3614445287 9
931351.6930816934 1929892.493266935 9
931351.9874848556 1929892.7571299179 9
931352.1391139516 1929892.889025052 9
931352.4244798226 1929893.1307722065 9
931352.7009906316 1929893.3725920885 9
931352.9774103143 1929893.6033177013 9
931353.244974939 1929893.834116039 9
931353.5214856989 1929894.0759359503 9
931353.673114749 1929894.2078311127 9
931353.8335077295 1929894.328559277 9
931354.0029379653 1929894.471403291 9
931354.172459302 1929894.6253415882 9
931354.3507445678 1929894.7681128914 9
931354.5468310233 1929894.921833043 9
931354.7341535338 1929895.0867201989 9
931354.9213849314 1929895.2405130775 9
931355.117471363 1929895.3942332426 9
931355.3047027467 1929895.5480261296 9
931355.4918430184 1929895.6907247384 9
931355.6789832839 1929895.8334233519 9
931355.8661235407 1929895.9761219684 9
931356.044408751 1929896.118893307 9
931356.222693955 1929896.261664649 9
931356.4008880471 1929896.3933417124 9
931356.5702270938 1929896.5250914951 9
931356.739566135 1929896.65684128 9
931356.9088140657 1929896.777496789 9
931357.0692069522 1929896.898225017 9
931357.2296909344 1929897.0300475273 9
931357.5415305403 1929897.2604824288 9
931357.8444239816 1929897.4798957733 9
931358.1295162265 1929897.688360277 9
931358.4145173558 1929897.8857305073 9
931358.6729533486 1929898.0833188856 9
931358.9312071305 1929898.2587187095 9
931359.1717508195 1929898.4342639672 9
931359.4122944983 1929898.6098092322 9
931359.6705482483 1929898.785209079 9
931359.9466031629 1929898.971557791 9
931360.231695304 1929899.180022364 9
931360.5433525476 1929899.388268812 9
931360.863864814 1929899.5964425623 9
931361.184468162 1929899.8157106056 9
931361.3448609257 1929899.9364389128 9
931361.6655553447 1929900.166801256 9
931361.8348031348 1929900.2874568626 9
931362.00405092 1929900.4081124724 9
931362.1645347566 1929900.5399350764 9
931362.3337825319 1929900.6605906931 9
931362.5032124937 1929900.8034348756 9
931362.6637874104 1929900.9463517712 9
931362.8242712284 1929901.078174388 9
931362.9937011711 1929901.221018581 9
931363.1543671684 1929901.3750297667 9
931363.3150331575 1929901.529040956 9
931363.4668441066 1929901.6831248552 9
931363.6275100841 1929901.8371360514 9
931363.7794121135 1929902.0023142376 9
931363.9225501972 1929902.178659416 9
931364.0744522149 1929902.3438376093 9
931364.2174991932 1929902.5090885113 9
931364.3694922923 1929902.685360991 9
931364.5037753147 1929902.8617788877 9
931364.6380583314 1929903.0381967844 9
931364.76348631 1929903.2146873914 9
931364.8713863973 1929903.4135119773 9
931364.9526302838 1929903.6014604021 9
931365.0428202911 1929903.800430403 9
931365.1064451947 1929903.9996185235 9
931365.1789251291 1929904.1987339382 9
931365.2514961524 1929904.408943635 9
931365.3062660112 1929904.6082044647 9
931365.3700730846 1929904.8295811506 9
931365.4425530061 1929905.0286965673 9
931365.5061778916 1929905.2278846921 9
931365.569802772 1929905.4270728175 9
931365.6423737756 1929905.637282517 9
931365.6971436179 1929905.8365433482 9
931365.7520045515 1929906.0468984626 9
931365.7979193594 1929906.2462319995 9
931365.8262151919 1929906.4568052315 9
931365.8455649004 1929906.6563568863 9
931365.8561506687 1929906.8670755283 9
931365.8682849908 1929907.2663969574 9
931365.8523056675 1929907.4773337173 9
931365.8362352535 1929907.6771761966 9
931365.7507820652 1929908.0551088247 9
931365.6121076155 1929908.4223834106 9
931365.4553587548 1929908.7454262846 9
931365.2541525769 1929909.0466441289 9
931365.0172530225 1929909.314869962 9
931364.7798980188 1929909.5276243926 9
931364.5245596893 1929909.707241403 9
931364.27780312 1929909.853502866 9
931364.0219182473 1929909.966554201 9
931363.7747062227 1929910.0573442716 9
931363.5361670416 1929910.1258730788 9
931363.3151557271 1929910.172067914 9
931363.111763379 1929910.2070230541 9
931362.8197296587 1929910.2316110078 9
931363.076707648 1929910.251691016 9
931363.3870890866 1929910.3046176243 9
931363.6090113409 1929910.3693656083 9
931363.8221696587 1929910.445280587 9
931364.0088539853 1929910.5325079754 9
931364.25779678 1929910.6525092616 9
931364.4447543753 1929910.7730195036 9
931364.6227658475 1929910.882508176 9
931364.8368350717 1929911.0693659973 9
931364.9885547315 1929911.2123556414 9
931365.1404565689 1929911.3775338538 9
931365.2745572561 1929911.5317631993 9
931365.4358606631 1929911.7634343996 9
931365.5524334715 1929911.939997725 9
931365.4267323586 1929911.7302242608 9
931365.2655200454 1929911.5096473424 9
931365.1314193577 1929911.3554179976 9
931364.9794264248 1929911.1791455045 9
931364.7921044745 1929911.0142581228 9
931364.6047825145 1929910.8493707455 9
931364.3732765063 1929910.6959411916 9
931364.1330065541 1929910.5536786327 9
931363.8927365957 1929910.4114160794 9
931363.696741766 1929910.2687899931 9
931363.5009291187 1929910.1483524744 9
931363.3228265232 1929910.0277695442 9
931363.153487853 1929909.896019627 9
931362.9930042052 1929909.7641970047 9
931362.7878810322 1929909.5883608041 9
931362.9483646844 1929909.720183423 9
931363.1448150155 1929909.9182808998 9
931363.2790068577 1929910.0836044939 9
931363.4309998464 1929910.2598769574 9
931363.5830839211 1929910.4472437042 9
931363.7264951508 1929910.656871725 9
931363.8611424431 1929910.8776667367 9
931364.0047358468 1929911.1094833252 9
931364.1482381487 1929911.3302056347 9
931364.2738482062 1929911.5288847992 9
931364.390512134 1929911.7165423895 9
931364.507176061 1929911.904199982 9
931364.6597155483 1929912.1470381569 9
931364.802944539 1929912.3344776307 9
931364.9640657565 1929912.5439602607 9
931365.098166429 1929912.6981896018 9
931365.2411221233 1929912.8523462408 9
