955586.0068081118 1956562.4758566252 9
955585.6095003807 1956562.4557962576 9
955585.318882688 1956562.5793977238 9
955587.2553290755 1956554.9801106977 9
955587.2748846727 1956555.3350425435 9
955587.4542672851 1956555.8666361335 9
955586.6360813521 1956567.8978879345 9
955586.5684431517 1956568.4529952246 9
955586.0377286711 1956568.2450366162 9
955585.8132886508 1956565.894121656 9
955584.9427104348 1956564.855867496 9
955583.9059167238 1956564.0958767077 9
955586.2658774501 1956554.8189902361 9
955586.4873111037 1956554.9620370916 9
