955346.2485995346 1957058.8855401976 9
955346.4709210229 1957059.194999462 9
955346.5779677797 1957059.4052258108 9
955346.6848949458 1957059.5932629886 9
955346.8454351682 1957059.9030552246 9
955347.0947126142 1957060.3011284997 9
955347.4051135547 1957060.576828376 9
955347.7328672963 1957060.796960202 9
955348.1148319631 1957061.2497929693 9
955348.5149864774 1957061.802381905 9
955348.9152007286 1957062.366065445 9
955349.369446452 1957063.129166185 9
955349.8505284839 1957063.958691778 9
955350.3308331757 1957064.6439877755 9
955350.8380937419 1957065.4178978095 9
955351.3173221123 1957065.903491309 9
955351.8066915988 1957066.633118177 9
955352.2691648562 1957067.2852256482 9
955352.7847726868 1957067.9703315494 9
955353.219452901 1957068.3785008478 9
955353.7080448938 1957068.9638982045 9
955354.1524476339 1957069.538438792 9
955354.6226105655 1957069.9797016936 9
955355.0046939992 1957070.4547239505 9
955354.8553714404 1957070.5886674614 9
955354.7504771897 1957070.7778461205 9
955354.6545881687 1957071.0002609845 9
955354.5319823895 1957071.1784401748 9
955354.4182024933 1957071.3565718094 9
955354.3046019481 1957071.5679872073 9
955354.1537848478 1957071.424566066 9
955353.9326596325 1957071.3369983279 9
955353.720300507 1957071.2382884503 9
955353.6045477687 1957071.0502987388 9
955353.6740786927 1957070.850215712 9
955353.7878585802 1957070.6720840668 9
955353.8572699453 1957070.4498118684 9
955353.9003232414 1957070.249871519 9
955353.9433765396 1957070.049931169 9
955353.9598924206 1957069.8390389076 9
955354.0029457225 1957069.6390985576 9
955354.0459990267 1957069.4391582103 9
955354.1067040955 1957069.2391227449 9
955354.1938868084 1957069.0389446076 9
955354.1157691074 1957069.2834535325 9
