955592.4938384352 1956903.2985580724 9
955592.2819536597 1956903.288598752 9
955592.2015083331 1956903.1004165742 9
955592.0938713031 1956902.7792413137 9
955591.9339320036 1956902.580390281 9
955591.8357750877 1956902.3812081292 9
955591.7374992442 1956902.1598368152 9
955591.5416016232 1956901.839134595 9
955591.4259709601 1956901.673330804 9
955591.3275167136 1956901.4186757451 9
955591.2292408455 1956901.197304436 9
955591.1397910293 1956900.9758858238 9
955591.0237441094 1956900.73241996 9
955590.8110267882 1956900.567136521 9
955590.6945041547 1956900.2349140013 9
955590.595930939 1956899.9580697871 9
955590.4614588537 1956899.5704689675 9
955590.3984871788 1956899.3489084505 9
955590.3176849904 1956899.0941587952 9
