931239.0733643505 1929812.5250148422 9
931239.249463187 1929812.4015209824 9
931239.4167981498 1929812.2891942458 9
931239.5840418633 1929812.1657732313 9
931239.7778509813 1929812.0421337073 9
931239.9539498384 1929811.918639862 9
931240.1476677122 1929811.7839060652 9
931240.3501494707 1929811.6380051558 9
931240.5351034761 1929811.5144384848 9
931240.7375852478 1929811.3685375862 9
931240.9666324311 1929811.2224181802 9
931241.1339674405 1929811.110091479 9
931241.3013024564 1929810.9977647807 9
931241.4686374746 1929810.8854380858 9
931241.6448276341 1929810.7730385584 9
931241.821017796 1929810.6606390353 9
931241.997207965 1929810.5482395152 9
931242.1733981385 1929810.435839999 9
931242.3583521994 1929810.3122733713 9
931242.5344511283 1929810.1887795818 9
931242.7194051999 1929810.065212964 9
931242.904359277 1929809.9416463468 9
931243.0893133595 1929809.818079736 9
931243.2742674451 1929809.6945131281 9
931243.4416025177 1929809.5821864752 9
931243.6176102294 1929809.4475984282 9
931243.7937091971 1929809.3241046658 9
931243.9698081678 1929809.200610908 9
931244.1546710321 1929809.0659500407 9
931244.3482977892 1929808.9201220616 9
931244.5332519154 1929808.7965554842 9
931244.7181147977 1929808.661894629 9
931244.9028864347 1929808.5161394966 9
931245.0965132173 1929808.3703115366 9
931245.3078502812 1929808.2243379187 9
931245.5013858295 1929808.0674156882 9
931245.7127229081 1929807.921442079 9
931245.9239687463 1929807.7643741951 9
931246.1352145924 1929807.6073063172 9
931246.3552243374 1929807.4390713319 9
931246.5752340914 1929807.270836355 9
931246.8041902411 1929807.1136228323 9
931247.033055151 1929806.945315035 9
931247.270775209 1929806.7769344158 9
931247.4995488918 1929806.5975323513 9
931247.7372689688 1929806.429151746 9
931247.9749890554 1929806.2607711458 9
931248.2214730487 1929806.0812234438 9
931248.4503380151 1929805.9129156882 9
931248.6880581306 1929805.7445351093 9
931248.9345421542 1929805.56498743 9
931249.1722622892 1929805.3966068646 9
931249.4098911908 1929805.2171320284 9
931249.6476113474 1929805.0487514762 9
931249.8678037146 1929804.9027051479 9
931250.0790497066 1929804.745637374 9
931250.2727679057 1929804.6109038186 9
931250.4576309723 1929804.4762430936 9
931250.6248750036 1929804.3528223042 9
931250.8538313063 1929804.1956088967 9
931251.0563134337 1929804.0497082523 9
931251.2411765251 1929803.9150475464 9
931251.4084205768 1929803.791626775 9
931251.5932836796 1929803.6569660746 9
931251.7956745931 1929803.4999711686 9
931252.0333948461 1929803.3315906874 9
931252.2006389211 1929803.208169933 9
931252.3855020495 1929803.0735092512 9
931252.5703651814 1929802.9388485758 9
931252.7728473712 1929802.7929479731 9
931252.9840934706 1929802.6358802728 9
931253.2041947211 1929802.478739755 9
931253.4418237915 1929802.2992650343 9
931253.6970719243 1929802.108550395 9
931253.9609927366 1929801.8955743792 9
931254.2516614695 1929801.7045684655 9
931254.5331101273 1929801.4692582642 9
931254.8235964143 1929801.256063809 9
931255.1141739537 1929801.0539636458 9
931255.3956226575 1929800.8186534734 9
931255.6860177545 1929800.5943647695 9
931255.9765041034 1929800.381170357 9
931256.2404250304 1929800.1681944157 9
931256.5044372018 1929799.9663127637 9
931256.7509215622 1929799.7867653202 9
931256.9796956386 1929799.6073635232 9
931257.1996145785 1929799.428034551 9
931257.4108608456 1929799.2709669648 9
931257.604396827 1929799.114045023 9
931257.7892601324 1929798.9793844644 9
931257.9652682965 1929798.8447967286 9
931258.1940424223 1929798.6653949663 9
931258.3963423513 1929798.497305944 9
931258.581205683 1929798.362645404 9
931258.7573051008 1929798.2391519656 9
931258.9244581484 1929798.104637067 9
931259.126940563 1929797.958736625 9
931259.3469508216 1929797.7905019931 9
931259.5053399664 1929797.6671542048 9
931259.6724930373 1929797.5326393226 9
931259.8485012621 1929797.3980516277 9
931260.0509837099 1929797.252151207 9
931260.2445197875 1929797.0952293277 9
931260.446911019 1929796.938234637 9
931260.6492110327 1929796.7701456714 9
931260.8692213531 1929796.6019110796 9
931261.0892316846 1929796.4336764936 9
931261.3268610949 1929796.2542020036 9
931261.5732544389 1929796.0635604267 9
931261.8196477963 1929795.872918857 9
931262.0570947865 1929795.6712558276 9
931262.3121608637 1929795.4583528966 9
931262.5850284826 1929795.2563986294 9
931262.8489497367 1929795.0434229006 9
931263.1304900843 1929794.8192072778 9
931263.4120304469 1929794.5949916637 9
931263.711189902 1929794.3595361533 9
931264.0102581553 1929794.112986375 9
931264.3005624922 1929793.8776036985 9
931264.6084859301 1929793.630981131 9
931264.9075542336 1929793.3844313847 9
931265.2067137762 1929793.1489759309 9
931265.479307874 1929792.913738918 9
931265.7519932103 1929792.689596195 9
931266.0071506927 1929792.4877876616 9
931266.2358339487 1929792.2972918446 9
931266.4646084326 1929792.1178903154 9
931266.6756726181 1929791.9386344093 9
931266.8692089427 1929791.7817126892 9
931267.05389012 1929791.6248637803 9
931267.2209522118 1929791.4792547727 9
931267.3792503753 1929791.3448128588 9
931267.5901321631 1929791.1433684172 9
931267.7656845585 1929790.9533094924 9
931267.9237090849 1929790.7855847466 9
931268.0551681533 1929790.6180784283 9
931268.168916911 1929790.4507177256 9
931268.3178126492 1929790.2497829548 9
931268.457762019 1929790.0378267139 9
931268.5715107953 1929789.870466018 9
931268.6762219858 1929789.680989571 9
931268.7720780245 1929789.4915859292 9
931268.867842851 1929789.2910880097 9
931268.9457149347 1929789.068547146 9
931269.0235870229 1929788.8460062805 9
931269.0925127392 1929788.6124439416 9
931269.1346905556 1929788.356911464 9
931269.1767771564 1929788.0902847056 9
931269.2186813301 1929787.8014693875 9
931269.2436049159 1929787.6015539241 9
931269.2772924481 1929787.3904713753 9
931269.3019423889 1929787.15727307 9
931269.3355387065 1929786.935096241 9
931269.3600974346 1929786.6908036575 9
931269.3847473803 1929786.4576053543 9
931269.4179788425 1929786.1910514045 9
931269.4423551443 1929785.9245702608 9
931269.475586611 1929785.6580163115 9
931269.490925322 1929785.3694194136 9
931269.506172821 1929785.0697282357 9
931269.5124739464 1929784.7590155844 9
931269.501064744 1929784.4484485455 9
931269.4807091652 1929784.1268600302 9
931269.451407207 1929783.7942500429 9
931269.4043949204 1929783.461785667 9
931269.3130155954 1929783.1185910425 9
931269.2216362632 1929782.7753964185 9
931269.1036914313 1929782.4324202142 9
931268.9680362612 1929782.0895896254 9
931268.8147619646 1929781.7579989317 9
931268.6525412766 1929781.4153867667 9
931268.4814654078 1929781.072847413 9
931268.3103895275 1929780.7303080615 9
931268.1215120812 1929780.3768200495 9
931267.9238706701 1929780.0344991288 9
931267.7261380254 1929779.6810839325 9
931267.5195501968 1929779.327741548 9
931267.42068386 1929779.151033954 9
931267.2053320563 1929778.8088586673 9
931266.9899802353 1929778.466683384 9
931266.783574785 1929778.1355295794 9
931266.5773517572 1929777.8265643395 9
931266.371219934 1929777.528693383 9
931266.173943266 1929777.2307496238 9
931265.9857041968 1929776.9549216202 9
931265.7975563334 1929776.6901879003 9
931265.6183548494 1929776.4364756546 9
931265.4480085255 1929776.1826906025 9
931265.2866998069 1929775.9510213048 9
931265.1255735195 1929775.7415405684 9
931264.9732111767 1929775.5208927456 9
931264.8299776623 1929775.333454955 9
931264.6867441417 1929775.1460171673 9
931264.5614034007 1929774.9806223188 9
931264.4449178294 1929774.8151546621 9
931264.2837002795 1929774.5945796627 9
931264.1315203368 1929774.3961204146 9
931263.9881955623 1929774.1975883583 9
931263.8448707808 1929773.999056304 9
931263.6925995941 1929773.789502784 9
931263.5402371766 1929773.5688549867 9
931263.3877835299 1929773.3371129131 9
931263.2262010298 1929773.0721608137 9
931263.1184793569 1929772.8955260813 9
931263.0105752315 1929772.6967027904 9
931262.9025798771 1929772.4867852225 9
931262.7944932932 1929772.2657733748 9
931262.686497928 1929772.0558558097 9
931262.5695561554 1929771.834916778 9
931262.4525231565 1929771.602883468 9
931262.3353076973 1929771.3486615992 9
931262.2180922335 1929771.0944397335 9
931262.1008767626 1929770.8402178676 9
931261.9747148829 1929770.5749745376 9
931261.8485529952 1929770.3097312094 9
931261.7222086488 1929770.022299323 9
931261.5870091161 1929769.7349402541 9
931261.4518095722 1929769.4475811846 9
931261.3165187954 1929769.1491278398 9
931261.1723728282 1929768.8507473115 9
931261.0193716744 1929768.5524395988 9
931260.8751344625 1929768.2429647949 9
931260.7131868787 1929767.9336356246 9
931260.5600032385 1929767.6131393604 9
931260.3891092238 1929767.2927887314 9
931260.2360167875 1929766.983386753 9
931260.0739779291 1929766.6629633135 9
931259.9209766957 1929766.3646556218 9
931259.7680666819 1929766.077442213 9
931259.615247886 1929765.8013230856 9
931259.471375491 1929765.536225426 9
931259.3364494959 1929765.2821492318 9
931259.2015234949 1929765.02807304 9
931259.0755438979 1929764.785018315 9
931258.9584194771 1929764.5418907732 9
931258.8325310952 1929764.3099303294 9
931258.7154066588 1929764.0668027925 9
931258.598464677 1929763.845863816 9
931258.4725762751 1929763.6139033781 9
931258.355634281 1929763.392964406 9
931258.2476386953 1929763.183046896 9
931258.1306966892 1929762.9621079275 9
931258.0226098625 1929762.7410961406 9
931257.9056678447 1929762.520157174 9
931257.7887258185 1929762.299218209 9
931257.6716925602 1929762.0671849654 9
931257.5458041049 1929761.8352245416 9
931257.4287708313 1929761.6031913008 9
931257.3117375516 1929761.3711580634 9
931257.1769026602 1929761.1281761837 9
931257.0509229484 1929760.8851214878 9
931256.9249432272 1929760.6420667933 9
931256.7989635011 1929760.3990121009 9
931256.6729837678 1929760.1559574113 9
931256.5381488393 1929759.912975542 9
931256.4121690914 1929759.6699208545 9
931256.2773341455 1929759.426938991 9
931256.1335527725 1929759.1729356667 9
931255.9987178129 1929758.929953806 9
931255.8637916129 1929758.6758776684 9
931255.7288654047 1929758.4218015322 9
931255.5940304196 1929758.178819677 9
931255.4503402389 1929757.9359106468 9
931255.3154140045 1929757.6818345168 9
931255.1894341891 1929757.4387798493 9
931255.0545991755 1929757.1957980036 9
931254.9196729199 1929756.9417218806 9
931254.7847466564 1929756.6876457592 9
931254.658766809 1929756.4445910994 9
931254.52384053 1929756.190514983 9
931254.3889142429 1929755.9364388664 9
931254.2539879454 1929755.6823627541 9
931254.1190616423 1929755.4282866446 9
931253.9841353311 1929755.174210536 9
931253.8491177742 1929754.909040151 9
931253.7052450195 1929754.6439425892 9
931253.5613722514 1929754.378845031 9
931253.4262634349 1929754.1025803695 9
931253.2823906491 1929753.8374828168 9
931253.1384266202 1929753.5612909843 9
931252.9944625819 1929753.2850991553 9
931252.8504985322 1929753.008907329 9
931252.6976792795 1929752.7327883283 9
931252.5537152108 1929752.4565965058 9
931252.4097511352 1929752.1804046875 9
931252.2656958126 1929751.89311859 9
931252.121731716 1929751.6169267758 9
931251.9776763743 1929751.329640684 9
931251.833621023 1929751.0423545947 9
931251.6895656597 1929750.7550685084 9
931251.5455102893 1929750.467782426 9
931251.401454909 1929750.1804963432 9
931251.2661634792 1929749.8820431586 9
931251.1220168385 1929749.5836628017 9
931250.9779614292 1929749.2963767268 9
931250.8426699708 1929748.9979235507 9
931250.7073785007 1929748.6994703754 9
931250.5720870236 1929748.4010172037 9
931250.436795537 1929748.1025640317 9
931250.2926488377 1929747.8041836913 9
931250.1662125336 1929747.505657699 9
931250.0309210189 1929747.2072045356 9
931249.8956294948 1929746.9087513739 9
931249.7602467183 1929746.5992039356 9
931249.6249551753 1929746.3007507771 9
931249.498427585 1929745.991130515 9
931249.3630447799 1929745.6815830837 9
931249.2277532087 1929745.3831299325 9
931249.0923703866 1929745.0735825042 9
931248.956896313 1929744.752940798 9
931248.830368676 1929744.443320548 9
931248.6949858227 1929744.133773126 9
931248.5596029619 1929743.8242257053 9
931248.4329840546 1929743.5035111809 9
931248.297509932 1929743.1828694867 9
931248.162127042 1929742.873322074 9
931248.0355081038 1929742.5526075545 9
931247.9000339515 1929742.2319658666 9
931247.7557045816 1929741.9113970066 9
931247.6289943709 1929741.5795882149 9
931247.4934289446 1929741.2478522528 9
931247.3579547517 1929740.9272105736 9
931247.2223893024 1929740.5954746166 9
931247.0868238452 1929740.263738661 9
931246.9511671332 1929739.9209084297 9
931246.8156016549 1929739.5891724797 9
931246.6888913765 1929739.2573637008 9
931246.5533258754 1929738.925627755 9
931246.4266155773 1929738.5938189803 9
931246.290958813 1929738.2509887598 9
931246.1642484927 1929737.91917999 9
931246.0286829529 1929737.5874440528 9
931245.893026157 1929737.2446138377 9
931245.766315809 1929736.9128050737 9
931245.6396054513 1929736.5809963124 9
931245.5128950817 1929736.2491875533 9
931245.3861847067 1929735.9173787942 9
931245.2594743177 1929735.585570038 9
931245.1238174601 1929735.2427398358 9
931244.9971983001 1929734.9220253644 9
931244.8704878838 1929734.5902166138 9
931244.7437774579 1929734.258407866 9
931244.6171582672 1929733.9376933996 9
931244.4904478219 1929733.6058846554 9
931244.3549733979 1929733.2852430257 9
931244.2106437447 1929732.9646742286 9
931244.0664053308 1929732.655199714 9
931243.930930876 1929732.334558091 9
931243.7778372214 1929732.0251564125 9
931243.6335987761 1929731.7156819052 9
931243.4805050996 1929731.4062802354 9
931243.3185561954 1929731.0969513971 9
931243.174317718 1929730.7874768984 9
931243.0124600381 1929730.4892423481 9
931242.8593663195 1929730.1798406874 9
931242.697508617 1929729.8816061427 9
931242.5355596556 1929729.5722773217 9
931242.3736106803 1929729.262948502 9
931242.2028977247 1929728.964786802 9
931242.0320935043 1929728.6555308234 9
931241.8613805223 1929728.3573691281 9
931241.6905762795 1929728.048113158 9
931241.5197720224 1929727.7388571915 9
931241.3402037835 1929727.4407683422 9
931241.1605442782 1929727.131585216 9
931240.9721207883 1929726.833569212 9
931240.7925525089 1929726.5354803733 9
931240.612892967 1929726.2262972598 9
931240.4156142133 1929725.9283541017 9
931240.2183354457 1929725.630410948 9
931240.0299118896 1929725.3323949624 9
931239.8325418414 1929725.0233575394 9
931239.6352630347 1929724.7254143993 9
931239.446839438 1929724.427398425 9
931239.2494693478 1929724.1183610153 9
931239.052099243 1929723.8093236093 9
931238.8547291241 1929723.5002862068 9
931238.6574502456 1929723.20234309 9
931238.4424608977 1929722.9045456536 9
931238.2362355075 1929722.595581104 9
931238.0389565862 1929722.2976380007 9
931237.8239671937 1929721.9998405806 9
931237.6266882464 1929721.7018974863 9
931237.4206453077 1929721.4151215157 9
931237.2056558712 1929721.1173241106 9
931236.9995216517 1929720.8194538709 9
931236.7934786726 1929720.5326779152 9
931236.5786717065 1929720.2570690855 9
931236.3637734685 1929719.9703659795 9
931236.157730445 1929719.6835900394 9
931235.9516874121 1929719.3968141049 9
931235.7457356215 1929719.1211324555 9
931235.5396925587 1929718.834356531 9
931235.3336494819 1929718.54758061 9
931235.1276063912 1929718.2608046955 9
931234.9215632866 1929717.974028786 9
931234.715520168 1929717.6872528805 9
931234.5095682954 1929717.41157126 9
931234.3035251492 1929717.124795366 9
931234.0887180155 1929716.8491865974 9
931233.8827661022 1929716.573504993 9
931233.6768141756 1929716.2978233933 9
931233.4710447583 1929716.044330356 9
931233.2830770611 1929715.8017859173 9
931233.1129110883 1929715.5701900753 9
931232.9517828661 1929715.3607099506 9
931232.808456368 1929715.1621784223 9
931232.6653123904 1929714.9858354542 9
931232.5488253786 1929714.8203682364 9
931232.3786593637 1929714.5887724084 9
931232.2354241045 1929714.4013351686 9
931232.118845813 1929714.2247736782 9
931231.9845570402 1929714.0483578767 9
931231.8680700021 1929713.8828906673 9
931231.7247434559 1929713.684359157 9
931231.5903634024 1929713.4968490833 9
931231.4560746092 1929713.3204332916 9
931231.2947637747 1929713.0887646398 9
931231.1693302073 1929712.9122760072 9
931231.0348588668 1929712.7136716621 9
931230.8825857756 1929712.504118732 9
931230.7303126768 1929712.2945658052 9
931230.5780395726 1929712.0850128806 9
931230.4078734488 1929711.853417093 9
931230.2464712923 1929711.6106541823 9
931230.0585034041 1929711.3681098146 9
931229.8705355052 1929711.1255654518 9
931229.6824763292 1929710.8719268146 9
931229.4854706367 1929710.6072667486 9
931229.2796096886 1929710.3426795334 9
931229.0648022189 1929710.0670708918 9
931228.8677964862 1929709.8024108415 9
931228.6531715246 1929709.548990769 9
931228.4472192568 1929709.2733092946 9
931228.2325942693 1929709.019889235 9
931228.0267332433 1929708.7553020508 9
931227.8120169612 1929708.4907877198 9
931227.5973919346 1929708.2373676745 9
931227.3914396004 1929707.9616862268 9
931227.1767232782 1929707.6971719135 9
931226.9619156729 1929707.421563326 9
931226.7471080534 1929707.1459547435 9
931226.53230042 1929706.8703461671 9
931226.3085462567 1929706.5837161676 9
931226.0936473239 1929706.2970133228 9
931225.8698018572 1929705.9992890554 9
931225.654811623 1929705.701491942 9
931225.4308748578 1929705.3926734058 9
931225.198082825 1929705.0839277278 9
931224.9741460246 1929704.7751092052 9
931224.8576587221 1929704.6096420928 9
931224.6247753763 1929704.2898021513 9
931224.3918920129 1929703.9699622164 9
931224.275404688 1929703.8044951106 9
931224.0513765466 1929703.4845823343 9
931223.9348892061 1929703.3191152334 9
931223.710769765 1929702.988108185 9
931223.4779776057 1929702.679362555 9
931223.3614902451 1929702.5138954613 9
931223.12869806 1929702.205149842 9
931222.904669833 1929701.8852370947 9
931222.6718776118 1929701.5764914853 9
931222.4391766513 1929701.278840162 9
931222.2063843985 1929700.9700945662 9
931221.973683405 1929700.6724432567 9
931221.7409823951 1929700.3747919525 9
931221.4994261167 1929700.0772135109 9
931221.2578698191 1929699.779635077 9
931221.0163135065 1929699.4820566487 9
931220.7835211525 1929699.173311091 9
931220.5419648036 1929698.875732677 9
931220.3092636939 1929698.5780814127 9
931220.192776215 1929698.4126143628 9
931219.9511285471 1929698.1039416865 9
931219.7095721407 1929697.8063632965 9
931219.5842293826 1929697.6409691123 9
931219.3514369255 1929697.3322235956 9
931219.2260941556 1929697.166829418 9
931218.9844464167 1929696.8581567686 9
931218.8679588884 1929696.6926897378 9
931218.617364584 1929696.3729956783 9
931218.3757168003 1929696.0643230453 9
931218.2503739926 1929695.8989288837 9
931218.1250311799 1929695.7335347203 9
931217.8833833577 1929695.4248621026 9
931217.6505907775 1929695.1161166327 9
931217.4178894624 1929694.8184654485 9
931217.185188131 1929694.520814269 9
931216.9613420416 1929694.223090236 9
931216.7374959342 1929693.9253662087 9
931216.5225963556 1929693.6386636074 9
931216.3076967625 1929693.3519610097 9
931216.0839418952 1929693.0653312793 9
931215.8691335566 1929692.7897229714 9
931215.6631804644 1929692.5140418084 9
931215.4483720982 1929692.2384335133 9
931215.2425102659 1929691.9738466395 9
931215.0365571334 1929691.6981654912 9
931214.8306952707 1929691.4335786272 9
931214.6248333995 1929691.168991769 9
931214.4189715132 1929690.9044049142 9
931214.2131096141 1929690.6398180658 9
931214.007430275 1929690.3974197793 9
931213.8015683506 1929690.132832941 9
931213.5958889873 1929689.8904346658 9
931213.3989735882 1929689.6368692522 9
931213.1932029139 1929689.383376707 9
931212.9963787787 1929689.1409055812 9
931212.7906993682 1929688.8985073252 9
931212.5938752102 1929688.656036209 9
931212.3881957763 1929688.4136379631 9
931212.1913715977 1929688.1711668554 9
931211.9857834295 1929687.9398628979 9
931211.7801039605 1929687.6974646652 9
931211.5832797455 1929687.454993574 9
931211.3688362773 1929687.2237624964 9
931211.1631567732 1929686.98136428 9
931210.9574772574 1929686.7389660678 9
931210.7429424629 1929686.4966407274 9
931210.5284076561 1929686.254315393 9
931210.3050175699 1929686.012062931 9
931210.0815361792 1929685.7587161954 9
931209.8581460669 1929685.5164637454 9
931209.6258093793 1929685.263189889 9
931209.39347268 1929685.0099160396 9
931209.1522806982 1929684.7567150653 9
931208.9199439706 1929684.5034412288 9
931208.6787519577 1929684.250240268 9
931208.4375599326 1929683.9970393134 9
931208.2053144565 1929683.754859776 9
931207.9730689671 1929683.5126802449 9
931207.7408234642 1929683.2705007195 9
931207.5086692407 1929683.0394154817 9
931207.2764237114 1929682.7972359697 9
931207.061980006 1929682.566004999 9
931206.8387723136 1929682.3459411866 9
931206.6155646094 1929682.1258773794 9
931206.3923568934 1929681.9058135776 9
931206.1691491659 1929681.6857497825 9
931205.9370861544 1929681.465758865 9
931205.7050231285 1929681.2457679545 9
931205.4729600928 1929681.0257770484 9
931205.232041772 1929680.8058590223 9
931204.9911234364 1929680.5859410025 9
931204.7414411155 1929680.377190142 9
931204.5005227568 1929680.1572721356 9
931204.2507491119 1929679.9374270106 9
931203.992211477 1929679.7287490447 9
931203.7424378059 1929679.5089039353 9
931203.4838088448 1929679.2891317059 9
931203.2252711729 1929679.0804537649 9
931202.9666421874 1929678.8606815517 9
931202.708013186 1929678.640909347 9
931202.4494754724 1929678.4322314295 9
931202.1820824726 1929678.2236263945 9
931201.9147807594 1929678.0261156475 9
931201.6473877332 1929677.8175106295 9
931201.3799946913 1929677.6089056202 9
931201.1126016384 1929677.4003006185 9
931200.8452998734 1929677.2027899048 9
931200.577906794 1929676.9941849208 9
931200.3106050034 1929676.7966742238 9
931200.0433032023 1929676.599163537 9
931199.7672374136 1929676.4128200135 9
931199.5000268903 1929676.226403622 9
931199.2328163573 1929676.0399872377 9
931198.9744610882 1929675.8534979832 9
931198.7073418378 1929675.6781758943 9
931198.4403138806 1929675.5139480946 9
931198.1909051654 1929675.3384802628 9
931197.9326411608 1929675.1630853196 9
931197.6833237298 1929674.9987117825 9
931197.4339149831 1929674.8232439742 9
931197.1845062237 1929674.6477761723 9
931196.935097456 1929674.472308378 9
931196.6946352666 1929674.307861988 9
931196.4453177877 1929674.1434884877 9
931196.2048555769 1929673.979042112 9
931195.9643020488 1929673.803501464 9
931195.7237485106 1929673.6279608237 9
931195.4744309898 1929673.4635873518 9
931195.2338774314 1929673.288046725 9
931194.9934151741 1929673.1236003833 9
931194.7440063122 1929672.9481326542 9
931194.5034527236 1929672.7725920486 9
931194.2628991248 1929672.597051449 9
931194.0224368284 1929672.4326051346 9
931193.7730279253 1929672.2571374339 9
931193.523619014 1929672.0816697408 9
931193.2830653723 1929671.9061291693 9
931193.0336564401 1929671.7306614898 9
931192.7841561832 1929671.5440995395 9
931192.5436025127 1929671.3685589894 9
931192.2942848613 1929671.204185611 9
931192.0447845722 1929671.0176236806 9
931191.8042308686 1929670.842083153 9
931191.5548218733 1929670.666615516 9
931191.3142681515 1929670.4910750012 9
931191.0648591331 1929670.3156073804 9
931190.833251994 1929670.1510882683 9
931190.6016448413 1929669.9865691634 9
931190.3878395681 1929669.8329985698 9
931190.1829808893 1929669.6904493708 9
931190.0047793784 1929669.5587757912 9
931189.8355244626 1929669.4381236045 9
931189.6039172725 1929669.2736045278 9
931189.3990585667 1929669.1310553486 9
931189.2386589189 1929669.0103302847 9
931189.0693126642 1929668.8785838345 9
931188.9176769735 1929668.7466916093 9
931188.757094675 1929668.603777997 9
931188.6229869075 1929668.4495514394 9
931188.480023851 1929668.2953977745 9
931188.3458247561 1929668.1300769434 9
931188.1938237601 1929667.9538076161 9
931188.0595333338 1929667.7773925087 9
931187.9340981889 1929667.6009045134 9
