931198.4015398099 1929623.4563866984 9
931198.2497208599 1929623.3023057478 9
931198.0887726514 1929623.115014843 9
931197.9099311578 1929622.9056811458 9
931197.7309983469 1929622.685253173 9
931197.5341722447 1929622.4427824076 9
931197.4088279589 1929622.277388554 9
931197.2567350472 1929622.090024787 9
931197.1134974663 1929621.9025881414 9
931196.9614958484 1929621.7263186565 9
931196.800456276 1929621.5279335 9
931196.6304700506 1929621.3185269479 9
931196.4693391551 1929621.1090475186 9
931196.2904062687 1929620.8886195777 9
931196.1027093444 1929620.679358799 9
931195.9326317783 1929620.4588579824 9
931195.744843527 1929620.2385029336 9
931195.5481086196 1929620.0071264924 9
931195.3513737015 1929619.7757500557 9
931195.1369280968 1929619.5445193888 9
931194.9223911706 1929619.3021944491 9
931194.6989075837 1929619.0488481184 9
931194.4755152938 1929618.8065960729 9
931194.2431763414 1929618.553322637 9
931194.010928686 1929618.311143486 9
931193.7875363566 1929618.0688914582 9
931193.5641440144 1929617.826639435 9
931193.331896317 1929617.5844603034 9
931193.0907019563 1929617.3312597843 9
931192.8584542339 1929617.0890806632 9
931192.6349705262 1929616.8357343893 9
931192.4025401488 1929616.5713667267 9
931192.1701097614 1929616.3069990706 9
931191.9376793548 1929616.0426314208 9
931191.6963022802 1929615.7672423844 9
931191.463780532 1929615.4917804694 9
931191.2223121093 1929615.2052971688 9
931190.9808436726 1929614.9188138752 9
931190.7482305625 1929614.6322577016 9
931190.5157087521 1929614.3567958127 9
931190.2831869242 1929614.081333929 9
931190.0506650857 1929613.8058720538 9
931189.8358539182 1929613.5302644067 9
931189.6034233619 1929613.2658968212 9
931189.3886121662 1929612.9902891875 9
931189.1649456113 1929612.7147544464 9
931188.9502257047 1929612.450241102 9
931188.7265591212 1929612.174706373 9
931188.511839187 1929611.9101930389 9
931188.288172575 1929611.634658322 9
931188.0733612948 1929611.3590507202 9
931187.8586413196 1929611.0945374032 9
931187.6350659836 1929610.830096981 9
931187.4202546617 1929610.5544893977 9
931187.1965879758 1929610.2789547083 9
931186.9729212776 1929610.0034200253 9
931186.7581099131 1929609.727812458 9
931186.534443186 1929609.4522777859 9
931186.3107764443 1929609.1767431214 9
931186.0781630175 1929608.8901870765 9
931185.8456408965 1929608.6147253138 9
931185.613118758 1929608.3392635598 9
931185.3805966065 1929608.0638018113 9
931185.1392190895 1929607.7884129619 9
931184.9066055848 1929607.5018569476 9
931184.6740833849 1929607.2263952189 9
931184.4414698512 1929606.9398392194 9
931184.2000009455 1929606.653356118 9
931183.9586233494 1929606.3779673018 9
931183.7171544135 1929606.0914842135 9
931183.4755941344 1929605.7939068573 9
931183.2429805183 1929605.507350889 9
931183.001420208 1929605.2097735442 9
931182.7687152319 1929604.9121233115 9
931182.536010244 1929604.6144730854 9
931182.3032139093 1929604.3057285885 9
931182.0615622053 1929603.997056992 9
931181.8199104813 1929603.6883854026 9
931181.5871140973 1929603.3796409247 9
931181.3543176961 1929603.070896452 9
931181.1126659221 1929602.762224883 9
931180.879778159 1929602.4423861473 9
931180.6382176756 1929602.1448088698 9
931180.5128727579 1929601.9794152663 9
931180.271220922 1929601.6707437215 9
931180.0294777397 1929601.3509779053 9
931179.7966812259 1929601.0422334764 9
931179.5550293371 1929600.7335619528 9
931179.3133774285 1929600.424890435 9
931179.080580863 1929600.1161460252 9
931178.8389289194 1929599.8074745222 9
931178.7135839319 1929599.6420809443 9
931178.4807873231 1929599.3333365507 9
931178.2302799775 1929599.024737964 9
931178.1137903265 1929598.8592714951 9
931177.87204698 1929598.5395057406 9
931177.6215395888 1929598.2309071736 9
931177.3798875402 1929597.9222357096 9
931177.1382354741 1929597.6135642547 9
931176.896492055 1929597.2937985277 9
931176.65474862 1929596.9740328079 9
931176.4130965002 1929596.6653613744 9
931176.1714443628 1929596.3566899458 9
931175.9208455083 1929596.036997149 9
931175.804355771 1929595.871530713 9
931175.5627035865 1929595.5628593015 9
931175.3210513867 1929595.2541878968 9
931175.079399169 1929594.9455165016 9
931174.8377469338 1929594.6368451111 9
931174.5871479801 1929594.317152354 9
931174.4618028258 1929594.1517588391 9
931174.3364576689 1929593.9863653262 9
931174.1934017764 1929593.8211176228 9
931174.0591099048 1929593.6447027405 9
931173.92481803 1929593.468287861 9
931173.7816707835 1929593.291945886 9
931173.6385235289 1929593.1156039156 9
931173.5043229742 1929592.950283318 9
931173.3700310767 1929592.773868447 9
931173.2358305114 1929592.6085478573 9
931173.1104853076 1929592.4431543609 9
931172.9763760676 1929592.288928051 9
931172.7347236797 1929591.9802567202 9
931172.5020179803 1929591.6826067693 9
931172.2694949403 1929591.4071453798 9
931172.0458272556 1929591.131611092 9
931171.8311976037 1929590.8781924557 9
931171.6432253853 1929590.6356493847 9
931171.4464891292 1929590.404273501 9
931171.2764103083 1929590.1837731793 9
931171.106422819 1929589.9743671399 9
931170.9454733743 1929589.7870767498 9
931170.8022346625 1929589.5996405482 9
931170.6590872831 1929589.4232986278 9
931170.516031241 1929589.258050986 9
931170.3728838521 1929589.0817090701 9
931170.2207897427 1929588.8943457867 9
931170.0597489137 1929588.6959611366 9
931169.8898527086 1929588.4976493982 9
931169.7287205243 1929588.288170476 9
931169.5588243009 1929588.0898587455 9
931169.4067301577 1929587.9024954755 9
931169.2635827203 1929587.726153577 9
931169.1294733373 1929587.5719273281 9
931168.9594857421 1929587.3625213306 9
931168.8074829159 1929587.1862523505 9
931168.637495305 1929586.9768463597 9
931168.5121499278 1929586.8114529334 9
931168.351200363 1929586.624162593 9
931168.1723573583 1929586.414829522 9
931167.9756209065 1929586.183453718 9
931167.7610823513 1929585.9411294644 9
931167.5286503455 1929585.676762483 9
931167.3050736996 1929585.4123225955 9
931167.0636035968 1929585.1258399824 9
931166.8045140755 1929584.8505974757 9
931166.554097218 1929584.553093512 9
931166.4199877349 1929584.3988673065 9
931166.2858782469 1929584.2446411008 9
931166.151768754 1929584.0904149 9
931166.008803878 1929583.936261611 9
931165.8746943752 1929583.7820354132 9
931165.731729491 1929583.6278821307 9
931165.5887645995 1929583.4737288519 9
931165.4546550816 1929583.319502659 9
931165.3115988341 1929583.154255107 9
931165.168633929 1929583.0001018336 9
931165.0345243936 1929582.8458756479 9
931164.7664880098 1929582.5596118409 9
931164.5161623611 1929582.2732022146 9
931164.2748747744 1929582.008908235 9
931164.0336785219 1929581.7557085403 9
931163.8013376335 1929581.5024359373 9
931163.551194621 1929581.2382148942 9
931163.2921048653 1929580.9629724966 9
931163.02406836 1929580.6767087437 9
931162.881194722 1929580.533649787 9
931162.738321077 1929580.3905908319 9
931162.4614291567 1929580.1044000126 9
931162.19348395 1929579.8292305649 9
931161.9343941042 1929579.5539882076 9
931161.6753042414 1929579.2787458594 9
931161.4252524511 1929579.0256191553 9
931161.1839646739 1929578.7613252648 9
931160.9338214998 1929578.4971042974 9
931160.7014804259 1929578.243831781 9
931160.4691393403 1929577.9905592692 9
931160.2367068862 1929577.726192487 9
931160.0043657699 1929577.4729199887 9
931159.771933287 1929577.208553219 9
931159.5484475283 1929576.9552078126 9
931159.3160150168 1929576.6908410564 9
931159.0924378746 1929576.4264013856 9
931158.8688607184 1929576.161961721 9
931158.6364281615 1929575.8975949818 9
931158.4127596224 1929575.6220610514 9
931158.1803270362 1929575.357694325 9
931157.9565671083 1929575.0710661297 9
931157.732898523 1929574.795532218 9
931157.509138565 1929574.5089040333 9
931157.2765232055 1929574.222348776 9
931157.0527632168 1929573.9357206034 9
931156.8202391849 1929573.660259638 9
931156.5876237785 1929573.3737044006 9
931156.3549169947 1929573.076054891 9
931156.1223015565 1929572.7894996656 9
931155.8808307142 1929572.503017371 9
931155.6482152443 1929572.216462159 9
931155.4067443672 1929571.9299798775 9
931155.1652734762 1929571.643497602 9
931154.9149471791 1929571.3570882585 9
931154.6734762526 1929571.0706059972 9
931154.4142945318 1929570.7842695916 9
931154.1638768191 1929570.486765992 9
931153.9136418164 1929570.2114509558 9
931153.6632240713 1929569.913947369 9
931153.5291141194 1929569.7597213672 9
931153.2787877086 1929569.4733120715 9
931153.1446777426 1929569.3190860748 9
931152.8854959159 1929569.0327497167 9
931152.626222705 1929568.7353190875 9
931152.375713506 1929568.4267212641 9
931152.1164402585 1929568.1292906527 9
931151.9823302499 1929567.9750646737 9
931151.7318210048 1929567.6664668678 9
931151.4725477112 1929567.369036275 9
931151.3472017066 1929567.2036431013 9
931151.0967837796 1929566.9061395924 9
931150.8463658369 1929566.6086360898 9
931150.6137500334 1929566.3220810166 9
931150.3812255814 1929566.0466202255 9
931150.1664119051 1929565.7710135847 9
931149.9429255524 1929565.517668433 9
931149.7193478226 1929565.2532290078 9
931149.4868233096 1929564.9777682424 9
931149.2631541804 1929564.702234552 9
931149.0395764053 1929564.4377951468 9
931148.8427475464 1929564.1953255106 9
931148.6459186784 1929563.9528558787 9
931148.4581279339 1929563.7325018744 9
931148.2881393452 1929563.5230962902 9
