935658.088191 1916134.2949 3
935658.10746 1916134.49446 3
935658.135769 1916134.71613 3
935658.173288 1916134.98212 3
935658.228885 1916135.29234 3
935658.284823 1916135.64694 3
935658.312961 1916135.84643 3
935658.3411 1916136.04592 3
935658.369409 1916136.2676 3
935658.397548 1916136.46708 3
935658.444871 1916136.85504 3
935658.500978 1916137.23182 3
935658.556916 1916137.58643 3
935658.586245 1916137.94123 3
935658.633143 1916138.27371 3
935658.679871 1916138.584 3
935658.70886 1916138.89443 3
935658.755503 1916139.19363 3
935658.784151 1916139.45968 3
935658.8128 1916139.72574 3
935658.841449 1916139.99179 3
935658.869928 1916140.23565 3
935658.889367 1916140.4574 3
935658.908807 1916140.67914 3
935658.928076 1916140.8787 3
935658.95681 1916141.15585 3
935658.985288 1916141.39971 3
935659.004728 1916141.62145 3
935659.041906 1916141.84306 3
935659.061685 1916142.10918 3
935659.080954 1916142.30874 3
935659.100224 1916142.5083 3
935659.128533 1916142.72997 3
935659.147972 1916142.95172 3
935659.176451 1916143.19558 3
935659.213969 1916143.46157 3
935659.233663 1916143.71659 3
935659.280221 1916144.0047 3
935659.309125 1916144.30403 3
935659.346643 1916144.57002 3
935659.366763 1916144.88051 3
935659.395836 1916145.20204 3
935659.42474 1916145.50137 3
935659.453814 1916145.82289 3
935659.482803 1916146.13332 3
935659.502922 1916146.44382 3
935659.540781 1916146.75418 3
935659.5609 1916147.06468 3
935659.589719 1916147.35292 3
935659.618538 1916147.64116 3
935659.647356 1916147.9294 3
935659.676175 1916148.21764 3
935659.704909 1916148.49478 3
935659.742512 1916148.77186 3
935659.771416 1916149.0712 3
935659.809104 1916149.35937 3
935659.828884 1916149.62549 3
935659.866572 1916149.91366 3
935659.895391 1916150.2019 3
935659.924125 1916150.47905 3
935659.944244 1916150.78955 3
935659.973063 1916151.07779 3
935659.984057 1916151.35507 3
935660.012961 1916151.65441 3
935660.023956 1916151.93169 3
935660.05269 1916152.20883 3
935660.064024 1916152.53049 3
935660.083974 1916152.8188 3
935660.077314 1916153.10731 3
935660.088394 1916153.39569 3
935660.090689 1916153.69523 3
935660.084115 1916153.99484 3
935660.095365 1916154.3054 3
935660.088876 1916154.6161 3
935660.082556 1916154.94899 3
935660.076067 1916155.25969 3
935660.078617 1916155.59251 3
935660.063344 1916155.91437 3
935660.04807 1916156.23624 3
935660.05062 1916156.56906 3
935660.035516 1916156.91311 3
935660.020413 1916157.25716 3
935660.014093 1916157.59005 3
935659.990035 1916157.92307 3
935659.974931 1916158.26712 3
935659.968612 1916158.60001 3
935659.962378 1916158.94399 3
935659.956144 1916159.28797 3
935659.94104 1916159.63202 3
935659.934976 1916159.9982 3
935659.919957 1916160.35334 3
935659.904853 1916160.69739 3
935659.898789 1916161.06356 3
935659.892725 1916161.42973 3
935659.886491 1916161.77371 3
935659.889296 1916162.13982 3
935659.883062 1916162.4838 3
935659.876827 1916162.82778 3
935659.879463 1916163.1717 3
935659.882098 1916163.51561 3
935659.884988 1916163.89281 3
935659.887709 1916164.24782 3
935659.890344 1916164.59173 3
935659.884195 1916164.94681 3
935659.869176 1916165.30195 3
935659.863197 1916165.67922 3
935659.830524 1916166.04559 3
935659.806721 1916166.4119 3
935659.791787 1916166.77814 3
935659.767899 1916167.13335 3
935659.726357 1916167.49979 3
935659.702383 1916167.84391 3
935659.669711 1916168.21028 3
935659.627999 1916168.55454 3
935659.595156 1916168.89873 3
935659.589007 1916169.2538 3
935659.556079 1916169.58689 3
935659.54993 1916169.94197 3
935659.543526 1916170.26377 3
935659.528422 1916170.60782 3
935659.522103 1916170.9407 3
935659.524653 1916171.27353 3
935659.527033 1916171.58416 3
935659.51159 1916171.88383 3
935659.5138 1916172.17228 3
935659.506971 1916172.4386 3
935659.509011 1916172.70486 3
935659.502011 1916172.94899 3
935659.503797 1916173.18197 3
935659.505412 1916173.39275 3
935659.507027 1916173.60354 3
935659.500198 1916173.86987 3
935659.493199 1916174.114 3
935659.495154 1916174.36916 3
935659.487899 1916174.58002 3
