955636.80258 1957135.85445 2
955637.022393 1957135.69794 2
955637.198375 1957135.59715 2
955637.426955 1957135.4295 2
955637.593932 1957135.29547 2
955637.80492 1957135.13901 2
955638.007082 1957134.9826 2
955638.200537 1957134.84842 2
955638.385225 1957134.72539 2
955638.543317 1957134.58031 2
955638.727946 1957134.44618 2
955638.938994 1957134.30082 2
955639.141156 1957134.14441 2
955639.352143 1957133.98795 2
955639.571957 1957133.83144 2
955639.765353 1957133.68617 2
955639.941215 1957133.56319 2
955640.143377 1957133.40678 2
955640.345658 1957133.27256 2
955640.547879 1957133.12724 2
955640.750042 1957132.97083 2
955640.961089 1957132.82546 2
955641.163251 1957132.66905 2
955641.365532 1957132.53483 2
955641.576579 1957132.38947 2
955641.796393 1957132.23296 2
955641.989788 1957132.08769 2
955642.165651 1957131.96471 2
955642.35028 1957131.83058 2
955642.570094 1957131.67408 2
955642.781022 1957131.50652 2
955642.974596 1957131.39454 2
955643.132808 1957131.27165 2
955643.343795 1957131.11519 2
955643.537251 1957130.98101 2
955643.739531 1957130.84679 2
955643.968349 1957130.72352 2
955644.153216 1957130.63377 2
955644.417218 1957130.48813 2
955644.619677 1957130.38719 2
955644.81343 1957130.30849 2
955645.007122 1957130.21869 2
955645.280307 1957130.13956 2
955645.57979 1957130.02701 2
955645.782487 1957129.97045 2
955645.976239 1957129.89175 2
955646.187821 1957129.84624 2
955646.469891 1957129.77816 2
955646.663762 1957129.72165 2
955646.937006 1957129.65361 2
955647.16618 1957129.59691 2
955647.377702 1957129.54031 2
955647.677364 1957129.46104 2
955647.941842 1957129.40415 2
955648.206141 1957129.31397 2
955648.435315 1957129.25727 2
955648.699615 1957129.1671 2
955648.964151 1957129.1213 2
955649.158022 1957129.06479 2
955649.457684 1957128.98552 2
955649.695625 1957128.91768 2
955649.916033 1957128.87212 2
955650.127615 1957128.82661 2
955650.330371 1957128.78114 2
955650.594848 1957128.72425 2
955650.806252 1957128.64546 2
955651.053197 1957128.61085 2
955651.264719 1957128.55424 2
955651.546849 1957128.49726 2
955651.793556 1957128.41827 2
955652.049326 1957128.38362 2
955652.313625 1957128.29345 2
955652.60458 1957128.23641 2
955652.868999 1957128.16843 2
955653.098173 1957128.11173 2
955653.318521 1957128.05507 2
955653.547696 1957127.99837 2
955653.785636 1957127.93053 2
955654.014811 1957127.87383 2
955654.252751 1957127.80599 2
955654.561358 1957127.74886 2
955654.843546 1957127.70297 2
955655.099198 1957127.64613 2
955655.337198 1957127.58938 2
955655.592909 1957127.54363 2
955655.875157 1957127.50883 2
955656.121805 1957127.41875 2
955656.333506 1957127.39543 2
955656.553854 1957127.33878 2
955656.756729 1957127.3155 2
955656.959308 1957127.23675 2
955657.162123 1957127.20238 2
955657.435427 1957127.14545 2
955657.638183 1957127.09998 2
955657.84088 1957127.04342 2
955658.043695 1957127.00905 2
955658.255218 1957126.95245 2
955658.502163 1957126.91784 2
955658.713923 1957126.90561 2
955658.91662 1957126.84905 2
955659.172212 1957126.78111 2
955659.445516 1957126.72418 2
955659.64845 1957126.712 2
955659.913046 1957126.6773 2
955660.151106 1957126.63164 2
955660.353922 1957126.59727 2
955660.565622 1957126.57395 2
955660.874289 1957126.52792 2
955661.121293 1957126.50441 2
955661.394537 1957126.43637 2
955661.641481 1957126.40177 2
955661.932437 1957126.34474 2
955662.179381 1957126.31013 2
955662.399908 1957126.28676 2
955662.655679 1957126.25211 2
955662.981996 1957126.20598 2
955663.219996 1957126.14923 2
955663.440523 1957126.12586 2
955663.775667 1957126.07969 2
955663.978423 1957126.03423 2
955664.181239 1957125.99986 2
955664.419417 1957125.97639 2
955664.69278 1957125.93055 2
955664.921954 1957125.87385 2
955665.160133 1957125.85038 2
955665.398192 1957125.80473 2
955665.601067 1957125.78145 2
955665.839067 1957125.72471 2
955666.050768 1957125.70138 2
955666.26241 1957125.66697 2
955666.518062 1957125.61012 2
955666.791484 1957125.57538 2
955667.047314 1957125.55182 2
955667.391224 1957125.4945 2
955667.664468 1957125.42647 2
955667.902587 1957125.39191 2
955668.193602 1957125.34598 2
955668.414069 1957125.31151 2
955668.687491 1957125.27676 2
955668.90784 1957125.22011 2
955669.119422 1957125.1746 2
955669.357482 1957125.12895 2
955669.560416 1957125.11676 2
955669.780883 1957125.0823 2
955670.054246 1957125.03646 2
955670.336494 1957125.00166 2
955670.636216 1957124.93349 2
955670.847917 1957124.91017 2
955671.059618 1957124.88685 2
