955533.625481081 1957015.7171708008 2
955533.7923402801 1957015.5609466552 2
955534.0909335741 1957015.281971592 2
955534.3985314459 1957015.0362329315 2
955534.7588467941 1957014.7458317506 2
955535.1805269513 1957014.377436941 2
955535.6551032326 1957013.9976633817 2
955536.1383268808 1957013.5845587347 2
955536.6126650992 1957013.1604068945 2
955537.1311330613 1957012.7360182689 2
955537.6759598213 1957012.2892984208 2
955538.247323996 1957011.8535311106 2
955538.809921823 1957011.4289057862 2
955539.346160954 1957011.0266117493 2
955539.8383299662 1957010.6356491316 2
955540.3305585572 1957010.2557811276 2
955540.8492054862 1957009.8646764953 2
955541.385504348 1957009.4734771773 2
955541.9305696725 1957009.0711359545 2
955542.4491572212 1957008.668936839 2
955542.9325005761 1957008.2780217652 2
955543.4601522795 1957007.9201536959 2
955543.917375059 1957007.595948257 2
955544.2954620062 1957007.327641958 2
