931282.5928002939 1929798.8087393239 0
931282.727177873 1929798.9962502061 0
931282.8616466423 1929799.1948553713 0
931282.9959330088 1929799.371271978 0
931283.139348112 1929799.5808986358 0
931283.3005646947 1929799.801473994 0
931283.4170495542 1929799.9669419087 0
931283.5423895564 1929800.132337036 0
931283.6767670913 1929800.319847934 0
931283.8021982783 1929800.4963373432 0
931283.9454309462 1929800.6837754562 0
931284.0886636078 1929800.871213569 0
931284.2319874619 1929801.0697459653 0
931284.375311307 1929801.268278363 0
931284.5275814878 1929801.4778322536 0
931284.6887979982 1929801.6984076395 0
931284.8500145025 1929801.9189830248 0
931285.0112309962 1929802.1395584159 0
931285.1725386792 1929802.3712280896 0
931285.342792691 1929802.613919256 0
931285.5129554959 1929802.8455161469 0
931285.6920646306 1929803.0881345333 0
931285.8712649472 1929803.3418472018 0
931286.0593203969 1929803.5954870866 0
931286.2473758352 1929803.8491269741 0
931286.4442864034 1929804.102694081 0
931286.6412881509 1929804.3673554705 0
931286.847145031 1929804.631944075 0
931287.0618570361 1929804.8964599 0
931287.2677138856 1929805.1610485166 0
931287.4824258641 1929805.425564351 0
931287.6972290212 1929805.7011744701 0
931287.9120321644 1929805.9767845972 0
931288.1356904345 1929806.252321942 0
931288.3593486877 1929806.5278592918 0
931288.5830981174 1929806.8144909278 0
931288.8156114789 1929807.0899555038 0
931289.0482160179 1929807.3765143675 0
931289.2807293464 1929807.6519789577 0
931289.4955323883 1929807.9275891236 0
931289.7279545021 1929808.1919594437 0
931289.9338111902 1929808.4565481248 0
931290.1485230013 1929808.721064027 0
931290.3541972858 1929808.9634641574 0
931290.5511076116 1929809.2170313576 0
931290.7568730584 1929809.4705257793 0
931290.9537833625 1929809.7240929874 0
931291.1417473279 1929809.9666387034 0
931291.3297112847 1929810.2091844257 0
931291.5176752307 1929810.4517301503 0
931291.7056391661 1929810.694275879 0
931291.8936030882 1929810.9368216135 0
931292.0727118686 1929811.179440133 0
931292.2519118227 1929811.4331529366 0
931292.4310205822 1929811.6757714662 0
931292.6189844641 1929811.9183172141 0
931292.7981843884 1929812.1720300305 0
931292.9773842997 1929812.4257428497 0
931293.1653481494 1929812.6682886118 0
931293.3445480415 1929812.9220014396 0
931293.5326030541 1929813.1756414887 0
931293.7207492399 1929813.4403758226 0
931293.9088042275 1929813.6940158838 0
931294.0968592061 1929813.9476559462 0
931294.2849141734 1929814.2012960124 0
931294.4729691294 1929814.4549360827 0
931294.6698792016 1929814.7085033779 0
931294.8579341349 1929814.9621434596 0
931295.054844186 1929815.2157107631 0
931295.2429902789 1929815.480445132 0
931295.4399003063 1929815.7340124447 0
931295.6368103196 1929815.987579762 0
931295.8338115051 1929816.2522413654 0
931296.039667806 1929816.516830195 0
931296.2454329128 1929816.770324749 0
931296.442434061 1929817.0349863658 0
931296.6482903238 1929817.2995752099 0
931296.8541465736 1929817.5641640585 0
931297.0511476843 1929817.8288256903 0
931297.2570950885 1929818.104508829 0
931297.454096174 1929818.3691704706 0
931297.6600435497 1929818.6448536213 0
931297.8571357913 1929818.9206095515 0
931298.0541368369 1929819.1852712051 0
931298.2423739263 1929819.461099921 0
931298.4395573061 1929819.7479501453 0
931298.6366494945 1929820.023706095 0
931298.8338328479 1929820.3105563272 0
931299.0310161856 1929820.5974065661 0
931299.2281995147 1929820.8842568088 0
931299.4343291254 1929821.1821285626 0
931299.6403675473 1929821.4689060412 0
931299.8375508331 1929821.755756298 0
931300.0257878077 1929822.0315850521 0
931300.2139335938 1929822.296319532 0
931300.4019881904 1929822.5499597348 0
931300.5811876568 1929822.8036727156 0
931300.7513496412 1929823.0352699107 0
931300.9215116163 1929823.266867111 0
931301.0915824049 1929823.4873700328 0
931301.2527068901 1929823.6968514505 0
931301.4226864892 1929823.9062600986 0
931301.566009547 1929824.1047927875 0
931301.7180965411 1929824.2921584274 0
931301.8701835285 1929824.4795240683 0
931302.0134153902 1929824.6669624834 0
931302.1566472477 1929824.8544009014 0
931302.3087342152 1929825.0417665492 0
931302.4518748866 1929825.2181106932 0
931302.6038706681 1929825.3943820666 0
931302.7559576182 1929825.5817477228 0
931302.8991894416 1929825.7691861552 0
931303.0511852037 1929825.9454575365 0
931303.2031809618 1929826.1217289192 0
931303.346412766 1929826.3091673586 0
931303.5073548001 1929826.496460258 0
931303.6505865913 1929826.6838987016 0
931303.8025823213 1929826.8601700964 0
931303.9546692184 1929827.047535774 0
931304.1067561065 1929827.2349014566 0
931304.2587518193 1929827.4111728591 0
931304.4108386941 1929827.598538546 0
931304.5630167348 1929827.7969985148 0
931304.7151035959 1929827.9843642064 0
931304.8671904525 1929828.1717299025 0
931305.0282235849 1929828.3701171118 0
931305.180401595 1929828.5685770933 0
931305.3414347146 1929828.7669643075 0
931305.5114141104 1929828.976373037 0
931305.6814846643 1929829.1968760516 0
931305.8516463805 1929829.4284733504 0
931306.0217169188 1929829.648976372 0
931306.1918786142 1929829.8805736764 0
931306.3621314708 1929830.1232652662 0
931306.5411482604 1929830.3547898103 0
931306.711492265 1929830.6085756887 0
931306.8817450921 1929830.851267288 0
931307.0608530191 1929831.0938861254 0
931307.2222507147 1929831.3366504975 0
931307.3835572319 1929831.5683205926 0
931307.5360086312 1929831.8000634601 0
931307.6794225761 1929832.0096905306 0
931307.8226541837 1929832.1971290456 0
931307.9570306721 1929832.3846403281 0
931308.0914071545 1929832.572151612 0
931308.2167461892 1929832.7375471026 0
931308.386907765 1929832.9691444514 0
931308.5480318887 1929833.1786260086 0
931308.6824083477 1929833.3661373018 0
931308.807747359 1929833.5315328022 0
931308.950887749 1929833.7078770543 0
931309.07622675 1929833.873272557 0
931309.2015657462 1929834.0386680625 0
931309.3180496289 1929834.2041363346 0
931309.4702274357 1929834.402596392 0
931309.5955664163 1929834.5679919017 0
931309.7655455901 1929834.777400717 0
931309.9086859388 1929834.9537449868 0
931310.0608637161 1929835.1522050553 0
931310.2309340297 1929835.3727081607 0
931310.4188057117 1929835.604160023 0
931310.544144656 1929835.769555549 0
931310.6783387023 1929835.9348783111 0
931310.8125327455 1929836.1002010775 0
931310.9468179436 1929836.2766181268 0
931311.0899582423 1929836.4529624158 0
931311.2242434289 1929836.6293794685 0
931311.367383718 1929836.805723761 0
931311.510523999 1929836.982068057 0
931311.6627017043 1929837.1805281532 0
931311.8059331338 1929837.367966734 0
931311.949164557 1929837.5554053192 0
931312.1012510811 1929837.7427711436 0
931312.2533375961 1929837.9301369698 0
931312.4055152669 1929838.128597081 0
931312.5577840885 1929838.338151474 0
931312.709961745 1929838.5366115896 0
931312.8622305517 1929838.7461659892 0
931313.0233544544 1929838.955647632 0
931313.1844783515 1929839.1651292755 0
931313.3456933975 1929839.3857052033 0
931313.5157635403 1929839.606208375 0
931313.6769785715 1929839.82678431 0
931313.838193592 1929840.0473602496 0
931314.0082637087 1929840.2678634292 0
931314.1784249721 1929840.4994608955 0
931314.3486773865 1929840.742152644 0
931314.527693735 1929840.9736773581 0
931314.6978549701 1929841.2052748331 0
931314.8769624564 1929841.447893835 0
931315.0560699323 1929841.6905128402 0
931315.2440324962 1929841.9330590903 0
931315.4319950516 1929842.1756053444 0
931315.6111936525 1929842.4293186432 0
931315.808011286 1929842.6717921477 0
931316.0049200616 1929842.9253599392 0
931316.1929737285 1929843.179000491 0
931316.389882483 1929843.4325682905 0
931316.5868823808 1929843.6972303754 0
931316.7927373643 1929843.9618197079 0
931316.9897372371 1929844.226481802 0
931317.1955921953 1929844.4910711444 0
931317.4103022378 1929844.7555877357 0
931317.61615717 1929845.0201770873 0
931317.8220120892 1929845.2847664466 0
931318.0368132452 1929845.5603773347 0
931318.2516143871 1929845.8359882273 0
931318.4663243626 1929846.1005048447 0
931318.6722703811 1929846.3761885045 0
931318.8870714816 1929846.6517994134 0
931319.1018725681 1929846.9274103285 0
931319.3078185457 1929847.203094004 0
931319.5225284534 1929847.4676106484 0
931319.7374206494 1929847.7543158603 0
931319.9523128307 1929848.0410210774 0
931320.1760600912 1929848.3276535475 0
931320.3820971497 1929848.6144315284 0
931320.5970804372 1929848.9122310416 0
931320.8119725601 1929849.1989362813 0
931321.03581091 1929849.4966630547 0
931321.2507941521 1929849.7944625865 0
931321.4657773791 1929850.0922621223 0
931321.6897068308 1929850.4010831935 0
931321.904781175 1929850.709977022 0
931322.1197643557 1929851.0077765756 0
931322.3436937593 1929851.3165976652 0
931322.5676231489 1929851.6254187596 0
931322.7915525198 1929851.934239859 0
931323.0154818745 1929852.2430609656 0
931323.2394112127 1929852.551882077 0
931323.4634316808 1929852.871797477 0
931323.6962160746 1929853.1805458523 0
931323.9201453633 1929853.4893669814 0
931324.1529297257 1929853.798115368 0
931324.3946603012 1929854.1178852941 0
931324.6274446266 1929854.426633695 0
931324.8690840219 1929854.7353093517 0
931325.1018683132 1929855.0440577653 0
931325.3524539055 1929855.3637549693 0
931325.5940932475 1929855.6724306473 0
931325.8445876596 1929855.9810335855 0
931326.0950820511 1929856.2896365316 0
931326.3367213395 1929856.5983122322 0
931326.470823604 1929856.7525409637 0
931326.5873068367 1929856.9180094725 0
931326.7214090938 1929857.0722382104 0
931326.9807585048 1929857.3807684344 0
931327.1060968027 1929857.5461642046 0
931327.356591104 1929857.8547671875 0
931327.4906933298 1929858.008995936 0
931327.7323325181 1929858.3176716757 0
931327.9738805507 1929858.6152531405 0
931328.2155197039 1929858.923928894 0
931328.4571588396 1929859.2326046536 0
931328.6898517366 1929859.5302588842 0
931328.913689536 1929859.827985866 0
931329.1464735416 1929860.1367343892 0
931329.3791663895 1929860.4343886382 0
931329.6030041407 1929860.7321156382 0
931329.8090405781 1929861.018893849 0
931330.0328782988 1929861.316620858 0
931330.2568071409 1929861.625442157 0
931330.4806448297 1929861.9231691775 0
931330.6867723453 1929862.221041691 0
931330.9017549248 1929862.518841467 0
931331.1255014312 1929862.805474224 0
931331.3403928445 1929863.0921797308 0
931331.5730855361 1929863.3898340398 0
931331.7879769194 1929863.676539557 0
931332.0028682882 1929863.9632450794 0
931332.2177596424 1929864.2499506066 0
931332.4415060561 1929864.536583399 0
931332.665252459 1929864.8232161982 0
931332.880052635 1929865.0988274626 0
931333.094852797 1929865.3744387324 0
931333.3096529449 1929865.6500500066 0
931333.5334904199 1929865.9477771088 0
931333.7483816717 1929866.2344826763 0
931333.9721279832 1929866.5211155096 0
931334.1957831472 1929866.7966540668 0
931334.4195294287 1929867.0832869122 0
931334.6344206218 1929867.3699925009 0
931334.8671130796 1929867.6676469008 0
931335.0907681842 1929867.9431854826 0
931335.3146055357 1929868.2409126328 0
931335.5382606105 1929868.5164512247 0
931335.7531517292 1929868.8031568446 0
931335.9857529762 1929869.089716992 0
931336.2094991362 1929869.376349885 0
931336.4331541517 1929869.6518885016 0
931336.6569914108 1929869.9496156871 0
931336.8807375275 1929870.2362485963 0
931337.1044836269 1929870.5228815128 0
931337.328229711 1929870.8095144345 0
931337.55197578 1929871.0961473607 0
931337.7757218339 1929871.3827802956 0
931337.9994678725 1929871.6694132346 0
931338.223213896 1929871.9560461806 0
931338.4469599043 1929872.24267913 0
931338.6707058975 1929872.5293120882 0
931338.885596808 1929872.8160177853 0
931339.1093427734 1929873.1026507535 0
931339.3241425289 1929873.378262181 0
931339.5478884623 1929873.6648951597 0
931339.7627793143 1929873.951600881 0
931339.9865252175 1929874.2382338715 0
931340.1924698501 1929874.5139180527 0
931340.4073606586 1929874.800623788 0
931340.6222514526 1929875.087329529 0
931340.8195232244 1929875.3852750189 0
931341.0344139918 1929875.6719807712 0
931341.2405408017 1929875.9698535397 0
931341.4554315379 1929876.2565593019 0
931341.6704133821 1929876.5543593504 0
931341.8853040889 1929876.8410651227 0
931342.1001947811 1929877.1277709012 0
931342.3150854588 1929877.4144766848 0
931342.5299761218 1929877.7011824732 0
931342.7449578916 1929877.9989825487 0
931342.9598485254 1929878.2856883497 0
931343.1747391445 1929878.5723941552 0
931343.3896297491 1929878.8590999665 0
931343.604520339 1929879.1458057817 0
931343.8194109146 1929879.4325116042 0
931344.043247655 1929879.7302389839 0
931344.2669021412 1929880.0057778072 0
931344.4817926723 1929880.2924836467 0
931344.7055382481 1929880.579116762 0
931344.9292838086 1929880.8657498835 0
931345.1353192392 1929881.1525284671 0
931345.3589736499 1929881.428067318 0
931345.573864108 1929881.714773185 0
931345.7976096112 1929882.0014063292 0
931346.0213550971 1929882.28803948 0
931346.236154394 1929882.5636510814 0
931346.4598998502 1929882.850284244 0
931346.6747902348 1929883.1369901395 0
931346.8985356608 1929883.4236233127 0
931347.1133349004 1929883.699234936 0
931347.3282252413 1929883.9859408461 0
931347.5430244525 1929884.2615524814 0
931347.7579147646 1929884.548258403 0
931347.9639500075 1929884.8350370538 0
931348.1698941223 1929885.1107214282 0
931348.3847843915 1929885.3974273668 0
931348.5818734253 1929885.6731844759 0
931348.787908613 1929885.9599631478 0
931348.9938526736 1929886.2356475426 0
931349.1910327809 1929886.522498946 0
931349.3969768147 1929886.7981833492 0
931349.6030119453 1929887.0849620411 0
931349.8090470663 1929887.371740737 0
931350.0062271174 1929887.65859216 0
931350.212171097 1929887.9342765845 0
931350.4270612255 1929888.2209825742 0
931350.624150127 1929888.4967397307 0
931350.8300940662 1929888.7724241696 0
931351.0271829418 1929889.048181336 0
931351.233035744 1929889.312771504 0
931351.430124594 1929889.5885286776 0
931351.6271223214 1929889.8531915762 0
931351.8240289269 1929890.1067601983 0
931352.0209355182 1929890.3603288247 0
931352.2179332091 1929890.6249917361 0
931352.4058936221 1929890.8675388095 0
931352.5939451328 1929891.1211801686 0
931352.7819966322 1929891.374821532 0
931352.96995701 1929891.6173686183 0
931353.1579173794 1929891.8599157087 0
931353.3458777379 1929892.102462802 0
931353.5338380856 1929892.345009901 0
931353.7129433741 1929892.5876297222 0
931353.9008125936 1929892.8190825484 0
931354.0887729095 1929893.0616296586 0
931354.2677870628 1929893.293155209 0
931354.4556562492 1929893.5246080477 0
931354.6258153375 1929893.7562063222 0
931354.7957922053 1929893.9656160404 0
931354.9480589732 1929894.1751711955 0
931355.0912884786 1929894.3626105066 0
931355.2345179799 1929894.5500498216 0
931355.3598551748 1929894.7154460084 0
931355.4851923648 1929894.8808421972 0
931355.6552602932 1929895.1013462122 0
931355.7985808717 1929895.2998798166 0
931355.9597026361 1929895.5093622738 0
931356.0850398026 1929895.6747584718 0
931356.2193231108 1929895.851176237 0
931356.344751371 1929896.0276667199 0
931356.4701796258 1929896.2041572041 0
931356.6224463143 1929896.413712389 0
931356.7656757447 1929896.601151729 0
931356.9180335217 1929896.8218012003 0
931357.0970475157 1929897.0533268107 0
931357.2223846393 1929897.2187230252 0
931357.3478128584 1929897.3952135234 0
931357.4820961129 1929897.5716313084 0
931357.6253255047 1929897.7590706632 0
931357.759699852 1929897.9465827332 0
931357.9117842715 1929898.1339493787 0
931358.0551958473 1929898.3435773035 0
931358.2073713568 1929898.5420382344 0
931358.3684018964 1929898.740426455 0
931358.5296146327 1929898.9610032423 0
931358.6996823997 1929899.1815073183 0
931358.8697501556 1929899.4020113994 0
931359.0487640438 1929899.6335370522 0
931359.2276868199 1929899.8539684254 0
931359.4067006888 1929900.0854940868 0
931359.5678222704 1929900.2949766112 0
931359.728852747 1929900.493364858 0
931359.8810281786 1929900.6918258201 0
931360.0332036007 1929900.8902867832 0
931360.194234055 1929901.0886750398 0
931360.3552644996 1929901.2870632978 0
931360.525332172 1929901.507567412 0
931360.6953087355 1929901.7169772477 0
931360.8564302541 1929901.926459797 0
931361.0173695716 1929902.1137537856 0
931361.1605077129 1929902.2900989193 0
931361.2947908102 1929902.4665167637 0
931361.4288917076 1929902.6207460498 0
931361.5810670586 1929902.819207041 0
931361.733151308 1929903.0065737546 0