931362.7032693075 1929903.5977396201 0
931362.5601312233 1929903.4213944608 0
931362.4169020371 1929903.233955023 0
931362.2826189734 1929903.0575371596 0
931362.1393897749 1929902.8700977268 0
931361.9783594005 1929902.6717094348 0
931361.8082006953 1929902.440111011 0
931361.6291869426 1929902.2085853014 0
931361.5038499816 1929902.0431890213 0
931361.3784219185 1929901.8666984611 0
931361.2441388137 1929901.6902806147 0
931361.0920545302 1929901.502913911 0
931360.9488252789 1929901.3154744974 0
931360.7966498841 1929901.1170135173 0
931360.6356194449 1929900.91862525 0
931360.4744979019 1929900.7091427045 0
931360.3132852501 1929900.4885658808 0
931360.1432175542 1929900.2680617715 0
931359.9642948089 1929900.0476303773 0
931359.7852809572 1929899.816104706 0
931359.5973209554 1929899.5735574688 0
931359.4005059036 1929899.3310829476 0
931359.2036908406 1929899.088608433 0
931359.006784666 1929898.835039641 0
931358.8009323415 1929898.5704492852 0
931358.5950799996 1929898.3058589324 0
931358.3892276493 1929898.041268586 0
931358.1745202433 1929897.7767509595 0
931357.9597217222 1929897.5011390536 0
931357.7449231847 1929897.225527157 0
931357.5211784919 1929896.9388936963 0
931357.2974337838 1929896.6522602418 0
931357.0648340182 1929896.3656995087 0
931356.8409981765 1929896.0679717863 0
931356.6171623189 1929895.7702440682 0
931356.3933264434 1929895.472516358 0
931356.2768443257 1929895.3070474383 0
931356.0529173241 1929894.9982254545 0
931355.8288991996 1929894.6783091964 0
931355.7124170577 1929894.5128402857 0
931355.4883989098 1929894.1929240345 0
931355.3719167546 1929894.0274551294 0
931355.1390435359 1929893.7076116046 0
931354.9062614053 1929893.3988623682 0
931354.6823343033 1929893.0900404197 0
931354.4673533371 1929892.7922400427 2
931354.2436084136 1929892.5056066688 2
931354.0375735727 1929892.2188278644 2
931353.8227747757 1929891.9432160656 2
931353.6169221189 1929891.6786258353 2
931353.4110694472 1929891.4140356092 2
931353.2141629226 1929891.1604669509 2
931353.0261114319 1929890.906825579 2
931352.8292959898 1929890.6643512114 2
931352.6501906335 1929890.4217314094 2
931352.4622302204 1929890.1791843302 2
931352.2831248433 1929889.9365645333 2
931352.104019456 1929889.6939447434 2
931351.9338602173 1929889.4623465184 2
931351.7547548122 1929889.219726735 2
931351.5845044446 1929888.9770342351 2
931351.4143451797 1929888.7454360188 2
931351.2441859031 1929888.513837808 2
931351.0827905599 1929888.2710725968 2
931350.9126312647 1929888.0394743916 2
931350.7423808493 1929887.7967819073 2
931350.5722215376 1929887.56518371 2
931350.4020622143 1929887.3335855135 2
931350.2230478318 1929887.1020600437 2
931350.0528884897 1929886.8704618558 2
931349.8738740857 1929886.6389363925 2
931349.7036236124 1929886.3962439308 2
931349.515754138 1929886.164791199 2
931349.3366485916 1929885.9221714658 2
931349.1487790942 1929885.6907187423 2
931348.960909589 1929885.4592660223 2
931348.773040071 1929885.2278133067 2
931348.5850794291 1929884.9852663132 2
931348.3883548358 1929884.753886328 2
931348.2004852864 1929884.5224336258 2
931348.0126157268 1929884.2909809265 2
931347.8158911038 1929884.059600956 2
931347.6279304085 1929883.8170539846 2
931347.4400608175 1929883.585601298 2
931347.2432450447 1929883.3431270598 2
931347.0552843192 1929883.1005800995 2
931346.8584685219 1929882.8581058707 2
931346.6705077745 1929882.6155589204 2
931346.4736008405 1929882.3619904178 2
931346.2766938948 1929882.108421921 2
931346.0798780542 1929881.86594771 2
931345.8829710874 1929881.6123792215 2
931345.6950102821 1929881.3698322924 2
931345.4980121722 1929881.1051695312 2
931345.2923412271 1929880.8627680654 2
931345.1041981519 1929880.5980325863 2
931344.907291124 1929880.3444641207 2
931344.7102929655 1929880.0798013792 2
931344.5222409737 1929879.826160195 2
931344.3252427934 1929879.5614974622 2
931344.1282445986 1929879.2968347343 2
931343.9312463915 1929879.032172009 2
931343.743103233 1929878.7674365607 2
931343.5460138835 1929878.4916795641 2
931343.3490156395 1929878.2270168539 2
931343.1520173831 1929877.962354148 2
931342.9638741766 1929877.6976187164 2
931342.7668758959 1929877.4329560196 2
931342.5786415441 1929877.1571263159 2
931342.381643241 1929876.8924636277 2
931342.1845537991 1929876.6167066637 2
931341.9875554711 1929876.3520439854 2
931341.7904660061 1929876.0762870293 2
931341.593467651 1929875.8116243586 2
931341.3964692836 1929875.5469616945 2
931341.1993797806 1929875.2712047512 2
931340.9935263232 1929875.0066148266 2
931340.7965279205 1929874.741952176 2
931340.5905833137 1929874.4662679809 2
931340.3847298154 1929874.2016780698 2
931340.187731375 1929873.937015434 2
931339.9818778535 1929873.672425533 2
931339.7760243191 1929873.4078356382 2
931339.5789347135 1929873.1320787345 2
931339.3729900279 1929872.8563945668 2
931339.1672275804 1929872.6028989684 2
931338.9613739945 1929872.3383090943 2
931338.7555203957 1929872.0737192228 2
931338.5586129791 1929871.8201509044 2
931338.3527593573 1929871.5555610438 2
931338.1469057205 1929871.2909711879 2
931337.9411431958 1929871.0374756192 2
931337.7352895357 1929870.7728857733 2
931337.5295269884 1929870.5193902138 2
931337.3236733004 1929870.2548003793 2
931337.1179107281 1929870.001304829 2
931336.9120570148 1929869.736715003 2
931336.7062944174 1929869.4832194634 2
931336.5004406786 1929869.218629648 2
931336.2946780563 1929868.9651341196 2
931336.0976793637 1929868.700471578 2
931335.8919167167 1929868.446976058 2
931335.6772078547 1929868.1824589986 2
931335.4713540518 1929867.917869208 2
931335.2744464399 1929867.6643009654 2
931335.068683743 1929867.4108054661 2
931334.871684978 1929867.146142952 2
931334.665739991 1929866.8704588998 2
931334.4775962748 1929866.6057236574 2
931334.271742396 1929866.341133895 2
931334.0835075213 1929866.065304381 2
931333.8776536172 1929865.8007146288 2
931333.6805636446 1929865.524957861 2
931333.4834736547 1929865.249201099 2
931333.2775285807 1929864.97351708 2
931333.0804385672 1929864.697760327 2
931332.8744934644 1929864.4220763189 2
931332.6685483482 1929864.1463923156 2
931332.4626943531 1929863.881802598 2
931332.2567492104 1929863.6061186038 2
931332.0596591318 1929863.3303618736 2
931331.8448588846 1929863.0547506306 2
931331.6389137016 1929862.779066652 2
931331.433059641 1929862.5144769598 2
931331.2272055675 1929862.249887272 2
931331.0301154238 1929861.9741305665 2
931330.8154062453 1929861.7096136303 2
931330.6183160779 1929861.4338569348 2
931330.4123708154 1929861.1581729853 2
931330.2064255374 1929860.8824890424 2
931330.0004802503 1929860.6068051027 2
931329.7945349477 1929860.3311211688 2
931329.5885896317 1929860.0554372391 2
931329.3826443022 1929859.7797533167 2
931329.176790098 1929859.5151636782 2
931328.96198966 1929859.2395525083 2
931328.7561354295 1929858.9749628806 2
931328.5591362686 1929858.7103005138 2
931328.3531908729 1929858.434616614 2
931328.1473366037 1929858.170027001 2
931327.9414823217 1929857.9054373938 2
931327.7444831127 1929857.640775044 2
931327.5386288029 1929857.3761854467 2
931327.3327744824 1929857.111595853 2
931327.1269201514 1929856.8470062648 2
931326.9210658052 1929856.5824166818 2
931326.7240665313 1929856.317754358 2
931326.5183033018 1929856.0642590655 2
931326.3124489174 1929855.7996694967 2
931326.1065945203 1929855.5350799318 2
931325.9007401102 1929855.2704903742 2
931325.6949768304 1929855.0169951022 2
931325.4891223949 1929854.7524055531 2
931325.2743217157 1929854.4767944757 2
931325.0685583978 1929854.2232992193 2
931324.8626127791 1929853.947615405 2
931324.656849436 1929853.694120157 2
931324.4509949357 1929853.4295306336 2
931324.236194189 1929853.1539195846 2
931324.0304308078 1929852.9004243515 2
931323.8245762709 1929852.635834844 0
931323.6098666295 1929852.3713180907 0
931323.4039209158 1929852.0956343126 0
931323.189302394 1929851.8422118488 0
931322.9745927125 1929851.5776951117 0
931322.7687381081 1929851.3131056298 0
931322.5540284 1929851.0485889013 0
931322.339227531 1929850.7729779005 0
931322.1333728892 1929850.5083884327 0
931321.9185719928 1929850.2327774419 0
931321.7127173203 1929849.9681879848 0
931321.5156265829 1929849.6924314995 0
931321.309680738 1929849.416747773 0
931321.1037348798 1929849.1410640487 0
931320.8976978586 1929848.8542860495 0
931320.7006070666 1929848.578529584 0
931320.4945700183 1929848.2917515954 0
931320.2885329559 1929848.004973611 0
931320.0824958796 1929847.7181956316 0
931319.8764587893 1929847.4314176573 0
931319.67927678 1929847.1445669346 0
931319.4642934159 1929846.8467674425 0
931319.2582562857 1929846.5599894829 0
931319.0433640415 1929846.2732842858 0
931318.8284717848 1929845.98657909 0
931318.6135795136 1929845.6998739005 0
931318.4075423246 1929845.4130959623 0
931318.1926500245 1929845.126390785 0
931317.9778488631 1929844.8507798938 0
931317.7629565343 1929844.564074725 0
931317.5570104425 1929844.288391088 0
931317.3509731855 1929844.0016131764 0
931317.1361719681 1929843.726002305 0
931316.9214618888 1929843.461485721 0
931316.7155157428 1929843.1858021042 0
931316.5095695833 1929842.9101184919 0
931316.3036234127 1929842.6344348865 0
931316.0888221264 1929842.358824043 0
931315.8828759241 1929842.0831404454 0
931315.6769297107 1929841.8074568543 0
931315.4709834862 1929841.5317732673 0
931315.2650372458 1929841.2560896862 0
931315.0590909922 1929840.9804061106 0
931314.8531447251 1929840.70472254 0
931314.6382521851 1929840.4180174512 0
931314.4323058906 1929840.1423338898 0
931314.2262684248 1929839.855556052 0
931314.0113758419 1929839.5688509815 0
931313.7965744031 1929839.2932401947 0
931313.5905368951 1929839.006462373 0
931313.3844993731 1929838.7196845566 0
931313.1696978923 1929838.4440737858 0
931312.963751502 1929838.1683902605 0
931312.7488588336 1929837.8816852206 0
931312.5428212557 1929837.594907424 0
931312.3280197189 1929837.319296675 0
931312.1219821131 1929837.032518889 0
931311.9071805483 1929836.7569081523 0
931311.7012340758 1929836.4812246568 0
931311.4776685382 1929836.2167809717 0
931311.2628669316 1929835.9411702505 0
931311.0570115803 1929835.6765810526 0
931310.8423011086 1929835.4120646212 0
931310.6365368939 1929835.158569714 0
931310.4218263958 1929834.8940532934 0
931310.2160621558 1929834.640558396 0
931310.01020674 1929834.3759692227 0
931309.7955873661 1929834.1225470991 0
931309.5897319245 1929833.8579579366 0
931309.3751125248 1929833.6045358242 0
931309.169348222 1929833.3510409514 0
931308.9547287967 1929833.0976188497 0
931308.7400181936 1929832.833102473 0
931308.5342538529 1929832.5796076152 0
931308.3195432234 1929832.3150912484 0
931308.1049237463 1929832.0616691692 0
931307.8991593677 1929831.808174327 0
931307.6844486988 1929831.543657975 0
931307.4786842949 1929831.2901631456 0
931307.2728287117 1929831.025574039 0
931307.067064285 1929830.7720792172 0
931306.8612998415 1929830.5185844027 0
931306.655535388 1929830.2650895903 0
931306.4585348696 1929830.0004277362 0
931306.2527703913 1929829.7469329343 0
931306.0558610144 1929829.4933653714 0
931305.858860457 1929829.22870353 0
931305.6618598873 1929828.9640416952 0
931305.4648593052 1929828.6993798637 0
931305.2589124264 1929828.423696524 0
931305.0619118192 1929828.1590347032 0
931304.8649112019 1929827.894372885 0
931304.658964284 1929827.618689561 0
931304.4530173526 1929827.343006243 0
931304.2559255243 1929827.0672501586 0
931304.058833683 1929826.7914940799 0
931303.8527955407 1929826.5047164948 0
931303.646848556 1929826.229033196 0
931303.4408103861 1929825.9422556204 0
931303.2347722022 1929825.6554780495 0
931303.0288251768 1929825.3797947657 0
931302.8228781379 1929825.104111486 0
931302.607984794 1929824.817406704 0
931302.4019465545 1929824.530629153 0
931302.1959994746 1929824.2549458882 0
931301.9900523835 1929823.97926263 0
931301.7663038605 1929823.692630639 0
931301.5603567418 1929823.4169473907 0
931301.3543184305 1929823.130169866 0
931301.1395161615 1929822.8545594004 0
931300.9248050535 1929822.5900432204 0
931300.7188578782 1929822.3143599925 0
931300.5129106918 1929822.038676769 0
931300.2981083676 1929821.763066324 0
931300.0921611495 1929821.487383111 0
931299.8774499741 1929821.2228669566 0
931299.6715027314 1929820.9471837543 0
931299.4656466545 1929820.682594836 0
931299.2596993853 1929820.4069116435 0
931299.0537521027 1929820.1312284567 0
931298.8567511083 1929819.8665667789 0
931298.6508037994 1929819.5908836008 0
931298.4448564771 1929819.3152004273 0
931298.2301451949 1929819.050684316 0
931298.0241978457 1929818.7750011533 0
931297.818250483 1929818.4993179948 0
931297.6123031069 1929818.223634842 0
931297.3975005914 1929817.9480244708 0
931297.2004083146 1929817.6722685513 0
931296.9856057717 1929817.3966581898 0
931296.7797495243 1929817.1320693383 0
931296.5737108982 1929816.845291931 0
931296.3677634413 1929816.569608807 0
931296.1618159733 1929816.2939256905 0
931295.9647236157 1929816.0181697994 0
931295.7586849394 1929815.7313924092 0
931295.5527374288 1929815.4557093058 0
931295.3378435936 1929815.1690047076 0
931295.1318048732 1929814.8822273337 0
931294.9258573216 1929814.6065442453 0
931294.7109634436 1929814.3198396629 0
931294.496069551 1929814.0331350851 0
931294.2900307744 1929813.7463577332 0
931294.075136853 1929813.459653164 0
931293.8691892325 1929813.1839701026 0
931293.6542952826 1929812.8972655449 0
931293.4482564499 1929812.6104882127 0
931293.2334536561 1929812.3348779462 0
931293.018559663 1929812.0481734062 0
931292.8036656554 1929811.7614688703 0
931292.5976267663 1929811.4746915593 0
931292.3827327299 1929811.187987035 0
931292.1678386789 1929810.9012825154 0
931291.9530358 1929810.6256722808 0
931291.7381417202 1929810.338967774 0
931291.5321939476 1929810.0632847692 0
931291.3172998392 1929809.7765802715 0
931291.0935505811 1929809.4899485619 0
931290.878747629 1929809.2143383564 0
931290.6727086151 1929808.9275610906 0
931290.4579056373 1929808.6519508944 0
931290.2430114567 1929808.3652464242 0
931290.0282084506 1929808.08963624 0
931289.8134054283 1929807.8140260605 0
931289.5986023943 1929807.5384158876 0
931289.3837081563 1929807.2517114389 0
931289.1689050939 1929806.9761012758 0
931288.9630483486 1929806.711512613 0
931288.7571915857 1929806.4469239563 0
931288.5513348145 1929806.182335303 0
931288.3544243585 1929805.9287681493 0
931288.1575138906 1929805.675201 0
931287.9695497423 1929805.4326553491 0
931287.7815855853 1929805.1901097032 0
931287.5937126077 1929804.9586583406 0
931287.4146035676 1929804.7160399146 0
931287.2356769026 1929804.4956100541 0
931287.0567502306 1929804.2751801978 0
931286.8866786879 1929804.0546775565 0
931286.7166071364 1929803.834174918 0
931286.5376804367 1929803.6137450724 0
931286.3677000611 1929803.4043367216 0
931286.2065748189 1929803.194855587 0
931286.0365944289 1929802.985447242 0
931285.8666140282 1929802.7760389019 0
931285.7055799586 1929802.5776520567 0
931285.5444546842 1929802.3681709343 0
931285.3833294043 1929802.158689814 0
931285.2222953093 1929801.9603029778 0
931285.0791538869 1929801.7839591245 0
931284.9449587957 1929801.6186367658 0
931284.765940807 1929801.387112677 0
931284.605089075 1929801.2109144137 0
931284.4797491118 1929801.0455192707 0
931284.3276613175 1929800.8581539416 0