955534.5487090822 1957019.994849217 0
955534.5121550102 1957019.7620523975 0
955534.4660605172 1957019.3961679246 0
955534.3932500649 1957018.9860472102 0
955534.3291464547 1957018.5536899616 0
955534.2911633949 1957018.054623107 0
955534.2703558726 1957017.4667048445 0
955534.355221398 1957016.8338398559 0
955534.5365768181 1957016.0895080022 0
955534.8148389505 1957015.3113713828 0
955535.217021488 1957014.599139176 0
955535.6988756865 1957013.930859054 0
955536.2340428237 1957013.328862287 0
955536.8138755643 1957012.826480004 0
955537.3587618379 1957012.39085472 0
955537.8421642722 1957012.011033928 0
955538.3433972355 1957011.6644021973 0
955538.9150591579 1957011.2841078567 0
955539.5218462961 1957010.8703403617 0
955540.1727632016 1957010.456336117 0
955540.8500389304 1957010.0200006808 0
955541.5271361377 1957009.5503815445 0
955542.1688701242 1957009.0698573084 0
955542.8104255954 1957008.5560493693 0
955543.4695735049 1957008.0310521864 0
955544.1461352792 1957007.4615820083 0
955544.8402299831 1957006.869828007 0
955545.5961064014 1957006.2777425929 0
955546.3872271916 1957005.6743732532 0
955547.2047664135 1957005.0597673522 0
955548.0487240765 1957004.4339248945 0
955548.8660849809 1957003.786035406 0
955549.656908645 1957003.1271934628 0
955550.3600681297 1957002.5797709248 0
955551.0103910442 1957002.0548217027 0
955551.5992894872 1957001.596771469 0
955552.1531222579 1957001.1832890005 0
955552.636466506 1957000.7923745057 0
955552.9969616595 1957000.535257888 0
