931361.9249536843 1929908.0310472096 1
931361.7906706841 1929907.8546293539 1
931361.6117481415 1929907.634197925 1
931361.4331899765 1929907.4581436256 1
931361.2898697336 1929907.2596099256 1
931361.1109471607 1929907.0391785072 1
931360.9141323251 1929906.7967039526 1
931360.7353919314 1929906.5984611039 1
931360.565506563 1929906.4001455496 1
931360.386675054 1929906.1908084282 1
931360.1988063063 1929905.959355459 1
931359.993227484 1929905.728047919 1
931359.778611419 1929905.4746245327 1
931359.5551403083 1929905.2212738614 1
931359.3227230512 1929904.9569016302 1
931359.0813596458 1929904.6815078366 1
931358.8399962223 1929904.406114048 1
931358.5895955494 1929904.1086044153 1
931358.3392859602 1929903.8221890745 1
931358.1964210882 1929903.679126836 1
931358.0623201464 1929903.5248976003 1
931357.9282191996 1929903.3706683693 1
931357.7941182458 1929903.216439141 1
931357.6600172892 1929903.062209913 1
931357.5170612927 1929902.908053402 1
931357.3741052907 1929902.7538968942 1
931357.2310581786 1929902.588646107 1
931357.0880110608 1929902.4233953217 1
931356.9450550451 1929902.269238821 1
931356.7931528802 1929902.1040607558 1
931356.6500146444 1929901.9277156964 1
931356.506967504 1929901.7624649205 1
931356.3549742198 1929901.5861925832 1
931356.2119270702 1929901.4209418136 1
931356.0599337713 1929901.2446694798 1
931355.9167955057 1929901.0683244332 1
931355.7647110897 1929900.8809578232 1
931355.6215728115 1929900.7046127815 1
931355.4694883847 1929900.5172461777 1
931355.3174039489 1929900.329879576 1
931355.1653195085 1929900.1425129785 1
931355.0220900977 1929899.9550736635 1
931354.8700056439 1929899.767707071 1
931354.7267762201 1929899.5802677628 1
931354.5836378984 1929899.403922738 1
931354.4492635034 1929899.2164107172 1
931354.3149802091 1929899.0399929797 1
931354.1717507606 1929898.8525536815 1
931354.0374674548 1929898.6761359489 1
931353.9031841432 1929898.4997182179 1
931353.7689919311 1929898.3343947716 1
931353.6347086086 1929898.1579770432 1
931353.5005163881 1929897.9926536013 1
931353.3663241622 1929897.82733016 1
931353.1068858416 1929897.5077048475 1
931352.9727847086 1929897.3534756938 1
931352.7134374672 1929897.0449446747 1
931352.4629452509 1929896.7363409419 1
931352.2124530163 1929896.4277372183 1
931351.9709069154 1929896.1301550632 1
931351.7293607952 1929895.8325729151 1
931351.4878146602 1929895.5349907735 1
931351.2462685083 1929895.2374086392 1
931351.004722337 1929894.9398265108 1
931350.763176151 1929894.6422443897 1
931350.5216299479 1929894.3446622745 1
931350.2888476609 1929894.0359131647 1
931350.0384463766 1929893.7384037862 1
931349.7968090097 1929893.4297274116 1
931349.5551716253 1929893.1210510423 1
931349.3223892692 1929892.812301959 1
931349.0719879145 1929892.5147926095 1
931348.8302593639 1929892.1950219802 1
931348.5886219089 1929891.88634564 1
931348.4632845348 1929891.7209495534 1
931348.2127920053 1929891.4123459465 1
931348.0963096669 1929891.2468771392 1
931347.845725995 1929890.9271792637 1
931347.595142302 1929890.607481395 1
931347.4698048917 1929890.442085323 1
931347.3444674767 1929890.276689253 1
931347.2191300567 1929890.1112931825 1
931346.9685463158 1929889.7915953326 1
931346.726908724 1929889.4829190455 1
931346.5029812147 1929889.1740973124 1
931346.2880909729 1929888.8873914233 1
931346.0822380014 1929888.622801375 1
931345.8853311852 1929888.3692328853 1
931345.7062255769 1929888.12661323 1
931345.5272110786 1929887.8950878587 1
931345.3659977893 1929887.6745113186 1
931345.2048756122 1929887.4650290625 1
931345.0526084767 1929887.2554740822 1
931344.9004324524 1929887.0570133862 1
931344.7394924897 1929886.8697197011 1
931344.5872253344 1929886.6601647295 1
931344.4439043413 1929886.4616313134 1
931344.2828732376 1929886.2632433565 1
931344.1217510045 1929886.0537611216 1
931343.969574939 1929885.8553004418 1
931343.7905603427 1929885.6237751076 1
931343.6026906848 1929885.3923225058 1
931343.4057837192 1929885.1387540747 1
931343.1999305661 1929884.8741640958 1
931342.9851312244 1929884.5985525702 1
931342.7614768133 1929884.3230137809 1
931342.5198389096 1929884.0143376137 1
931342.2870560461 1929883.7055887228 1
931342.1529544961 1929883.5513597399 1
931341.9023703714 1929883.2316620396 1
931341.7770327383 1929883.0662660503 1
931341.6427489232 1929882.8898485126 1
931341.5085562253 1929882.7245252612 1
931341.3742723991 1929882.5481077274 1
931341.2399885651 1929882.3716901976 1
931341.0968496702 1929882.1953453987 1
931340.9626569507 1929882.030022155 1
931340.819426918 1929881.842583082 1
931340.6762880055 1929881.6662382924 1
931340.5419130209 1929881.478726491 1
931340.3898279112 1929881.291360157 1
931340.2465978556 1929881.103921094 1
931340.0945127327 1929880.9165547648 1
931339.9512826642 1929880.729115706 1
931339.7991064028 1929880.5306551005 1
931339.6470212617 1929880.3432887793 1
931339.4948449885 1929880.1448281817 1
931339.3427598316 1929879.9574618668 1
931339.1994386043 1929879.7589285392 1
931339.0384072474 1929879.5605406815 1
931338.8951771326 1929879.3731016417 1
931338.7429096976 1929879.1635467748 1
931338.5819694455 1929878.9762532045 1
931338.4297019934 1929878.766698346 1
931338.2776167903 1929878.579332049 1
931338.1254404531 1929878.3808714724 1
931337.9821191705 1929878.182338167 1
931337.8300339447 1929877.9949718777 1
931337.6868037765 1929877.8075328583 1
931337.5524286644 1929877.620021105 1
931337.4092896099 1929877.4436763693 1
931337.2750967428 1929877.2783531845 1
931337.1496678046 1929877.101862982 1
931337.0243299878 1929876.9364670636 1
931336.8989921683 1929876.771071148 1
931336.6484987732 1929876.4624678842 1
931336.5320160032 1929876.2969992352 1
931336.2992327088 1929875.9882505087 1
931336.0664493951 1929875.6795017887 1
931335.833757197 1929875.3818473548 12
931335.7084193313 1929875.2164514563 12
931335.4578347158 1929874.8967539456 12
931335.3235506369 1929874.7203365092 12
931335.1892665545 1929874.5439190739 12
931335.0460362694 1929874.3564800986 12
931334.9028059758 1929874.1690411242 12
931334.7594845463 1929873.9705078723 12
931334.5984529771 1929873.7721200995 12
931334.4461853327 1929873.5625653097 12
931334.2850626162 1929873.353083261 12
931334.1238487569 1929873.132506934 12
931333.9537798241 1929872.9120033486 12
931333.7747646795 1929872.6804782255 12
931333.604604593 1929872.4488803672 12
931333.4254982957 1929872.2062609696 12
931333.2375369219 1929871.9637143167 12
931333.0494844012 1929871.710073386 12
931332.8525768004 1929871.4565052001 12
931332.6645242568 1929871.2028642779 12
931332.4675254979 1929870.938201819 12
931332.2794729314 1929870.6845609054 12
931332.0825652858 1929870.4309927372 12
931331.9034589021 1929870.188373373 12
931331.7154974376 1929869.9458267533 12
931331.5364821714 1929869.7143016767 12
931331.366321964 1929869.4827038632 12
931331.1961617473 1929869.2511060517 12
931331.0172375886 1929869.030675268 12
931330.8560235618 1929868.8100990038 12
931330.6859544569 1929868.5895954836 12
931330.5247404131 1929868.3690192266 12
931330.3724725706 1929868.15946451 12
931330.2114407879 1929867.9610768198 12
931330.0591729326 1929867.751522108 12
931329.9070873435 1929867.5641559623 12
931329.7637656851 1929867.3656227943 12
931329.6116800825 1929867.1782566535 12
931329.4773046229 1929866.9907450269 12
931329.3429291572 1929866.8032334046 12
931329.1997897505 1929866.6268888083 12
931329.0655054097 1929866.4504714704 12
931328.9313122049 1929866.2851484164 12
931328.8147380047 1929866.1085855938 12
931328.6893998643 1929865.943189798 12
931328.4477609236 1929865.63451403 12
931328.2149770387 1929865.325765526 12
931328.0000855714 1929865.039060098 12
931327.7851940896 1929864.7523546768 12
931327.5704848752 1929864.4878378229 12
931327.3733946618 1929864.2120812023 12
931327.1675404955 1929863.947491612 12
931326.970541398 1929863.6828292815 12
931326.7646872085 1929863.4182397004 12
931326.5588330037 1929863.153650126 12
931326.3528876482 1929862.8779662761 12
931326.1469422769 1929862.6022824293 12
931325.9321418134 1929862.3266713358 12
931325.7262875584 1929862.0620817817 12
931325.5114870676 1929861.7864706982 12
931325.3143967219 1929861.5107141251 12
931325.0995962037 1929861.235103052 12
931324.8936507516 1929860.9594192365 12
931324.6788502056 1929860.683808176 12
931324.4460660492 1929860.3750597732 12
931324.2043356493 1929860.0552898457 12
931324.0700511 1929859.8788725869 12
931323.9358576931 1929859.7135496116 12
931323.8015731351 1929859.5371323563 12
931323.6672885715 1929859.3607151052 12
931323.5419502283 1929859.1953193853 12
931323.4076656537 1929859.0189021362 12
931323.2823273027 1929858.8535064212 12
931323.1569889466 1929858.6881107076 12
931323.0316505835 1929858.5227149967 12
931322.781064994 1929858.20301786 12
931322.6557266186 1929858.0376221542 12
931322.5215331548 1929857.8722992016 12
931322.3872485359 1929857.6958819688 12
931322.2528727656 1929857.5083704584 12
931322.1096419055 1929857.3209317005 12
931321.9664110367 1929857.1334929448 12
931321.8143250794 1929856.9461269435 12
931321.6621479645 1929856.7476666654 12
931321.5099708447 1929856.5492063877 12
931321.3488474814 1929856.339724584 12
931321.1876329632 1929856.119148504 12
931321.0176544982 1929855.9097394587 12
931320.8565311128 1929855.7002576664 12
931320.6864614813 1929855.4797543474 12
931320.5163918409 1929855.2592510304 12
931320.346322194 1929855.03874772 12
931320.1673062986 1929854.807222882 12
931319.9882903957 1929854.5756980504 12
931319.8092744807 1929854.3441732218 12
931319.6214034684 1929854.1127211512 12
931319.4422963822 1929853.8701020482 12
931319.2544253515 1929853.6386499854 12
931319.0664631565 1929853.3961036461 12
931318.8785009506 1929853.1535573113 12
931318.690538734 1929852.91101098 12
931318.5025765066 1929852.668464652 12
931318.3147054234 1929852.4370126098 12
931318.1355982643 1929852.1943935351 12
931317.947818314 1929851.9740357827 12
931317.7776573781 1929851.7424382418 12
931317.5987324964 1929851.522007739 12
931317.4286626959 1929851.3015044865 12
931317.2586840431 1929851.0920955169 12
931317.0975604705 1929850.8826137953 12
931316.927581801 1929850.6732048336 12
931316.7753133036 1929850.4636503595 12
931316.6142808644 1929850.265262928 12
931316.4709586012 1929850.066729985 12
931316.3187812371 1929849.868269801 12
931316.1844052083 1929849.6807583862 12
931316.0410829253 1929849.4822254488 12
931315.8978517893 1929849.2947867971 12
931315.772421991 1929849.1182969112 12
931315.6380459381 1929848.9307855049 12
931315.5126161268 1929848.7542956232 12
931315.3871863126 1929848.5778057436 12
931315.2707027436 1929848.4123373893 12
931315.1452729192 1929848.2358475132 12
931315.0287893408 1929848.070379161 12
931314.8136235161 1929847.7503912253 12
931314.598548833 1929847.441497576 12
931314.3924203872 1929847.1436254533 12
931314.2040932757 1929846.8567020977 12
931314.024803566 1929846.5918945475 12
931313.8366587472 1929846.3271597617 12
931313.6663152677 1929846.073373741 12
931313.4871166837 1929845.8196604848 12
931313.307918087 1929845.56594723 12
931313.1287194794 1929845.3122339817 12
931312.940665764 1929845.0585934957 12
931312.7437569398 1929844.8050257764 12
931312.5378106855 1929844.5293422616 12
931312.3319555805 1929844.2647530304 12
931312.1171542013 1929843.989142286 12
931311.8934977071 1929843.7136043103 12
931311.6698412006 1929843.4380663403 12
931311.4550397787 1929843.1624556128 12
931311.2224369817 1929842.8758961358 12
931310.9988715935 1929842.6114524635 12
931310.7663599285 1929842.33598728 12
931310.5427945117 1929842.071543618 12
931310.337030443 1929841.818048718 12
931310.1940725433 1929841.6638930037 12
931310.033039782 1929841.4655056966 12
931309.8899907069 1929841.300255706 12
931309.7201028279 1929841.1019411692 12
931309.532231245 1929840.8704893216 12
931309.3980372519 1929840.7051665764 12
931309.2460418849 1929840.5288950813 12
931309.1028104466 1929840.3414565427 12
931308.950723902 1929840.1540907724 12
931308.7807448126 1929839.9446819727 12
931308.5928731782 1929839.7132301442 12
931308.4049103678 1929839.4706840431 12
931308.1990550102 1929839.2060949132 12
931307.9931996352 1929838.9415057888 12
931307.778397979 1929838.6658951542 12
931307.55465004 1929838.3792630103 12
931307.3397571882 1929838.092558107 12
931307.1069717751 1929837.7838101815 12
931306.88313262 1929837.4860837741 12
931306.6503471758 1929837.1773358597 12
931306.5338632792 1929837.0118676252 12
931306.4085242698 1929836.8464721586 12
931306.2920403662 1929836.6810039268 12
931306.1667013472 1929836.5156084646 12
931306.0502174321 1929836.350140235 12
931305.9248784058 1929836.1847447776 12
931305.7994482055 1929836.0082550396 12
931305.6741091692 1929835.8428595837 12
931305.5486789563 1929835.6663698487 12
931305.4232487406 1929835.4898801176 12
931305.2978185195 1929835.3133903875 12
931305.1722971236 1929835.1258063782 12
931305.0468668919 1929834.9493166509 12
931304.9213454849 1929834.7617326449 12
931304.787060132 1929834.585315692 12
931304.6614475434 1929834.3866374097 12
931304.5270710108 1929834.1991261784 12
931304.4015495812 1929834.011542181 12
931304.2671730346 1929833.8240309546 12
931304.1327053132 1929833.6254254496 12
931303.9983287568 1929833.437914228 12
931303.8638610207 1929833.2393087274 12
931303.7293932806 1929833.0407032287 12
931303.5949255341 1929832.8420977336 12
931303.4604577813 1929832.643492238 12
931303.3171349094 1929832.4449595166 12
931303.173812033 1929832.2464267975 12
931303.0393442609 1929832.0478213094 12
931302.8961125418 1929831.8603828773 12
931302.7527896456 1929831.661850165 12
931302.6094667427 1929831.4633174557 12
931302.4662350041 1929831.2758790294 12
931302.322912088 1929831.077346325 12
931302.1796803388 1929830.8899079042 12
931302.036448581 1929830.7024694846 12
931301.8843617064 1929830.5151038412 12
931301.7411299357 1929830.3276654265 12
931301.5978981609 1929830.1402270156 12
931301.4458112665 1929829.9528613791 12
931301.2937243652 1929829.7654957448 12
931301.1504925687 1929829.5780573415 12
931301.0073519434 1929829.4017132213 12
931300.8552650203 1929829.2143475953 12
931300.7209794968 1929829.0379307054 12
931300.5866027921 1929828.8504195386 12
931300.4433709645 1929828.662981146 12
931300.3090854238 1929828.4865642625 12
931300.1747998775 1929828.3101473826 12
931300.0405143233 1929828.133730504 12
931299.8972824737 1929827.946292122 12
931299.7718520259 1929827.7698024719 12
931299.6464215729 1929827.5933128253 12
931299.5121359964 1929827.4168959537 12
931299.3867055349 1929827.2404063113 12
931299.2524199474 1929827.0639894463 12
931299.1269894731 1929826.8874998067 12
931299.0016501714 1929826.72210445 12
931298.8762196868 1929826.545614814 12
931298.7507891947 1929826.3691251809 12
931298.6253586997 1929826.192635549 12
931298.508783317 1929826.0160731429 12
931298.3745888727 1929825.8507505725 12
931298.25801348 1929825.6741881692 12
931298.1326741411 1929825.5087928253 12
931298.0161899201 1929825.3433247067 12
931297.8907593924 1929825.1668350864 12
931297.765420041 1929825.0014397479 12
931297.6489358036 1929824.8359716353 12
931297.5235052629 1929824.6594820204 12
931297.4070210161 1929824.494013909 12
931297.2904455848 1929824.3174515206 12
931297.1651062069 1929824.1520561907 12
931297.0397668263 1929823.986660863 12
931296.9232825608 1929823.82119276 12
931296.7979431706 1929823.655797436 12
931296.6813677151 1929823.4792350545 12
931296.5560283151 1929823.3138397352 12
931296.4306889102 1929823.1484444153 12
931296.305258317 1929822.9719548188 12
931296.1887740232 1929822.8064867244 12
931296.0634346036 1929822.6410914124 12
931295.9380039974 1929822.4646018203 12
931295.812664568 1929822.2992065102 12
931295.6872339493 1929822.122716921 12
931295.5618945098 1929821.957321616 12
931295.4453190053 1929821.7807592528 12
931295.319979556 1929821.61536395 12
931295.1945489191 1929821.4388743693 12
931295.0603543373 1929821.2735518499 12
931294.9437788106 1929821.0969894934 12
931294.8094930352 1929820.9205726967 12
931294.6841535608 1929820.7551774045 12
931294.558722898 1929820.5786878322 12
931294.4333834137 1929820.4132925428 12
931294.2990976146 1929820.2368757555 12
931294.1736669361 1929820.0603861897 12
931294.0394723124 1929819.8950636873 12
931293.9140416235 1929819.7185741249 12
931293.788610927 1929819.5420845647 12
931293.6543251029 1929819.365667788 12
931293.5289855829 1929819.2002725115 12
931293.3946997479 1929819.0238557383 12
931293.2604139074 1929818.847438966 12
931293.1261280612 1929818.6710221972 12
931293.0007885183 1929818.505626929 12
931292.8665026614 1929818.3292101638 12
931292.7322167965 1929818.1527934014 12
931292.5979309283 1929817.9763766404 12
931292.4636450546 1929817.7999598815 12
931292.3293591752 1929817.6235431253 12
931292.1950732879 1929817.4471263702 12
931292.0607873974 1929817.2707096182 12
931291.9265015011 1929817.0942928672 12
931291.7923067864 1929816.928970401 12
931291.6580208769 1929816.7525536548 12
931291.5237349642 1929816.5761369108 12
931291.3805939178 1929816.399792952 12
931291.2463079937 1929816.2233762115 12
931291.1031669334 1929816.047032259 12
931290.9687898096 1929815.8595212428 12
931290.8345950566 1929815.6941987907 12
931290.6913627903 1929815.5067605646 12
931290.5570768375 1929815.3303438362 12
931290.4139357499 1929815.1539998928 12
931290.2707034651 1929814.9665616723 12
931290.1275623655 1929814.7902177346 12
931289.9843300703 1929814.6027795197 12
931289.8323338263 1929814.4265083722 12
931289.6890103288 1929814.227975881 12
931289.5279765638 1929814.029588962 12
931289.3669427888 1929813.8312020474 12
931289.2147641373 1929813.632742349 12
931289.0447840281 1929813.423333945 12
931288.8836590418 1929813.2138527583 12
931288.7137701048 1929813.0155386413 12
931288.5526451003 1929812.8060574615 12
931288.3915200899 1929812.596576284 12
931288.2392502016 1929812.3870223241 12
931288.0782163674 1929812.1886354329 12
931287.926037656 1929811.9901757585 12
931287.7738589398 1929811.7917160864 12
931287.630535347 1929811.5931836306 12
931287.4873029424 1929811.4057454562 12
931287.3440705315 1929811.218307286 12
931287.2096932457 1929811.0307963279 12
931287.0754071493 1929810.8543796563 12
931286.9411210471 1929810.6779629851 12
931286.8157812671 1929810.5125678082 12
931286.699205423 1929810.336005564 12
931286.5738656331 1929810.1706103922 12
931286.4573809709 1929810.005142431 12
931286.2334491608 1929809.6963222895 12
931286.0183724696 1929809.3874293652 12
931285.8212796208 1929809.1116737085 12
931285.6240955596 1929808.8248237774 12
931285.4537504839 1929808.5710383225 12
931285.2834965936 1929808.3283471526 12
931285.131135356 1929808.1076989665 12
931284.9965755802 1929807.8979994848 12
931284.862198192 1929807.7104885655 12
931284.7008906011 1929807.4788188974 12