955585.1984516629 1956899.0994079935 5
955585.7524714381 1956898.71921166 5
955586.3682736858 1956898.3386842017 5
955586.9748931226 1956897.891636601 5
955587.6512885777 1956897.2888864311 5
955588.3805810331 1956896.6747578955 5
955589.1540039127 1956896.0603928925 5
955589.7956305975 1956895.5576833687 5
955590.3317608397 1956895.1332036278 5
955590.8150536795 1956894.7311969136 5
955591.3426552725 1956894.3622374565 5
955591.8527237057 1956894.0155618049 5
955592.3362545241 1956893.6579335106 5
955592.8286709115 1956893.311352525 5
955593.3123207336 1956892.9759134534 5
955593.6463436807 1956892.7189406066 5
