931365.7182723309 1929913.8026010317 2
931365.5750433874 1929913.615161541 2
931365.4497066699 1929913.449765202 2
931365.279730455 1929913.2403552714 2
931365.1632487505 1929913.0748862317 2
931365.0290569924 1929912.9095626061 2
931364.8859191092 1929912.7332174082 2
931364.7339261974 1929912.5569449186 2
931364.5906061177 1929912.3584111633 2
931364.4207209531 1929912.160095531 2
931364.2507446868 1929911.9506856224 2
931364.0718222924 1929911.7302541411 2
931363.8928087966 1929911.498728382 2
931363.6959030475 1929911.24515948 2
931363.4900511652 1929910.9805690104 2
931363.2753442432 1929910.7160512528 2
931363.0604551171 1929910.4293449381 2
931362.8367109491 1929910.1427113386 2
931362.6040206423 1929909.845056171 2
931362.3535291643 1929909.5364521479 2
931362.2281923234 1929909.371055858 2
931361.97770082 1929909.0624518448 2
931361.8435089334 1929908.897128271 2
931361.7093170441 1929908.731804698 2
931361.5752162465 1929908.5775754084 2
931361.4410243467 1929908.412251839 2
931361.3069235369 1929908.2580225552 2
931361.1726405291 1929908.081604708 2
931361.0384486135 1929907.9162811476 2
931360.8954927607 1929907.7621245796 2
931360.7436818702 1929907.6080407263 2
931360.627108901 1929907.4314774661 2
931360.4929169645 1929907.2661539116 2
931360.3587250226 1929907.100830362 2
931360.2246241722 1929906.946601093 2
931360.0905233191 1929906.7923718267 2
931359.8578328232 1929906.4947167358 2
931359.6340884423 1929906.2080832205 2
931359.4281452101 1929905.9323985665 2
931359.2313302975 1929905.6899240494 2
931359.0345153735 1929905.447449538 2
931358.8644477379 1929905.2269454526 2
931358.7034173304 1929905.028557223 2
931358.5513330495 1929904.841190564 2
931358.4259049611 1929904.6647000492 2
931358.300567971 1929904.499303816 2
931358.1664670438 1929904.3450745807 2
931358.0411300439 1929904.179678351 2
931357.9068469031 1929904.0032605575 2
931357.7637087202 1929903.8269154797 2
931357.6205705337 1929903.6505704033 2
931357.4773412364 1929903.4631310499 2
931357.334111935 1929903.2756916971 2
931357.1730814521 1929903.0773034967 2
931357.0119598609 1929902.8678210168 2
931356.8419832261 1929902.6584112546 2
931356.6719154771 1929902.437907214 2
931356.4929015797 1929902.2063816127 2
931356.3050326362 1929901.9749287292 2
931356.1170725804 1929901.7323815695 2
931355.9202574748 1929901.4899071294 2
931355.7322062902 1929901.236265696 2
931355.5443373043 1929901.0048128301 2
931355.3653233479 1929900.773287251 2
931355.1863093793 1929900.541761678 2
931355.016150439 1929900.3101633885 2
931354.8371364512 1929900.0786378218 2
931354.6669774941 1929899.847039539 2
931354.4968185257 1929899.6154412632 2
931354.326659548 1929899.3838429872 2
931354.156500563 1929899.1522447162 2
931353.9773954202 1929898.909624886 2
931353.7893441201 1929898.6559834965 2
931353.6013839184 1929898.4134363912 2
931353.4134237038 1929898.1708892914 2
931353.2165173297 1929897.9173206324 2
931353.0106647948 1929897.6527304163 2
931352.8049033555 1929897.3992344863 2
931352.5901957537 1929897.1347170006 2
931352.3843431801 1929896.8701267987 2
931352.1696355517 1929896.6056093215 2
931351.9548368002 1929896.32999757 2
931351.7311829922 1929896.0544585437 2
931351.5075291696 1929895.778919524 2
931351.283784222 1929895.4922862276 2
931351.0599481484 1929895.1945586575 2
931350.8273481263 1929894.9079980934 2
931350.6035120212 1929894.610270534 2
931350.3707297421 1929894.3015214216 2
931350.1291835153 1929894.0039393175 2
931350.0127012499 1929893.8384704853 2
931349.7709727726 1929893.51869983 2
931349.5293353874 1929893.2100234628 2
931349.4039980536 1929893.0446273633 2
931349.1622695306 1929892.7248567233 2
931349.0369321824 1929892.559460628 2
931348.9115948293 1929892.3940645333 2
931348.786257469 1929892.228668443 2
931348.6609201061 1929892.0632723519 2
931348.5355827383 1929891.8978762643 2
931348.4102453656 1929891.7324801774 2
931348.2849079858 1929891.5670840936 2
931348.1595706055 1929891.4016880102 2
931348.0253781682 1929891.2363646547 2
931347.8999496609 1929891.0598742943 2
931347.7746122633 1929890.8944782165 2
931347.6491837458 1929890.7179878606 2
931347.5149912876 1929890.5526645118 2
931347.3895627595 1929890.3761741593 2
931347.2552791775 1929890.1997565336 2
931347.1299417546 1929890.0343604654 2
931346.9956581594 1929889.8579428438 2
931346.8702296102 1929889.6814524997 2
931346.7448010559 1929889.5049621563 2
931346.610608563 1929889.3396388227 2
931346.4762338316 1929889.1521269286 2
931346.350805259 1929888.9756365907 2
931346.216521633 1929888.7992189822 2
931346.0822380014 1929888.622801375 2
931345.947954362 1929888.4463837685 2
931345.8135796017 1929888.2588718857 2
931345.6881510043 1929888.082381558 2
931345.545012299 1929887.9060366855 2
931345.410637519 1929887.7185248074 2
931345.2763538535 1929887.5421072138 2
931345.1420701824 1929887.3656896206 2
931344.998840335 1929887.1782504776 2
931344.8557015979 1929887.0019056178 2
931344.7213267905 1929886.81439375 2
931344.5781880413 1929886.6380488945 2
931344.4349581691 1929886.4506097606 2
931344.2918194102 1929886.2742649107 2
931344.1486806428 1929886.0979200618 2
931344.0055418718 1929885.921575217 2
931343.8534569212 1929885.73420882 2
931343.7014630841 1929885.557936707 2
931343.5583242923 1929885.3815918693 2
931343.4151854968 1929885.205247033 2
931343.2631005179 1929885.0178806474 2
931343.1199617101 1929884.8415358174 2
931342.9768228963 1929884.6651909882 2
931342.824737898 1929884.4778246111 2
931342.6815990718 1929884.3014797866 2
931342.5296051821 1929884.1252076973 2
931342.3864663439 1929883.9488628772 2
931342.2523647995 1929883.7946338952 2
931342.1181721279 1929883.62931063 2
931341.9839794489 1929883.463987371 2
931341.7335775606 1929883.1664782367 2
931341.492030709 1929882.8688963782 2
931341.2594300231 1929882.582336079 2
931341.0447216834 1929882.3178188845 2
931340.8389595115 1929882.064323243 2
931340.6421435117 1929881.8218491585 2
931340.4719837967 1929881.5902511615 2
931340.3020063217 1929881.3808417309 2
931340.1498300823 1929881.1823811205 2
931340.0066000195 1929880.9949420602 2
931339.8811711911 1929880.8184518195 2
931339.7021563783 1929880.5869265709 2
931339.5499801083 1929880.388465969 2
931339.415696204 1929880.2120484686 2
931339.2903584798 1929880.046652517 2
931339.1471283764 1929879.859213471 2
931339.0217906417 1929879.6938175242 2
931338.8784694023 1929879.4952842018 2
931338.708400719 1929879.2747805237 2
931338.5381497731 1929879.0320882837 2
931338.4039569533 1929878.866765079 2
931338.269673001 1929878.6903475951 2
931338.135389043 1929878.5139301138 2
931337.9921588905 1929878.3264910884 2
931337.839891412 1929878.1169362376 2
931337.6787688639 1929877.907454124 2
931337.5265013723 1929877.6978992797 2
931337.3564326176 1929877.4773956263 2
931337.1863638564 1929877.2568919773 2
931337.0162039553 1929877.0252940492 2
931336.8370978547 1929876.78267458 2
931336.658082871 1929876.5511493972 2
931336.4700305547 1929876.2975083902 2
931336.2820693569 1929876.0549616693 2
931336.0940170183 1929875.801320672 2
931335.8881634114 1929875.5367308708 2
931335.6823097892 1929875.2721410738 2
931335.4764561544 1929875.007551283 2
931335.26165631 1929874.731939953 2
931335.0468564517 1929874.4563286286 2
931334.8320565793 1929874.18071731 2
931334.6083104947 1929873.8940844531 2
931334.3756181939 1929873.596430061 2
931334.1518720783 1929873.3097972162 2
931333.9190886148 1929873.001048555 2
931333.6863962674 1929872.7033941813 2
931333.4447577022 1929872.3947182703 2
931333.2118830517 1929872.0748753473 2
931332.9790995199 1929871.7661267123 2
931332.8626166134 1929871.6006581143 2
931332.6208868523 1929871.2808879474 2
931332.5044039321 1929871.1154193562 2
931332.379065938 1929870.9500235056 2
931332.2624918737 1929870.7734606364 2
931332.1460089373 1929870.607992049 2
931332.0295259987 1929870.442523464 2
931331.90409685 1929870.2660333402 2
931331.7876139019 1929870.1005647585 2
931331.6710398135 1929869.9240018963 2
931331.5456106497 1929869.7475117797 2
931331.4290365515 1929869.570948921 2
931331.3036073751 1929869.3944588054 2
931331.1871244034 1929869.2289902316 2
931331.0705502906 1929869.052427378 2
931330.936174893 1929868.8649157295 2
931330.81960077 1929868.6883528808 2
931330.6853164982 1929868.511935518 2
931330.5597961535 1929868.3243511324 2
931330.4343669427 1929868.1478610297 2
931330.3000826542 1929867.9714436727 2
931330.1835085058 1929867.794880831 2
931330.0494064797 1929867.6406520398 2
931329.9329234617 1929867.4751834837 2
931329.6912846081 1929867.1665076804 2
931329.4674470254 1929866.8687806788 2
931329.2526467786 1929866.5931695017 2
931329.0467927313 1929866.3285798663 2
931328.8588310992 1929866.0860333098 2
931328.6798156708 1929865.854508294 2
931328.5097464498 1929865.6340048185 2
931328.3487145752 1929865.4356171624 2
931328.2054839821 1929865.2481783025 2
931328.0712907413 1929865.082855262 2
931327.9548076473 1929864.917386733 2
931327.7848295269 1929864.707977553 2
931327.6415989113 1929864.5205387014 2
931327.5161695833 1929864.344048642 2
931327.3818851713 1929864.1676313323 2
931327.2386545376 1929863.9801924871 2
931327.07753146 1929863.7707105747 2
931326.898424792 1929863.5280913166 2
931326.7641403563 1929863.3516740152 2
931326.6297647706 1929863.1641624353 2
931326.4775878829 1929862.9657020685 2
931326.3253198455 1929862.7561474247 2
931326.1552504984 1929862.535643996 2
931325.9849988566 1929862.2929520095 2
931325.8059832692 1929862.0614270547 2
931325.6180214516 1929861.818880569 2
931325.4299684772 1929861.5652398083 2
931325.2329692678 1929861.3005775178 2
931325.0272061102 1929861.04708226 2
931324.8212606512 1929860.7713984465 2
931324.5976050176 1929860.4958601352 2
931324.3738582241 1929860.2092275482 2
931324.1501114157 1929859.9225949682 2
931323.908563283 1929859.6250136103 2
931323.6670151334 1929859.327432262 2
931323.425284672 1929859.0076623557 2
931323.1837364876 1929858.71008102 2
931322.9421882863 1929858.4124996897 2
931322.7006400658 1929858.1149183675 2
931322.467946914 1929857.817264302 2
931322.2441999775 1929857.5306317708 2
931322.0115067934 1929857.2329777172 2
931321.787759826 1929856.9463451982 2
931321.5639216924 1929856.648618404 2
931321.3313196115 1929856.362058651 2
931321.1075725957 1929856.0754261496 2
931320.8837344173 1929855.7776993741 2
931320.659987373 1929855.491066886 2
931320.4361491635 1929855.1933401227 2
931320.2123109382 1929854.8956133646 2
931319.9884726971 1929854.597886613 2
931319.7646344381 1929854.3001598674 2
931319.5407050143 1929853.9913388458 2
931319.325630662 1929853.6824450775 2
931319.1017012058 1929853.3736240664 2
931318.8777717332 1929853.0648030627 2
931318.644896003 1929852.7449605397 2
931318.4121114078 1929852.4362123027 2
931318.1792356404 1929852.1163697925 2
931318.062752177 1929851.950901398 2
931317.9462687066 1929851.785433007 2
931317.7133929038 1929851.4655905082 2
931317.5880543294 1929851.3001948772 2
931317.4715708409 1929851.1347264913 2
931317.346232257 1929850.9693308638 2
931317.2208936681 1929850.8039352386 2
931316.9702164734 1929850.473143994 2
931316.8448778699 1929850.3077483731 2
931316.7195392615 1929850.1423527545 2
931316.5853455563 1929849.9770298945 2
931316.4511518434 1929849.8117070368 2
931316.32581322 1929849.6463114237 2
931316.1916194991 1929849.4809885707 2
931316.0574257708 1929849.31566572 2
931315.9143769466 1929849.150415629 2
931315.7890383028 1929848.985020025 2
931315.6458983114 1929848.808675656 2
931315.5117045618 1929848.6433528138 2
931315.377510809 1929848.478029973 2
931315.1270157895 1929848.169427345 2
931314.8766119069 1929847.8719190024 2
931314.6439181978 1929847.5742651506 2
931314.420261883 1929847.2987271077 2
931314.2143157437 1929847.0230435512 2
931314.0085519078 1929846.7695485617 2
931313.8116431576 1929846.5159808162 2
931313.632535744 1929846.273361838 2
931313.4535194793 1929846.0418371444 2
931313.2833583012 1929845.8102396913 2
931313.1042508597 1929845.5676207235 2
931312.9161971491 1929845.3139802404 2
931312.728143427 1929845.060339758 2
931312.5399985334 1929844.795605002 2
931312.3429985327 1929844.5309430119 2
931312.1459985173 1929844.2662810246 2
931311.9489073284 1929843.9905247595 2
931311.7429610282 1929843.7148412648 2
931311.5457786518 1929843.4279907304 2
931311.3398323248 1929843.1523072426 2
931311.1338859843 1929842.876623762 2
931310.9189933682 1929842.5899187673 2
931310.7041007375 1929842.3032137777 2
931310.4892992552 1929842.0276030763 2
931310.2744065956 1929841.7408980979 2
931310.0506588205 1929841.4542658876 2
931309.8358572954 1929841.178655202 2
931309.6120183264 1929840.8809287245 2
931309.379415404 1929840.5943692985 2
931309.1468124638 1929840.307809876 2
931308.9052632423 1929840.010228946 2
931308.6637140037 1929839.7126480225 2
931308.4221647482 1929839.4150671072 2
931308.1716692038 1929839.106464683 2
931307.9212648098 1929838.8089565474 2
931307.7959258565 1929838.6435610596 2
931307.5543765397 1929838.3459801679 2
931307.3128272038 1929838.0483992852 2
931307.0802241254 1929837.7618399195 2
931306.8564761365 1929837.4752077954 2
931306.641674406 1929837.1995971892 2
931306.4358189356 1929836.9350081037 2
931306.229872284 1929836.6593247384 2
931306.0240167875 1929836.3947356632 2
931305.8181612783 1929836.130146592 2
931305.6122145868 1929835.8544632443 2
931305.406267882 1929835.5787799011 2
931305.1912837165 1929835.2809807688 2
931304.9762995358 1929834.9831816466 2
931304.7524602318 1929834.6854552957 2
931304.53738485 1929834.3765619013 2
931304.3134543435 1929834.0677412811 2
931304.0894326495 1929833.7478263876 2
931303.8654109363 1929833.4279114995 2
931303.6413892086 1929833.1079966188 2
931303.5249051995 1929832.9425284232 2
931303.4084211814 1929832.7770602317 2
931303.291937161 1929832.6115920404 2
931303.1753619637 1929832.4350295698 2
931303.0588779341 1929832.2695613818 2
931302.9423938999 1929832.1040931968 2
931302.8258186884 1929831.9275307318 2
931302.709334645 1929831.7620625496 2
931302.5839954854 1929831.5966671398 2
931302.3510273732 1929831.2657307824 2
931302.1180592452 1929830.9347944316 2
931302.0015751743 1929830.7693262585 2
931301.8850910988 1929830.603858087 2
931301.759751906 1929830.438462689 2
931301.6432678214 1929830.2729945204 2
931301.5179286167 1929830.1075991273 2
931301.4013533504 1929829.931036681 2
931301.2671590223 1929829.765714063 2
931301.14172863 1929829.5892243953 2
931301.0075342938 1929829.4239017826 2
931300.8821038888 1929829.2474121167 2
931300.7478183664 1929829.0709952277 2
931300.6135328385 1929828.8945783405 2
931300.4792473051 1929828.7181614542 2
931300.3449617637 1929828.5417445714 2
931300.2018211039 1929828.365400463 2
931300.0675355535 1929828.1889835852 2
931299.9243948819 1929828.0126394818 2
931299.7812542021 1929827.836295382 2
931299.6468774576 1929827.6487842284 2
931299.5125918819 1929827.4723673584 2
931299.3694511866 1929827.296023265 2
931299.2351656018 1929827.119606399 2
931299.0830785983 1929826.9322408058 2
931298.9487930017 1929826.7558239435 2
931298.8056522825 1929826.57947986 2
931298.6625115575 1929826.4031357793 2
931298.5282259414 1929826.226718924 2
931298.3849940259 1929826.0392805676 2
931298.2507995793 1929825.8739579974 2
931298.1165139463 1929825.6975411493 2
931297.9733731919 1929825.52119708 2
931297.8390875497 1929825.344780236 2
931297.7048018997 1929825.1683633942 2
931297.5704250667 1929824.980852274 2
931297.4361394077 1929824.804435435 2
931297.2929986239 1929824.628091379 2
931297.1498578319 1929824.4517473225 2
931297.0155721556 1929824.2753304914 2
931296.8811952932 1929824.0878193832 2
931296.7291993636 1929823.9115481123 2
931296.6037687899 1929823.7350585102 2
931296.4605367896 1929823.547620185 2
931296.317395962 1929823.3712761432 2
931296.1830190697 1929823.1837650456 2
931296.0487333531 1929823.0073482294 2
931295.905501326 1929822.819909914 2
931295.7623604767 1929822.6435658822 2
931295.6279835606 1929822.4560547923 2
931295.4847515147 1929822.2686164833 2
931295.3504657691 1929822.09219968 2
931295.2073248958 1929821.9158556566 2
931295.0640928338 1929821.7284173546 2
931294.9297158876 1929821.5409062768 2
931294.7865749941 1929821.364562262 2
931294.6521980361 1929821.177051187 2
931294.508965947 1929820.9896128944 2
931294.3745889768 1929820.8021018251 2
931294.2403943687 1929820.6367793186 2
931294.1149636947 1929820.4602897533 2
931293.9896241997 1929820.2948944725 2
931293.8642846975 1929820.1294991907 2
931293.7389451927 1929819.9641039118 2
931293.5149227264 1929819.6441892972 2
931293.2910826135 1929819.3464632502 2
931293.0850439203 1929819.0596859243 2
931292.8880427098 1929818.7950243861 2