955638.515312 1957139.24032 0
955638.682408 1957139.12848 0
955638.84056 1957138.99449 0
955638.998652 1957138.84941 0
955639.192047 1957138.70414 0
955639.376677 1957138.57001 0
955639.57025 1957138.45803 0
955639.746053 1957138.32395 0
955639.921738 1957138.16768 0
955640.115252 1957138.0446 0
955640.273463 1957137.92171 0
955640.466918 1957137.78753 0
955640.633896 1957137.6535 0
955640.818465 1957137.50828 0
955640.985562 1957137.39643 0
955641.143773 1957137.27354 0
955641.35482 1957137.12818 0
955641.521857 1957137.00524 0
955641.706545 1957136.88221 0
955641.908707 1957136.7258 0
955642.08457 1957136.60281 0
955642.278025 1957136.46864 0
955642.462654 1957136.33451 0
955642.673642 1957136.17805 0
955642.902341 1957136.03259 0
955643.113328 1957135.87614 0
955643.289132 1957135.74206 0
955643.456109 1957135.60802 0
955643.649564 1957135.47385 0
955643.860611 1957135.32848 0
955644.062774 1957135.17207 2
955644.27388 1957135.0378 2
955644.449684 1957134.90372 2
955644.651905 1957134.75841 2
955644.827887 1957134.65761 2
955645.003749 1957134.53463 2
955645.179612 1957134.41164 2
955645.373067 1957134.27747 2
955645.548811 1957134.13229 2
955645.715908 1957134.02045 2
955645.882945 1957133.89751 2
955646.0764 1957133.76334 2
955646.261207 1957133.66249 2
955646.454841 1957133.5616 2
955646.648474 1957133.46071 2
955646.868703 1957133.38187 2
955647.062396 1957133.29207 2
955647.256089 1957133.20228 2
955647.4499 1957133.13467 2
955647.643652 1957133.05597 2
955647.881593 1957132.98812 2
955648.101703 1957132.88709 2
955648.330877 1957132.83039 2
955648.595117 1957132.72912 2
955648.824173 1957132.65023 2
955649.035636 1957132.58253 2
955649.29105 1957132.48131 2
955649.529168 1957132.44675 2
955649.758224 1957132.36786 2
955649.987338 1957132.30006 2
955650.207687 1957132.24341 2
955650.428154 1957132.20894 2
955650.666094 1957132.1411 2
955650.912801 1957132.06212 2
955651.159627 1957132.00532 2
955651.424164 1957131.95952 2
955651.644512 1957131.90287 2
955651.864979 1957131.86841 2
955652.076561 1957131.82289 2
955652.288084 1957131.76629 2
955652.535028 1957131.73168 2
955652.808332 1957131.67474 2
955653.019914 1957131.62923 2
955653.284391 1957131.57234 2
955653.513506 1957131.50454 2
955653.777924 1957131.43656 2
955653.980799 1957131.41328 2
955654.236391 1957131.34535 2
955654.430262 1957131.28883 2
955654.712569 1957131.26513 2
955654.968102 1957131.1861 2
955655.206221 1957131.15154 2
955655.497116 1957131.08342 2
955655.761594 1957131.02653 2
955656.070259 1957130.98049 2
955656.361393 1957130.95675 2
955656.616985 1957130.88881 2
955656.908058 1957130.85397 2
955657.190247 1957130.80808 2
955657.446017 1957130.77342 2
955657.666484 1957130.73896 2
955657.913429 1957130.70435 2
955658.133837 1957130.65879 2
955658.371896 1957130.61314 2
955658.583597 1957130.58982 2
955658.830601 1957130.5663 2
955659.042242 1957130.53189 2
955659.26265 1957130.48633 2
955659.509595 1957130.45172 2
955659.729943 1957130.39507 2
955659.985595 1957130.33823 2
955660.303027 1957130.28105 2
955660.505724 1957130.22449 2
955660.717247 1957130.16789 2
955660.911118 1957130.11137 2
955661.131585 1957130.07691 2
955661.325397 1957130.0093 2
955661.528093 1957129.95274 2
955661.757327 1957129.90714 2
955662.065934 1957129.85001 2
955662.37454 1957129.79289 2
955662.638958 1957129.7249 2
955662.93868 1957129.65673 2
955663.229694 1957129.61079 2
955663.502997 1957129.55385 2
955663.696809 1957129.48625 2
955663.943694 1957129.44055 2
955664.155276 1957129.39503 2
955664.358033 1957129.34957 2
955664.595973 1957129.28173 2
955664.8165 1957129.25836 2
955665.107336 1957129.17914 2
955665.336629 1957129.14463 2
955665.565922 1957129.11011 2
955665.795215 1957129.0756 2
955666.077404 1957129.02971 2
955666.332996 1957128.96178 2
955666.56223 1957128.91617 2
955666.765105 1957128.89289 2
955666.967861 1957128.84743 2
955667.170618 1957128.80196 2
955667.417444 1957128.74517 2
955667.63797 1957128.7218 2
955667.858378 1957128.67624 2
955668.114149 1957128.64159 2
955668.343442 1957128.60708 2
955668.599212 1957128.57242 2
955668.802028 1957128.53805 2
955669.03138 1957128.51464 2
955669.287151 1957128.47998 2
955669.516444 1957128.44547 2
955669.736911 1957128.41101 2
955669.948553 1957128.37659 2
955670.151368 1957128.34222 2
955670.389547 1957128.31876 2
