931340.3253934251 1929886.384508068 2
931340.1822545767 1929886.2081632868 2
931339.9943848277 1929885.9767107652 2
931339.869047198 1929885.8113148045 2
931339.7080159695 1929885.6129269337 2
931339.5379474302 1929885.3924232367 2
931339.3500776453 1929885.1609707298 2
931339.1443154884 1929884.90747513 2
931338.9383710664 1929884.6317909737 2
931338.7146253936 1929884.3451580093 2
931338.4819335232 1929884.0475035033 2
931338.2403865807 1929883.7499217384 2
931338.1150488814 1929883.5845258038 2
931337.8556095442 1929883.2649009563 2
931337.7302718326 1929883.0995050266 2
931337.5960790592 1929882.9341818355 2
931337.46179515 1929882.7577643662 2
931337.3275112375 1929882.5813468965 2
931337.1843722598 1929882.405002165 2
931337.0500883358 1929882.2285846993 2
931336.9069493486 1929882.0522399743 2
931336.7637192261 1929881.8648009684 2
931336.6205802246 1929881.6884562469 2
931336.4773500896 1929881.5010172469 2
931336.3252648877 1929881.3136509857 2
931336.1820347398 1929881.12621199 2
931336.0299495244 1929880.9388457339 2
931335.8778643047 1929880.7514794797 2
931335.7346341374 1929880.5640404925 2
931335.5914039636 1929880.3766015072 2
931335.4481737814 1929880.1891625256 2
931335.3139809172 1929880.0238393683 2
931335.1796969164 1929879.847421933 2
931335.0454129077 1929879.671004503 2
931334.9112200275 1929879.5056813527 2
931334.7771182738 1929879.351452486 2
931334.6517804437 1929879.1860566023 2
931334.5352976698 1929879.020587983 2
931334.2936593097 1929878.7119120487 2
931334.052112067 1929878.4143304029 2
931333.8283660641 1929878.1276975672 2
931333.6136573749 1929877.8631805603 2
931333.4078037345 1929877.5985908194 2
931333.2108962779 1929877.3450226234 2
931333.0141710778 1929877.1136429966 2
931332.8351559931 1929876.8821178924 2
931332.6473769699 1929876.6617598142 2
931332.4684530027 1929876.4413289998 2
931332.280582825 1929876.2098766482 2
931332.0927126392 1929875.9784243014 2
931331.9047513054 1929875.7358776769 2
931331.7167899607 1929875.4933310566 2
931331.5288286053 1929875.2507844404 2
931331.3319210375 1929874.9972162878 2
931331.126067256 1929874.7326266035 2
931330.9024121932 1929874.4570881256 2
931330.6876121819 1929874.1814769104 2
931330.4816672229 1929873.9057929602 2
931330.2759045258 1929873.6522975755 2
931330.0879430904 1929873.4097509927 2
931329.90007278 1929873.178298692 2
931329.7300037325 1929872.9577951932 2
931329.5688808846 1929872.748313233 2
931329.416704233 1929872.5498528145 2
931329.2734737835 1929872.3624139363 2
931329.1391895349 1929872.185996596 2
931328.9601742399 1929871.9544715753 2
931328.7990513515 1929871.7449896303 2
931328.6646759436 1929871.5574780172 2
931328.5393378786 1929871.3920822241 2
931328.4139086686 1929871.215592152 2
931328.2796243839 1929871.0391748245 2
931328.1364850218 1929870.862830248 2
931327.9752709516 1929870.642254037 2
931327.840895508 1929870.4547424368 2
931327.6796814246 1929870.2341662315 2
931327.5004837657 1929869.980452679 2
931327.3123398839 1929869.715717594 2
931327.1153409191 1929869.4510552597 2
931326.9182508024 1929869.1752986491 2
931326.7300157422 1929868.8994692953 2
931326.5418718123 1929868.6347342262 2
931326.3537278706 1929868.3699991629 2
931326.1745301328 1929868.1162856384 2
931325.9953323863 1929867.8625721158 2
931325.8160434836 1929867.5977643165 2
931325.6280817835 1929867.3552178307 2
931325.4224099255 1929867.1128168455 2
931325.22577542 1929866.8925316792 2
931325.0379048317 1929866.661079489 2
931324.8676532372 1929866.4183875239 2
931324.6973104904 1929866.1646012808 2
931324.5182038012 1929865.9219820714 2
931324.3389148113 1929865.6571743046 2
931324.1597169556 1929865.4034608202 2
931323.97157287 1929865.1387258102 2
931323.7745736944 1929864.874063553 2
931323.5776656527 1929864.620495581 2
931323.3805753062 1929864.3447390532 2
931323.1924311705 1929864.0800040592 2
931322.9864857239 1929863.8043202884 2
931322.7893953391 1929863.5285637733 2
931322.5922137939 1929863.2417129818 2
931322.3950322354 1929862.9548621948 2
931322.1801405068 1929862.668156914 2
931321.9652487637 1929862.3814516396 2
931321.7502658573 1929862.0836520903 2
931321.535282936 1929861.7858525445 2
931321.3202999993 1929861.488053005 2
931321.0963708182 1929861.179231943 2
931320.8636776902 1929860.88157792 2
931320.6396573241 1929860.5616625894 2
931320.3980179317 1929860.2529870502 2
931320.1563785217 1929859.9443115196 2
931320.0398951999 1929859.7788430974 2
931319.798255761 1929859.4701675766 2
931319.681772428 1929859.30469916 2
931319.5564340038 1929859.1393035 2
931319.431095577 1929858.973907841 2
931319.1805098604 1929858.654210811 2
931319.0551714168 1929858.4888151584 2
931318.8046768241 1929858.1802124183 2
931318.5807474637 1929857.871391423 2
931318.3481453091 1929857.584831749 2
931318.1333444604 1929857.3092208537 2
931317.9186347512 1929857.044704244 2
931317.7217263518 1929856.7911364073 2
931317.5337641794 1929856.548590102 2
931317.3547482359 1929856.317065325 2
931317.1846785247 1929856.0965620747 2
931317.0235550429 1929855.8870803553 2
931316.871468951 1929855.6997144413 2
931316.7370930244 1929855.5122030186 2
931316.6028994003 1929855.3468801572 2
931316.4775608594 1929855.1814845428 2
931316.3163461869 1929854.960908555 2
931316.1642600626 1929854.7735426542 2
931316.0389215047 1929854.608147046 2
931315.9046366987 1929854.4317299163 2
931315.7792981283 1929854.2663343123 2
931315.6539595576 1929854.100938709 2
931315.5373849086 1929853.9243760684 2
931315.3851164349 1929853.7148216208 2
931315.2329391083 1929853.5163614557 2
931315.0538318825 1929853.2737424455 2
931314.9284021233 1929853.097252573 2
931314.7940261102 1929852.9097411786 2
931314.6596500934 1929852.7222297895 2
931314.5252740707 1929852.5347183987 2
931314.3819517922 1929852.3361854912 2
931314.2298655778 1929852.1488196251 2
931314.0865432858 1929851.9502867218 2
931313.9342747406 1929851.7407322996 2
931313.7820973467 1929851.5422721608 2
931313.6298287844 1929851.3327177449 2
931313.459758876 1929851.1122145704 2
931313.2985440474 1929850.8916386398 2
931313.1284741214 1929850.6711354717 2
931312.967259276 1929850.4505595467 2
931312.7882430784 1929850.2190348667 2
931312.6180819653 1929849.987437427 2
931312.4389745877 1929849.7448184728 2
931312.2599583607 1929849.5132938027 2
931312.0897972189 1929849.281696376 2
931311.9197272268 1929849.0611932324 2
931311.7496572259 1929848.840690092 2
931311.5884423119 1929848.6201141938 2
931311.427318549 1929848.410632578 2
931311.2661036183 1929848.1900566863 2
931311.1049798393 1929847.980575076 2
931310.9438560546 1929847.77109347 2
931310.7826410969 1929847.5505175875 2
931310.621426133 1929847.3299417072 2
931310.4512649002 1929847.0983443116 2
931310.2722485629 1929846.866819684 2
931310.0843771225 1929846.6353678238 2
931309.9053607652 1929846.4038432052 2
931309.7262532341 1929846.1612243068 2
931309.5381994343 1929845.9075838975 2
931309.3501456209 1929845.6539434907 2
931309.1532366994 1929845.400375855 2
931308.9563277662 1929845.1468082226 2
931308.7681827531 1929844.8820735482 2
931308.5711826328 1929844.6174116437 2
931308.374182498 1929844.3527497435 2
931308.1861286153 1929844.0991093658 2
931307.9981658875 1929843.856563271 2
931307.8280045132 1929843.6249659285 2
931307.6578431318 1929843.3933685902 2
931307.4788266396 1929843.161844019 2
931307.3176115061 1929842.941268202 2
931307.1563963619 1929842.720692388 2
931306.9951812116 1929842.5001165764 2
931306.8429123187 1929842.290562281 2
931306.681697152 1929842.0699864752 2
931306.5294282436 1929841.860432188 2
931306.368304229 1929841.6509506684 2
931306.2160353053 1929841.441396385 2
931306.0637663763 1929841.2318421023 2
931305.9114974376 1929841.0222878251 2
931305.7502822225 1929840.8017120375 2
931305.5980132683 1929840.592157764 2
931305.4368892065 1929840.3826762643 2
931305.2845290693 1929840.162027717 2
931305.1234049894 1929839.95254622 2
931304.9622809037 1929839.7430647274 2
931304.8011568077 1929839.533583239 2
931304.6488878095 1929839.3240289837 2
931304.4967099722 1929839.1255690113 2
931304.3623335087 1929838.9380577842 2
931304.2369944856 1929838.7726623488 2
931304.0669240777 1929838.5521593627 2
931303.9147462151 1929838.3536994024 2
931303.7536220668 1929838.1442179335 2
931303.6193367433 1929837.9678009977 2