931371.4345469997 1929906.7879899575 10
931371.2761583676 1929906.9113356518 10
931371.1089147073 1929907.0347540497 10
931370.8976691535 1929907.1918187956 10
931370.6776596624 1929907.3600505292 10
931370.5103249368 1929907.4723746565 10
931370.3429902134 1929907.584698788 10
931370.1580365204 1929907.7082626075 10
931369.9642278028 1929907.8318991303 10
931369.770419091 1929907.955535659 10
931369.5677553553 1929908.0792448933 10
931369.3474726535 1929908.2141938186 10
931369.1182438423 1929908.3381211709 10
931368.8801600087 1929908.462121231 10
931368.6242750338 1929908.5751724236 10
931368.3773361851 1929908.6992452024 10
931368.1037411686 1929908.8124418163 10
931367.8301461572 1929908.9256384403 10
931367.5476050351 1929909.0278134942 10
931367.247353863 1929909.1301339674 10
931366.9470116077 1929909.2213601707 10
931366.6377232401 1929909.3015648075 10
931366.3283437896 1929909.3706751743 10
931366.0187821569 1929909.417596989 10
931365.7003655015 1929909.4645915222 10
931365.3818577572 1929909.500491785 10
931365.0454577741 1929909.5143489104 10
931364.7090577917 1929909.5282060485 10
931364.3725667144 1929909.5309689196 10
931364.0270384235 1929909.511615948 10
931363.681419036 1929909.4811687104 10
931363.335708551 1929909.4396272057 10
931362.9987619951 1929909.3869187227 10
931362.6528693084 1929909.323188682 10
931362.324595579 1929909.2482189552 10
931361.9963218435 1929909.173249241 10
931361.685575965 1929909.0759455562 10
931361.3748300789 1929908.9786418825 10
931361.0728481165 1929908.8701712291 10
931360.7795389786 1929908.7394393114 10
931360.4950848627 1929908.6086346928 10
931360.2193035668 1929908.4555688086 10
931359.9521950916 1929908.2802416582 10
931359.6853599065 1929908.138197361 10
931359.4360525717 1929907.9738190854 10
931359.1955091569 1929907.7982738218 10
931358.9373467697 1929907.633968271 10
931358.6967122313 1929907.4473287396 10
931358.4738788491 1929907.2716380702 10
931358.2421904221 1929907.0960201202 10
931358.0104108858 1929906.9093078943 10
931357.7875774724 1929906.733617243 10
931357.5645618449 1929906.5357380342 10
931357.3505834438 1929906.3599746781 10
931357.1453689624 1929906.173044333 10
931356.93129944 1929905.9861867062 10
931356.7261760436 1929905.8103506523 10
931356.5297254635 1929905.6122533244 10
931356.3333659781 1929905.4252502818 10
931356.1457704147 1929905.2270802467 10
931355.9493198072 1929905.0289829336 10
931355.7617242237 1929904.8308129075 10
931355.5830747698 1929904.6436644506 10
931355.3955702765 1929904.4565887132 10
931355.2079746672 1929904.2584186993 10
931355.029234083 1929904.0601759716 10
931354.8328745279 1929903.873172964 10
931354.6541339267 1929903.674930245 10
931354.4753933194 1929903.4766875294 10
931354.2966527013 1929903.2784448175 10
931354.1266760054 1929903.0690351108 10
931353.9479353705 1929902.8707924066 10
931353.7779586555 1929902.6613827068 10
931353.599218006 1929902.4631400083 10
931353.429241274 1929902.2537303157 10
931353.2592645336 1929902.0443206243 10
931353.089196679 1929901.8238166575 10
931352.9192199215 1929901.614406974 10
931352.7492431556 1929901.4049972934 10
931352.5792663835 1929901.195587617 10
931352.4182357471 1929900.9971995056 10
931352.266060143 1929900.7987386764 10
931352.1138845319 1929900.6002778516 10
931351.9617089112 1929900.4018170286 10
931351.8096243934 1929900.2144504914 10
931351.657630981 1929900.0381782362 10
931351.505546452 1929899.8508117017 10
931351.3624080634 1929899.6744667324 10
931351.2281247098 1929899.4980490438 10
931351.0849863093 1929899.3217040773 10
931350.9418479074 1929899.1453591157 10
931350.798800606 1929898.980108436 10
931350.6645172298 1929898.8036907557 10
931350.5214699173 1929898.6384400825 10
931350.3871865297 1929898.4620224074 10
931350.2440480964 1929898.2856774551 10
931350.1010007691 1929898.1204267882 10
931349.9668084745 1929897.9551034016 10
931349.8236700238 1929897.7787584576 10
931349.6893866058 1929897.6023407937 10
931349.5551031844 1929897.4259231305 10
931349.4209108704 1929897.2605997522 10
931349.2955735927 1929897.0952036527 10
931349.17023631 1929896.9298075545 10
931348.982367046 1929896.6983548333 10
931348.8658847935 1929896.532886018 10
931348.7317835656 1929896.378656931 10
931348.6064462591 1929896.2132608413 10
931348.4811089499 1929896.0478647538 10
931348.3469165929 1929895.8825413925 10
931348.2215792737 1929895.7171453084 10
931348.0873869065 1929895.5518219515 10
931347.953103417 1929895.3754043137 10
931347.818819924 1929895.1989866788 10
931347.6845364254 1929895.0225690464 10
931347.5413978751 1929894.8462241406 10
931347.3982593211 1929894.6698792377 10
931347.246083483 1929894.4714185 10
931347.076015319 1929894.250914652 10
931346.888145938 1929894.019461976 10
931346.7000943138 1929893.7658207442 10
931346.5121337974 1929893.523273796 10
931346.3242643848 1929893.2918211329 10
931346.1541050535 1929893.0602230227 10
931345.9840368305 1929892.8397191965 10
931345.8139686007 1929892.6192153748 10
931345.6617015707 1929892.4096603834 10
931345.5005794887 1929892.2001781221 10
931345.3484035638 1929892.001717417 10
931345.2050826768 1929891.8031839882 10
931345.052906738 1929891.6047232887 10
931344.9006396709 1929891.395168312 10
931344.7305713838 1929891.1746645106 10
931344.5605030857 1929890.9541607122 10
931344.3814886132 1929890.722635366 10
931344.2114202969 1929890.5021315753 10
931344.0413519717 1929890.2816277882 10
931343.8623374684 1929890.0501024532 10
931343.6833229576 1929889.8185771203 10
931343.5132546049 1929889.598073343 10
931343.334240075 1929889.3665480188 10
931343.155316654 1929889.1461169778 10
931342.9763021024 1929888.914591662 10
931342.7972875434 1929888.6830663474 10
931342.6093267997 1929888.4405194863 10
931342.4214571672 1929888.2090669102 10
931342.2424425757 1929887.9775416083 10
931342.0634279745 1929887.7460163094 10
931341.8755583139 1929887.514563746 10
931341.6876886407 1929887.283111186 10
931341.499727834 1929887.0405643499 10
931341.31185814 1929886.809111799 10
931341.1328434908 1929886.5775865193 10
931340.9449737763 1929886.3461339765 10
931340.7658679809 1929886.1035144252 10
931340.5867621752 1929885.8608948768 10
931340.4077474859 1929885.6293696126 10
931340.2375878387 1929885.39777162 10
931340.0674281844 1929885.1661736316 10
931339.9061235732 1929884.9345029148 10
931339.736055026 1929884.7139992134 10
931339.5836965777 1929884.4933500495 10
931339.4135368874 1929884.261752074 10
931339.2434683115 1929884.0412483837 10
931339.0822547826 1929883.8206719626 10
931338.9210412474 1929883.600095544 10
931338.7686827602 1929883.3794463943 10
931338.6164153896 1929883.1698915295 10
931338.4642391385 1929882.9714309494 10
931338.3119717553 1929882.761876089 10
931338.1685594217 1929882.5522484977 10
931338.0163831513 1929882.3537879249 10
931337.8730619289 1929882.1552546201 10
931337.7297407022 1929881.956721316 10
931337.5864194687 1929881.758188017 10
931337.4431893546 1929881.570748999 10
931337.2999592365 1929881.3833099862 10
931337.1566379811 1929881.1847766936 10
931337.0134078499 1929880.9973376843 10
931336.8701777126 1929880.8098986757 10
931336.7358026258 1929880.6223869356 10
931336.5747712277 1929880.4239991254 10
931336.4136486901 1929880.2145170355 10
931336.2435799569 1929879.9940134056 10
931336.0734200827 1929879.7624154973 10
931335.9032602012 1929879.5308175911 10
931335.7153901871 1929879.299365165 10
931335.5273379011 1929879.0457241777 10
931335.3393767347 1929878.8031774773 10
931335.1513244263 1929878.5495365006 10
931334.9544170472 1929878.2959682657 10
931334.7575096518 1929878.0424000353 10
931334.5695484434 1929877.7998533498 10
931334.3816783543 1929877.5684009534 10
931334.211609515 1929877.347897364 10
931334.0503957275 1929877.1273210384 10
931333.8894553328 1929876.9400275587 10
931333.7462250552 1929876.7525886046 10
931333.6030859068 1929876.5762439347 10
931333.4777480133 1929876.4108480688 10
931333.2898778635 1929876.179395696 10
931333.1557760278 1929876.0251668547 10
931333.0304381151 1929875.859770995 10
931332.851605276 1929875.6504344535 10
931332.6994287544 1929875.4519739763 10