931371.2928466428 1929907.8653711574 10
931371.1080751114 1929908.0111235175 10
931370.9232125018 1929908.145781601 10
931370.7470227596 1929908.258178424 10
931370.5532140445 1929908.381814935 10
931370.3241673942 1929908.5279308176 10
931370.0773196036 1929908.6630978275 10
931369.8920926802 1929908.7533788062 10
931369.6981018207 1929908.8548267735 10
931369.504019877 1929908.9451804645 10
931369.248134909 1929909.0582316387 10
931368.9922499502 1929909.1712828192 10
931368.7540750524 1929909.284188603 10
931368.5069540472 1929909.3860728135 10
931368.2510691058 1929909.499124018 10
931368.0657511337 1929909.578310758 10
931367.8716692238 1929909.668664488 10
931367.6775873179 1929909.7590182228 10
931367.4746503885 1929909.849444665 10
931367.2715312841 1929909.9176825485 10
931367.086213328 1929909.9968693105 10
931366.8919492599 1929910.065034499 10
931366.6269360613 1929910.144875614 10
931366.3531589335 1929910.2358837242 10
931366.1411848199 1929910.3041943419 10
931365.9027367171 1929910.3838173624 10
931365.6641975293 1929910.4523461093 10
931365.4257494374 1929910.5319691433 10
931365.2138664308 1929910.6113740671 10
931365.0106562696 1929910.6685177246 10
931364.8163922308 1929910.736682962 10
931364.5690891257 1929910.8163787294 10
931364.3394960806 1929910.8959290888 10
931364.1275219992 1929910.9642397568 10
931363.9155479211 1929911.0325504318 10
931363.7211928049 1929911.0896214133 10
931363.5268376935 1929911.146692401 10
931363.2705884906 1929911.2153666331 10
931363.0053931703 1929911.2730192996 10
931362.7843818933 1929911.319214149 10
931362.5368966317 1929911.3767214124 10
931362.2628462948 1929911.434446813 10
931362.041743927 1929911.4695474007 10
931361.8117865348 1929911.5047207035 10
931361.5729741185 1929911.5399667225 10
931361.3162694545 1929911.553169608 10
931361.0418547392 1929911.5665179214 10
931360.7585850008 1929911.5799389547 10
931360.4751330634 1929911.571171436 10
931360.2093911796 1929911.5622585036 10
931359.9435581933 1929911.5422512956 10
931359.6953441601 1929911.5110043918 10
931359.4470390227 1929911.468663213 10
931359.2163528367 1929911.4150823336 10
931358.994521674 1929911.3614287486 10
931358.7902183591 1929911.28544118 10
931358.5860061438 1929911.220547897 10
931358.3904667465 1929911.1333933421 10
931358.1950184447 1929911.0573330743 10
931358.0083340682 1929910.9701058157 10
931357.8216496856 1929910.8828785585 10
931357.5726157008 1929910.7517831828 10
931357.34129176 1929910.6205423842 10
931357.1188228435 1929910.4892288763 10
931356.9138817634 1929910.3355813816 10
931356.7177957076 1929910.1818611762 10
931356.5305646702 1929910.0280682598 10
931356.3788448414 1929909.8850787638 10
931356.2269428011 1929909.7199007107 10
931356.0750407549 1929909.5547226577 10
931355.922956491 1929909.3673560452 10
931355.7797272513 1929909.1799167201 10
931355.6364068979 1929908.9813831144 10
931355.4843226162 1929908.7940165077 10
931355.3319650093 1929908.5733670627 10
931355.1704790501 1929908.3195074908 10
931355.0451420471 1929908.1541113055 10
931354.9196228273 1929907.9665265605 10
931354.8030497382 1929907.7899633795 10
931354.6685843687 1929907.591357073 10
931354.5342101017 1929907.4038450513 10
931354.4085997528 1929907.2051660304 10
931354.2741343671 1929907.0065597296 10
931354.148615111 1929906.8189749958 10
931354.0230047444 1929906.6202959814 10
931353.8886304478 1929906.4327839697 10
931353.7630200695 1929906.2341049595 10
931353.6375007906 1929906.0465202306 10
931353.5030353685 1929905.8479139432 10
931353.3774249726 1929905.6492349387 10
931353.2429595381 1929905.450628654 10
931353.0996390623 1929905.2520950914 10
931352.9651736151 1929905.0534888124 10
931352.8307992702 1929904.8659768177 10
931352.6962426995 1929904.6562762603 10
931352.5529221997 1929904.4577427069 10
931352.4183656179 1929904.2480421544 10
931352.2750451047 1929904.0495086054 10
931352.1404885096 1929903.8398080578 10
931351.9971679808 1929903.6412745137 10
931351.8537563375 1929903.431646691 10
931351.70148965 1929903.2220915903 10
931351.5670241378 1929903.0234853348 10
931351.423703584 1929902.8249518005 10
931351.2803830212 1929902.6264182676 10
931351.1369713431 1929902.4167904563 10
931350.9937418799 1929902.2293512104 10
931350.850421297 1929902.0308176868 10
931350.7070095983 1929901.8211898834 10
931350.5549250788 1929901.6338233666 10
931350.4115133637 1929901.4241955688 10
931350.2593377187 1929901.2257347757 10
931350.1071620642 1929901.0272739863 10
931349.9638414424 1929900.828740476 10
931349.8205208116 1929900.63020697 10
931349.6772912891 1929900.442767747 10
931349.5341528731 1929900.2664228058 10
931349.3997783763 1929900.0789108656 10
931349.2566399463 1929899.9025659317 10
931349.122356551 1929899.7261482761 10
931348.988073148 1929899.5497306215 10
931348.8449347024 1929899.3733856939 10
931348.7195063295 1929899.196895321 10
931348.5764589866 1929899.0316446808 10
931348.4510306008 1929898.8551543113 10
931348.3168382866 1929898.68983095 10
931348.1915010072 1929898.524434868 10
931348.0125779075 1929898.304003724 10
931347.8335636811 1929898.0724783037 10
931347.6456032888 1929897.8299313309 10
931347.5202659835 1929897.6645352582 10
931347.3949286733 1929897.4991391862 10
931347.2695913559 1929897.333743115 10
931347.144254036 1929897.1683470486 10
931346.9651486478 1929896.9257273648 10
931346.7860432472 1929896.6831076855 10
931346.6607059081 1929896.5177116243 10
931346.4816916068 1929896.2861862332 10
931346.3563542559 1929896.120790176 10
931346.222070738 1929895.944372566 10
931346.069894896 1929895.7459118494 10
931345.9177190469 1929895.5474511343 10
931345.7476508659 1929895.3269473133 10
931345.5775826762 1929895.106443495 10
931345.3985683178 1929894.8749181267 10
931345.2194628287 1929894.6322984805 10
931345.0403573294 1929894.3896788366 10
931344.8435417328 1929894.1472046543 10
931344.6554900482 1929893.8935634673 10
931344.4586744267 1929893.6510892916 10
931344.2707138393 1929893.4085423942 10
931344.0737159556 1929893.143879665 10
931343.8768091819 1929892.8903112235 10
931343.6710473456 1929892.6368155137 10
931343.4741405481 1929892.3832470805 10
931343.2771426155 1929892.1185843712 10
931343.097854765 1929891.8537762063 10
931342.8920017609 1929891.5891862349 10
931342.6950037917 1929891.3245235395 10
931342.5068608604 1929891.0597881172 10
931342.3098628668 1929890.7951254298 10
931342.1127737385 1929890.5193684644 10
931341.91577572 1929890.2547057867 10
931341.7187776892 1929889.9900431125 10
931341.5305435723 1929889.7142134302 10
931341.3245993459 1929889.4385292167 10
931341.1275101539 1929889.1627722746 10
931340.9215658988 1929888.8870880702 10
931340.7245678052 1929888.6224254195 10
931340.5098595973 1929888.3579082377 10
931340.3040064273 1929888.0933183294 10
931340.0980621192 1929887.8176341443 10
931339.8922089231 1929887.5530442453 10
931339.6775006622 1929887.2885270847 10
931339.47164744 1929887.0239371962 10
931339.2747403836 1929886.77036886 10
931339.0779244418 1929886.5278948103 10
931338.8988185973 1929886.2852752982 10
931338.7109488136 1929886.0538228054 10
931338.5319340733 1929885.8222975817 10
931338.361683252 1929885.5796053445 10
931338.1738134379 1929885.3481528617 10
931337.9858524858 1929885.105606104 10
931337.7978003949 1929884.8519650672 10
931337.6008932379 1929884.5983967707 10
931337.4128411241 1929884.3447557432 10
931337.2247890014 1929884.0911147196 10
931337.0277906804 1929883.8264521547 10
931336.8307923471 1929883.561789595 10
931336.633885131 1929883.30822132 10
931336.4368867732 1929883.0435587685 10
931336.2310333464 1929882.7789689586 10
931336.034034966 1929882.514306417 10
931335.8281815114 1929882.2497166172 10
931335.6224191792 1929881.9962211037 10
931335.4165657012 1929881.7316313137 10
931335.2107122105 1929881.4670415288 10
931335.0048587068 1929881.202451748 10
931334.7900589996 1929880.9268404301 10
931334.5842054696 1929880.66225066 10
931334.3783519268 1929880.3976608955 10
931334.1636433114 1929880.1331438744 10
931333.9577897424 1929879.8685541207 10
931333.7430811003 1929879.6040371095 10
931333.5372275054 1929879.339447365 10
931333.3313738975 1929879.0748576252 10
931333.1256114108 1929878.821362171 10
931332.9287039732 1929878.5677939837 10
931332.7407427198 1929878.3252473422 10
931332.552690321 1929878.0716064207 10
931332.3735841103 1929877.828987046 10
931332.1944778871 1929877.5863676737 10
931332.0154627891 1929877.3548425874 10
931331.8453027465 1929877.1232447631 10
931331.6752338305 1929876.9027412247 10
931331.5229661663 1929876.693186486 10
931331.3795535604 1929876.4835590094 10
931331.2363232181 1929876.2961200979 10
931331.1109852729 1929876.1307242666 10
931330.9496802452 1929875.8990537184 10