931344.376171 1929892.2316 0
931344.572895 1929892.46298 0
931344.81426 1929892.73838 0
931345.028876 1929892.9918 0
931345.270332 1929893.27829 0
931345.538625 1929893.59784 0
931345.824994 1929893.96162 0
931346.138292 1929894.36957 0
931346.469573 1929894.81065 0
931346.800945 1929895.26282 0
931346.989088 1929895.52756 0
931347.373955 1929896.02367 0
931347.562098 1929896.28841 0
931347.759096 1929896.55307 0
931347.965131 1929896.83985 0
931348.162219 1929897.11561 0
931348.377109 1929897.40231 0
931348.591999 1929897.68902 0
931348.789088 1929897.96478 0
931349.013015 1929898.2736 0
931349.21905 1929898.56038 0
931349.433849 1929898.83599 0
931349.648648 1929899.1116 0
931349.8545 1929899.37619 0
931350.087009 1929899.65166 0
931350.301535 1929899.89398 0
931350.516151 1929900.14741 0
931350.757059 1929900.36733 0
931350.989112 1929900.58732 0
931351.221075 1929900.79623 0
931351.461709 1929900.98286 0
931351.728818 1929901.15819 0
931352.262307 1929901.42009 0
931352.812777 1929901.59309 0
931353.362427 1929901.66624 0
931353.902676 1929901.6729 0
931354.406866 1929901.60219 0
931354.892891 1929901.47615 0
931355.334276 1929901.3061 0
931355.739968 1929901.10306 0
931356.101111 1929900.8671 0
931356.470928 1929900.60888 0
931356.796195 1929900.31774 0
931357.094807 1929900.01572 0
931357.36658 1929899.68064 0
931357.620461 1929899.32351 0
931357.856541 1929898.95544 0
931358.08331 1929898.53196 0
931358.292369 1929898.10863 0
931358.456971 1929897.66348 0
931358.60368 1929897.19629 0
931358.723551 1929896.69602 0
931358.78171 1929896.22956 0
931358.81294 1929895.71893 0
931358.773238 1929895.19779 0
931358.698389 1929894.71022 0
931358.561646 1929894.23426 0
931358.380628 1929893.75866 0
931358.164372 1929893.30554 0
931357.939625 1929892.89687 0
931357.688221 1929892.47732 0
931357.410253 1929892.05799 0
931357.12343 1929891.63874 0
931356.809859 1929891.19751 0
931356.478305 1929890.72315 0
931356.307963 1929890.46936 0
931355.940807 1929889.9731 0
931355.752664 1929889.70836 0
931355.582323 1929889.45458 0
931355.376288 1929889.1678 0
931355.179199 1929888.89204 0
931354.990966 1929888.61621 0
931354.784749 1929888.30724 0
931354.587751 1929888.04258 0
931354.390571 1929887.75573 0
931354.184718 1929887.49114 0
931353.996576 1929887.2264 0
931353.790814 1929886.97291 0
931353.585143 1929886.7305 0
931353.379564 1929886.4992 0
931353.156365 1929886.27913 0
931352.933167 1929886.05906 0
931352.469515 1929885.67454 0
931351.9887 1929885.35674 0
931351.499395 1929885.08338 0
931350.992834 1929884.86564 0
931350.47751 1929884.65906 0
931349.980078 1929884.47453 0
931349.50912 1929884.27869 0
931349.064454 1929884.04935 0
931348.654752 1929883.76424 0
931348.297817 1929883.43432 0
931347.993374 1929883.02631 0
931347.741605 1929882.56238 0
931347.551367 1929882.04248 0
931347.405312 1929881.51112 0
931347.276694 1929880.94633 0
931347.139222 1929880.38161 0
931346.948801 1929879.83952 0
931346.705523 1929879.33114 0
931346.391769 1929878.86773 0
931346.025249 1929878.44913 0
931345.623855 1929878.09738 0
931345.19617 1929877.77914 0
931344.75123 1929877.51651 0
931344.24476 1929877.30987 0
931343.71209 1929877.14782 0
931343.180239 1929877.08562 0
931342.65779 1929877.08991 0
931342.13598 1929877.17186 0
931341.623662 1929877.3314 0
931341.14722 1929877.54611 0
931340.671142 1929877.80521 0
931340.230667 1929878.0862 0
931339.825886 1929878.40019 0
931339.43927 1929878.7695 0
931339.079311 1929879.14969 0
931338.746464 1929879.59622 0
931338.458165 1929880.07568 0
931338.336472 1929880.35405 0
931338.154981 1929880.8992 0
931338.095456 1929881.19926 0
931338.047156 1929881.78769 0
931338.096261 1929882.37532 0
931338.216115 1929882.95128 0
931338.397864 1929883.51563 0
931338.515258 1929883.79204 0
931338.776246 1929884.30027 0
931339.054854 1929884.79726 0
931339.368608 1929885.26067 0
931339.691126 1929885.71292 0
931339.852613 1929885.96678 0
931340.219497 1929886.42976 0
931340.398603 1929886.67238 0
931340.595601 1929886.93704 0
931340.783653 1929887.19068 0
931340.980742 1929887.46644 0
931341.177832 1929887.7422 0
931341.401395 1929888.00664 0
931341.60743 1929888.29342 0
931341.840031 1929888.57998 0
931342.072722 1929888.87763 0
931342.296559 1929889.17536 0
931342.529342 1929889.48411 0
931342.770979 1929889.79279 0
931343.003944 1929890.12372 0
931343.236818 1929890.44357 0
931343.478547 1929890.76334 0
931343.711603 1929891.10537 0
931343.7116030154 1929891.1053683045 0
931343.7743327654 1929891.219394392 0
931343.8370625153 1929891.33342048 0
931343.8997922651 1929891.4474465675 0
931343.9625220151 1929891.5614726553 0
931344.025251765 1929891.6754987428 0
931344.087981515 1929891.7895248306 0
931344.1507112648 1929891.9035509182 0
931344.2134410148 1929892.017577006 0
931344.2761707647 1929892.1316030936 0
