931171.910124 1929581.10282 0
931171.695495 1929580.8494 0
931171.471644 1929580.55168 0
931171.265778 1929580.28709 0
931171.059638 1929579.98923 0
931170.826749 1929579.66939 0
931170.558074 1929579.30546 0
931170.262466 1929578.89738 0
931169.949057 1929578.47835 0
931169.617663 1929578.02618 0
931169.259429 1929577.54095 0
931168.874537 1929577.04484 0
931168.677617 1929576.79128 0
931168.480607 1929576.52662 0
931168.265794 1929576.25101 0
931168.059928 1929575.98643 0
931167.845115 1929575.71082 0
931167.621355 1929575.42419 0
931167.397687 1929575.14866 0
931167.174019 1929574.87312 0
931166.959023 1929574.57533 0
931166.7265 1929574.29987 0
931166.511504 1929574.00207 0
931166.287744 1929573.71544 0
931166.055129 1929573.42889 0
931165.840134 1929573.13109 0
931165.616374 1929572.84446 0
931165.383759 1929572.55791 0
931165.168763 1929572.26011 0
931164.945003 1929571.97348 0
931164.721243 1929571.68686 0
931164.497301 1929571.37804 0
931164.282396 1929571.09134 0
931164.067401 1929570.79354 0
931163.852588 1929570.51793 0
931163.646539 1929570.23116 0
931163.449436 1929569.95541 0
931163.234623 1929569.6798 0
931163.037612 1929569.41514 0
931162.822982 1929569.16172 0
931162.608351 1929568.90831 0
931162.393995 1929568.68817 0
931162.170783 1929568.46811 0
931161.938716 1929568.24812 0
931161.466365 1929567.88587 0
931160.959141 1929567.59048 0
931160.417226 1929567.38414 0
931159.884989 1929567.27757 0
931159.344536 1929567.24874 0
931158.813487 1929567.28639 0
931158.300513 1929567.36828 0
931157.805707 1929567.5055 0
931157.320031 1929567.67592 0
931156.878815 1929567.86817 0
931156.446636 1929568.08254 0
931156.032168 1929568.29675 0
931155.591226 1929568.52229 0
931155.14152 1929568.75899 0
931154.683141 1929569.01795 0
931154.233525 1929569.26574 0
931153.784002 1929569.52463 0
931153.33457 1929569.79461 0
931152.911704 1929570.06437 0
931152.524442 1929570.35603 0
931152.146218 1929570.66981 0
931151.794926 1929571.02774 0
931151.523516 1929571.40721 0
931151.296565 1929571.8085 0
931151.123112 1929572.25373 0
931151.020867 1929572.74275 0
931150.99823 1929573.22002 0
931151.028816 1929573.70795 0
931151.130245 1929574.1953 0
931151.293297 1929574.63776 0
931151.518245 1929575.06861 0
931151.79596 1929575.45465 0
931152.11786 1929575.82923 0
931152.48358 1929576.14797 0
931152.858065 1929576.45555 0
931153.285407 1929576.72941 0
931153.721514 1929576.9921 0
931154.175422 1929577.26573 0
931154.61162 1929577.53952 0
931155.039054 1929577.82447 0
931155.440196 1929578.14292 0
931155.814954 1929578.48378 0
931156.154656 1929578.86931 0
931156.4415 1929579.28856 0
931156.675486 1929579.74153 0
931156.874232 1929580.21698 0
931157.037832 1929580.726 0
931157.174865 1929581.23524 0
931157.294461 1929581.77792 0
931157.414058 1929582.32059 0
931157.551365 1929582.86311 0
931157.724002 1929583.39425 0
931157.931879 1929583.90291 0
931158.174993 1929584.38909 0
931158.453256 1929584.8417 0
931158.766757 1929585.27182 0
931159.133299 1929585.69041 0
931159.508696 1929586.10893 0
931159.875329 1929586.53862 0
931160.215579 1929586.99072 0
931160.511552 1929587.44318 0
931160.772468 1929587.9403 0
931160.988926 1929588.41561 0
931161.179091 1929588.92441 0
931161.369712 1929589.48869 0
931161.524913 1929590.05326 0
931161.68906 1929590.62885 0
931161.862062 1929591.20437 0
931162.061448 1929591.75747 0
931162.322547 1929592.27679 0
931162.466425 1929592.54189 0
931162.789147 1929593.01632 0
931163.146833 1929593.43498 0
931163.56605 1929593.79767 0
931164.020414 1929594.12678 0
931164.50956 1929594.37793 0
931164.998432 1929594.59581 0
931165.495885 1929594.78033 0
931166.001829 1929594.9204 0
931166.543102 1929595.04908 0
931167.101812 1929595.14434 0
931167.642537 1929595.20646 0
931168.174042 1929595.22427 0
931168.731838 1929595.20858 0
931169.253757 1929595.13771 0
931169.766181 1929594.98926 0
931170.251764 1929594.80774 0
931170.745746 1929594.57068 0
931171.195086 1929594.2896 0
931171.617586 1929593.97546 0
931172.048668 1929593.62797 0
931172.452909 1929593.24741 0
931172.839257 1929592.84481 0
931173.198856 1929592.42024 0
931173.522851 1929591.97377 0
931173.802296 1929591.49438 0
931174.028516 1929591.00434 0
931174.201514 1929590.50364 0
931174.338907 1929589.98104 0
931174.431932 1929589.44771 0
931174.507429 1929588.93672 0
931174.565123 1929588.41478 0
931174.596252 1929587.89306 0
931174.618251 1929587.33812 0
931174.613593 1929586.77231 0
931174.591498 1929586.23993 0
931174.542837 1929585.70777 0
931174.440953 1929585.16496 0
931174.295065 1929584.65579 0
931174.122795 1929584.16902 0
931173.906338 1929583.69372 0
931173.654643 1929583.24089 0
931173.367708 1929582.81055 0
931173.054299 1929582.39152 0
931172.9018399268 1929582.1597796476 0
931172.7805382038 1929582.0312287463 0
931172.6592364806 1929581.9026778452 0
931172.5379347575 1929581.774126944 0
931172.4166330344 1929581.6455760428 0
931172.2953313113 1929581.5170251415 0
931172.1740295881 1929581.3884742404 0
931172.052727865 1929581.2599233391 0
931171.9314261419 1929581.131372438 0
931171.8101244188 1929581.0028215367 0
