931164.6699056698 1929565.4518713695 222
931164.5116047281 1929565.5863151457 222
931164.3533037893 1929565.7207589252 222
931164.1687107167 1929565.888704283 222
931164.0016457431 1929566.0343152608 222
931163.8258167322 1929566.1910934339 222
931163.6147488464 1929566.3703518247 222
931163.4742500756 1929566.5157440698 222
931163.307185129 1929566.6613550617 222
931163.1313561421 1929566.8181332496 222
931162.9465804172 1929566.9638900808 222
931162.7708427965 1929567.1317625542 222
931162.5951051806 1929567.2996350313 222
931162.3928927426 1929567.47882054 222
931162.1995357089 1929567.6579331348 222
931161.9885592469 1929567.8482858466 222
931161.7776741443 1929568.049732841 222
931161.557842309 1929568.240158479 222
931161.329246444 1929568.4417513197 222
931161.1006505901 1929568.6433441648 222
931160.8720547472 1929568.844937017 222
931160.6347862286 1929569.0687913501 222
931160.3885709794 1929569.2816243307 222
931160.1513024862 1929569.505478677 222
931159.9139426533 1929569.718238753 222
931159.6589634056 1929569.9422389513 222
931159.3951287788 1929570.1663120773 222
931159.1312941683 1929570.3903852124 222
931158.876314962 1929570.6143854342 222
931158.6214271238 1929570.8494799437 222
931158.35768391 1929571.08464738 222
931158.0849939669 1929571.30879347 222
931157.8123953935 1929571.544033845 222
931157.5396141198 1929571.7570856758 222
931157.2669242204 1929571.981231792 222
931156.985561662 1929572.2276393948 222
931156.7129631517 1929572.4628798072 222
931156.4314179072 1929572.6870988745 222
931156.1499640376 1929572.922412227 222
931155.8684188258 1929573.1466313147 222
931155.5958203747 1929573.3818717652 222
931155.3142751909 1929573.6060908707 222
931155.0328213836 1929573.8414042636 222
931154.7513675942 1929574.0767176673 222
931154.4609670701 1929574.301009727 222
931154.1795133101 1929574.5363231497 222
931153.8891128193 1929574.7606152303 222
931153.5988037052 1929574.9960015975 222
931153.308585971 1929575.2424822531 222
931153.0182768898 1929575.477868643 222
931152.7279678273 1929575.7132550427 222
931152.4376587789 1929575.9486414522 222
931152.2792668652 1929576.0719911892 222
931151.9801024576 1929576.3074505432 222
931151.6898848164 1929576.5539312575 222
931151.5314929276 1929576.6772810093 222
931151.2323285625 1929576.912740391 222
931150.9420195976 1929577.1481268522 222
931150.6428552682 1929577.3835862551 222
931150.3526377038 1929577.6300670183 222
931150.0623287886 1929577.8654535129 222
931149.7631645072 1929578.1009129477 222
931149.4729469937 1929578.3473937407 222
931149.1826381279 1929578.582780267 222
931148.8923292808 1929578.8181668047 222
931148.7339374737 1929578.941516611 222
931148.4437200197 1929579.1879974415 222
931148.1534112121 1929579.4233840057 222
931147.854338411 1929579.6699377883 222
931147.5552656298 1929579.916491583 222
931147.256192864 1929580.1630453868 222
931146.9658841236 1929580.3984319926 222
931146.807492377 1929580.521781837 222
931146.5083282797 1929580.757241393 222
931146.2003088244 1929580.992773891 222
931145.8833426314 1929581.2172850585 222
931145.5753232082 1929581.4528175814 222
931145.276159181 1929581.688277182 222
931144.9591930389 1929581.9127883848 222
931144.8008013482 1929582.0361382703 222
931144.4837438564 1929582.2495552138 222
931144.1844885123 1929582.4739205756 222
931143.8676138053 1929582.7095261002 222
931143.55941174 1929582.9228701424 222
931143.2513010697 1929583.147308476 222
931142.9431904115 1929583.3717468202 222
931142.7847987802 1929583.4950967447 222
931142.4766881495 1929583.7195351073 222
931142.1686689138 1929583.9550677591 222
931142.0013305476 1929584.0673963574 222
931141.6933113403 1929584.3029290289 222
931141.5349197427 1929584.4262789763 222
931141.2269005594 1929584.6618116633 222
931140.9188813934 1929584.8973443632 222
931140.6020982504 1929585.144044291 222
931140.2940791197 1929585.379577015 222
931139.9860600063 1929585.6151097496 222
931139.6781322922 1929585.8617367754 222
931139.3702045963 1929586.1083638112 222
931139.0710409095 1929586.343823639 222
931138.7631132491 1929586.5904506973 222
931138.4550942231 1929586.8259834908 222
931138.1470752147 1929587.0615162968 222
931137.9886837236 1929587.1848663113 222
931137.689520114 1929587.4203261915 222
931137.3815011488 1929587.6558590245 222
931137.0735735864 1929587.9024861495 222
931136.915182127 1929588.0258361874 222
931136.6072545897 1929588.2724633273 222
931136.299327075 1929588.5190904806 222
931135.9914909631 1929588.7768119231 222
931135.6835634806 1929589.0234390984 222
931135.5251720629 1929589.1467891631 222
931135.3667806477 1929589.2701392313 222
931135.2084806274 1929589.404583581 222
931135.0501806099 1929589.5390279328 222
931134.8917892113 1929589.6623780103 222
931134.7246338358 1929589.7968953138 222
931134.5664252224 1929589.9424339533 222
931134.4080338386 1929590.06578404 222
931134.2497338465 1929590.200228408 222
931134.0914338618 1929590.3346727781 222
931133.9331338798 1929590.469117152 222
931133.7749252953 1929590.6146558085 222
931133.6166253238 1929590.749100188 222
931133.4583253595 1929590.8835445717 222
931133.3000253981 1929591.0179889575 222
931133.1417254419 1929591.1524333467 222
931132.9922808617 1929591.2868047908 222
931132.8340723068 1929591.432343465 222
931132.6757723681 1929591.5667878643 222
931132.508617064 1929591.7013052143 222
931132.3592638957 1929591.8467709485 222
931132.2009639703 1929591.9812153575 222
931132.0427554445 1929592.1267540453 222
931131.8933108972 1929592.2611255115 222
931131.7351023821 1929592.4066642055 222
931131.5857492399 1929592.5521299536 222
931131.4274493402 1929592.6865743785 222
931131.2692408392 1929592.8321130811 222
931131.1198877126 1929592.97757884 222
931130.9705345915 1929593.1230446002 222
931130.8122347125 1929593.257489035 222
931130.6540262352 1929593.4030277515 222
931130.3551372358 1929593.6717707356 222
931130.2146395064 1929593.8171635591 222
931130.065195021 1929593.9515350594 222
931129.9157505381 1929594.0859065617 222
931129.7663060623 1929594.2202780661 222
931129.6168615891 1929594.3546495726 222
931129.467417123 1929594.4890210829 222
931129.1685282029 1929594.7577641122 222
931128.8873500339 1929595.0263612464 222
931128.5972251191 1929595.283937067 222
931128.316046984 1929595.5525342203 222
931128.0259221053 1929595.8101100628 222
931127.7446526081 1929596.0676129605 222
931127.4633831305 1929596.3251158672 222
931127.1821136681 1929596.5826187844 222
931127.0326692788 1929596.716990339 222
931126.7602552078 1929596.9744203177 222
931126.4878411514 1929597.2318503042 222
931126.2066631522 1929597.500447533 222
931125.9341577295 1929597.7467832603 222
931125.6705990877 1929598.0041403177 222
931125.4069490588 1929598.2504031095 222
931125.1611011694 1929598.5076142733 222
931124.9062151326 1929598.7427098458 222
931124.6601844708 1929598.9777324682 222
931124.4230091812 1929599.2126821433 222
931124.1858339071 1929599.4476318236 222
931123.957422603 1929599.6714142757 222
931123.737866671 1929599.8951237772 222
931123.5182193469 1929600.107739006 222
931123.298572034 1929600.320354241 222
931123.0788333256 1929600.5218752031 222
931122.8681327985 1929600.7455117702 222
931122.6484855212 1929600.9581270237 222
931122.428929656 1929601.1818365604 222
931122.2180463518 1929601.3832845874 222
931121.9894523418 1929601.5848785401 222
931121.7875158223 1929601.7973478977 222
931121.558921834 1929601.9989418609 222
931121.3391832141 1929602.2004628712 222
931121.128391369 1929602.4130052065 222
931120.9175081274 1929602.6144532666 222
931120.6976781314 1929602.8048800163 222
931120.4956502665 1929603.0062551277 222
931120.3022949512 1929603.1853687267 222
931120.1089396441 1929603.36448233 222
931119.9420590044 1929603.5322827739 222
931119.7750869647 1929603.688988945 222
931119.6168788755 1929603.8345278776 222
931119.4059957063 1929604.0359759775 222
931119.230259739 1929604.2038493992 222
931119.0808156164 1929604.3382211034 111
931118.9226075539 1929604.4837600482 111
931118.764490905 1929604.640393277 111
931118.5712270752 1929604.8306011963 111
931118.4218743853 1929604.976067188 111
931118.2637577552 1929605.1327004267 111
931118.1056411332 1929605.2893336678 111
931117.9387605723 1929605.4571341549 111
931117.7630246668 1929605.625007607 111
931117.5785248243 1929605.8040483063 111
931117.3852610488 1929605.9942562545 111
931117.1831419287 1929606.1845371719 111
931116.981022818 1929606.374818092 111
931116.761193011 1929606.56524495 111
931116.5413632139 1929606.755671812 111
931116.3039141335 1929606.9573388903 111
931116.0576097146 1929607.1590789412 111
931115.8024499535 1929607.3608919657 111
931115.5561455586 1929607.5626320315 111
931115.2921304726 1929607.7645180384 111
931115.028115397 1929607.9664040538 111
931114.7641917521 1929608.1793843573 111
931114.5090320532 1929608.3811974213 111
931114.2451084346 1929608.5941777409 111
931113.9810934103 1929608.7960637903 111
931113.7259337513 1929608.9978768812 111
931113.4530634022 1929609.199835915 111
931113.189139834 1929609.4128162684 111
931112.9163609319 1929609.6258696 111
931112.6435820436 1929609.8389229407 111
931112.3708031669 1929610.0519762894 111
931112.0891689552 1929610.2651026188 111
931111.7987708289 1929610.4893962073 111
931111.5083727203 1929610.7136898048 111
931111.217974625 1929610.9379834132 111
931110.9275765453 1929611.1622770333 111
931110.6284145546 1929611.397737912 111
931110.3292525808 1929611.6331988026 111
931110.0299992017 1929611.857565426 111
931109.7309286835 1929612.1041206163 111
931109.4230028386 1929612.3507487916 111
931109.1238409304 1929612.5862097254 111
931108.8159151211 1929612.832837924 111
931108.5167532495 1929613.068298881 111
931108.2088274735 1929613.314927103 111
931107.9186124065 1929613.5614093856 111
931107.7602218626 1929613.6847599943 111
931107.4612429 1929613.9424095468 111
931107.1709364532 1929614.1777975801 111
931106.8807214468 1929614.4242799005 111
931106.5904150307 1929614.659667953 111
931106.3090554045 1929614.9060773181 111
931106.0188404488 1929615.1525596697 111
931105.7373894259 1929615.3878747756 111
931105.456029847 1929615.6342841722 111
931105.1834342015 1929615.8695263201 111
931104.910929998 1929616.1158627567 111
931104.6383343813 1929616.351104924 111
931104.3657387821 1929616.5863471003 111
931104.1019985381 1929616.8215163068 111
931103.8471136531 1929617.0566125442 111
931103.5832820077 1929617.2806874893 111
931103.3370696304 1929617.4935222054 111
931103.1085679479 1929617.7062109704 111
931102.8888301861 1929617.907732482 111
931102.6690010029 1929618.0981597202 111
931102.4756464191 1929618.2772737467 111
931102.2911471841 1929618.4563147963 111
931102.1064650911 1929618.6131672934 111
931101.9394936876 1929618.7698738305 111
931101.7812861946 1929618.9154131117 111
931101.5703124029 1929619.1057674002 111
931101.3594300547 1929619.307215974 111
931101.2099864874 1929619.4415880067 111
931101.0517790222 1929619.5871273025 111
931100.8936629947 1929619.7437608805 111
931100.7178362976 1929619.9005404266 111
931100.542009605 1929620.0573199757 111
931100.3751296948 1929620.2251208262 111
931100.2257775952 1929620.3705871557 111
931100.0674787291 1929620.5050321936 111
931099.9269819779 1929620.6504255463 111
931099.6984804688 1929620.8631144061 111
931099.5491283924 1929621.0085807499 111
931099.3821570848 1929621.1652873403 111
931099.2241325554 1929621.3330152307 111
931099.039542023 1929621.5009620755 111
931098.855042933 1929621.6800032037 111
931098.670543851 1929621.8590443362 111
931098.5036640146 1929622.0268452256 111
931098.3366927449 1929622.183551838 111
931098.1874321563 1929622.340112485 111
931098.0469354689 1929622.4855058717 111
931097.8887281166 1929622.6310452293 111
931097.721939748 1929622.8099404133 111
931097.5373492764 1929622.9778872936 111
931097.3618884654 1929623.1790440273 111
931097.1686255551 1929623.3692524577 111
931096.9754540912 1929623.570555173 111
931096.7822826367 1929623.7718578933 111
931096.5977836455 1929623.950899074 111
931096.4309953335 1929624.1297942845 111
931096.27297092 1929624.2975222324 111
931096.114855074 1929624.4541559038 111
931095.9655945657 1929624.6107165925 111
931095.7811870521 1929624.80085207 111
931095.6056348827 1929624.9909145643 111
931095.4652297271 1929625.1474022742 111