-5899757.107787724 17790114.866041683 1
931356.3028281905 1929902.7848839946 1
931356.2215841025 1929902.5969356513 1
931356.0873920002 1929902.4316121682 1
931355.9441626503 1929902.244172838 1
931355.7920782554 1929902.056806228 1
931355.6489399974 1929901.8804611864 1
931354.382869692 1929900.8368302716 1
931354.049293683 1929901.1946105622 1
931353.8019903905 1929901.2743066426 1
931353.5268464829 1929901.198900948 1
931353.3304868281 1929901.0118979749 1
931353.2038741704 1929900.691181877 1
931353.0426613233 1929900.4706051908 1
931352.8810840363 1929900.2056513815 1
931352.7362146189 1929899.8185150388 1
931352.5919829526 1929899.5090386714 1
931352.4751363741 1929899.299192679 1
931352.3407619295 1929899.1116806914 1
931352.2058408232 1929898.8576030163 1
931352.0618824477 1929898.581409502 1
931351.9270524344 1929898.3384261131 1
931351.7833673729 1929898.0955154486 1
931351.6395911911 1929897.8415105026 1
931351.4868688517 1929897.5764839996 1
931351.334237611 1929897.3225517813 1
931351.1727513219 1929897.0686922865 1
931351.011265021 1929896.8148327947 1
931350.8495964883 1929896.5387847421 1
931350.6970563235 1929896.2959468167 1
931350.535569996 1929896.0420873333 1
931350.3742658799 1929895.8104164167 1
931350.2128706452 1929895.567651221 1
931350.0603304426 1929895.3248133068 1
931349.907972458 1929895.104163958 1
931349.755523353 1929894.87242033 1
931349.6029831248 1929894.6295824237 1
931349.4506251136 1929894.4089330828 1
931349.2982670966 1929894.1882837454 1
931349.1547641166 1929893.9675616866 1
931349.0112611292 1929893.7468396309 1
931348.8678492457 1929893.5372118584 1
931348.7333835164 1929893.3386056467 1
931348.599008895 1929893.1510937186 1
931348.473398197 1929892.9524147878 1
931348.347969724 1929892.775924421 1
931348.2314874064 1929892.6104556122 1
931348.1149139698 1929892.4338925239 1
931347.9983405282 1929892.2573294395 1
931347.8818581968 1929892.0918606361 1
931347.7564296965 1929891.9153702778 1
931347.6309100781 1929891.7277856397 1
931347.5054815693 1929891.5512952856 1
931347.37996194 1929891.3637106526 1
931347.2456783729 1929891.1872930261 1
931347.1201587324 1929890.9997083964 1
931346.9857840359 1929890.8121964936 1
931346.8514093356 1929890.6246845932 1
931346.7080884624 1929890.426151139 1
931346.5825688009 1929890.2385665162 1
931346.2999528794 1929889.2534299807 1
931346.1657603715 1929889.0881066541 1
931346.0404229129 1929888.9227106022 1
931345.9061392772 1929888.7462929985 1
931345.7719467557 1929888.5809696782 1
931345.6376631112 1929888.4045520774 1
931345.5033794589 1929888.2281344794 1
931345.3690958032 1929888.0517168837 1
931345.2347210237 1929887.864205009 1
931345.1003462382 1929887.676693136 1
931344.9660625631 1929887.5002755446 1
931344.8229238328 1929887.3239306863 1
931344.6884579085 1929887.1253245377 1
931344.55399198 1929886.9267183933 1
931344.4106709928 1929886.7281849766 1
931344.2762961711 1929886.5406731179 1
931344.1418302238 1929886.3420669797 1
931344.0074553879 1929886.1545551238 1
931343.8729894281 1929885.9559489887 1
931343.7386145822 1929885.768437137 1
931343.5953846744 1929885.580998018 1
931343.4610098165 1929885.3934861703 1
931343.3177798984 1929885.2060470548 1
931343.1744588531 1929885.00751366 1
931343.0400839745 1929884.8200018196 1
931342.8968540373 1929884.6325627118 1
931342.7536240916 1929884.4451236057 1
931342.6103030202 1929884.2465902201 1
931342.4669819421 1929884.048056838 1
931342.323751977 1929883.860617739 1
931342.1804308856 1929883.6620843618 1
931342.0371097876 1929883.4635509856 1
931341.8758963228 1929883.2429745125 1
931341.7325752105 1929883.0444411433 1
931341.5803990348 1929882.845980506 1
931341.4370779064 1929882.6474471395 1
931341.2848105934 1929882.4378922286 1
931341.1414894513 1929882.239358868 1
931340.9981683048 1929882.04082551 1
931340.8459920916 1929881.8423648868 1
931340.7025798073 1929881.6327372533 1
931340.5504035797 1929881.4342766337 1
931340.4069912813 1929881.2246490058 1
931340.2548150418 1929881.0261883931 1
931340.1114938539 1929880.8276550502 1
931339.959317598 1929880.6291944426 1
931339.8159963966 1929880.4306611046 1
931339.6637290012 1929880.2211062212 1
931339.5203166603 1929880.0114786068 1
931339.3769954381 1929879.8129452758 1
931339.233674207 1929879.6144119482 1
931339.0814067848 1929879.4048570765 1
931338.9379944135 1929879.1952294712 1
931338.7857269765 1929878.985674604 1
931338.6423145907 1929878.776047004 1
931338.4989022003 1929878.5664194091 1
931338.3553986754 1929878.345697533 1
931338.2120773955 1929878.1471642228 1
931338.0865573648 1929877.9595797255 1
931337.9700746413 1929877.794111058 1
931337.8176248997 1929877.5623676463 1
931337.6831586588 1929877.3637616094 1
931337.5486924116 1929877.165155575 1
931337.4321185384 1929876.9885926333 1
931337.3155446626 1929876.8120296954 1
931337.1989707821 1929876.6354667572 1
931337.0824880253 1929876.4699981029 1
931336.966005264 1929876.3045294497 1
931336.8495224982 1929876.139060798 1
931336.7240935345 1929875.9625706032 1
931336.5807721762 1929875.7640373197 1
931336.4195584252 1929875.5434609503 1
931336.303075636 1929875.377992305 1
931336.1777377819 1929875.2125964006 1
931336.0434537232 1929875.0361789514 1
931335.9091696611 1929874.859761507 1
931335.7747944631 1929874.6722497807 1
931335.6315641913 1929874.4848107954 1
931335.4794788494 1929874.2974445478 1
931335.3360663027 1929874.0878170056 1
931335.1837986849 1929873.8782622032 1
931335.0138209242 1929873.6688528787 1
931334.8526070925 1929873.4482765375 1
931334.6736831161 1929873.2278456762 1
931334.5035230656 1929872.9962477998 1
931334.3245990728 1929872.7758169472 1
931334.1455839358 1929872.5442918148 1
931333.9666599219 1929872.3238609692 1
931333.7966821019 1929872.1144516687 1
931333.6267042736 1929871.9050423705 1
931333.4744365719 1929871.6954875991 1
931333.3134049274 1929871.4970998503 1
931333.1700834157 1929871.2985666255 1
931333.0091428926 1929871.111273163 1
931332.8659124991 1929870.9238342252 1
931332.7225909672 1929870.7253010054 1
931332.5792694285 1929870.5267677906 1
931332.435947881 1929870.328234577 1
931332.3015725341 1929870.140722908 1
931332.1583421107 1929869.9532839796 1
931332.0150205436 1929869.7547507738 1
931331.871698972 1929869.556217571 1
931331.737141327 1929869.346517347 1
931331.5938197419 1929869.1479841485 1
931331.4592620858 1929868.9382839294 1
931331.3158493512 1929868.7286564538 1
931331.1724366073 1929868.5190289817 1
931331.0290238585 1929868.3094015114 1
931330.885519966 1929868.0886797616 1
931330.7508711366 1929867.8678852725 1
931330.5985121564 1929867.6472362701 1
931330.4550993787 1929867.4376088108 1
931330.3115954543 1929867.2168870708 1
931330.159236451 1929866.9962380761 1
931330.0068774376 1929866.775589085 1
931329.8632823547 1929866.543773072 1
931329.701977115 1929866.3121025485 1
931329.5496180773 1929866.0914535667 1
931329.3972590318 1929865.8708045848 1
931329.2359537666 1929865.6391340706 1
931329.0746484904 1929865.407463559 1
931328.904488132 1929865.1758657938 1
931328.734327762 1929864.944268034 1
931328.5642585225 1929864.7237645565 1
931328.4029532127 1929864.4920940576 1
931328.2416478919 1929864.260423561 1
931328.0625412705 1929864.0178042776 1
931327.8835257771 1929863.7862792788 1
931327.7045102739 1929863.554754283 1
931327.5254947632 1929863.3232292929 1
931327.3376241626 1929863.0917770502 1
931327.1585174883 1929862.8491577858 1
931326.9705557276 1929862.6066112716 1
931326.7019868231 1929862.2537766683 1
931326.5140250338 1929862.0112301635 1
931326.3172081567 1929861.7687564103 1
931326.1291552028 1929861.515115634 1
931325.9411933806 1929861.2725691418 1
931325.7443764677 1929861.0300954008 1
931325.5476506869 1929860.7987159453 1
931325.3596888322 1929860.5561694675 1
931325.162871888 1929860.3136957411 1
931324.965963786 1929860.0601277386 1
931324.7691468168 1929859.8176540202 1
931324.5723298362 1929859.5751803068 1
931324.3842767812 1929859.3215395687 1
931324.187459778 1929859.0790658644 1
931323.9905516203 1929858.8254978831 1
931323.8024985311 1929858.5718571579 1
931323.6056814938 1929858.3293834678 1
931323.4176283821 1929858.0757427495 1
931323.2207201757 1929857.8221747873 1
931323.0238119573 1929857.5686068293 1
931322.8357588135 1929857.3149661245 1
931322.6387594247 1929857.050303895 1
931322.441851171 1929856.7967359498 1
931322.2537068425 1929856.5320009785 1
931322.0567985652 1929856.2784330412 1
931321.8509440423 1929856.0138435806 1
931321.6539445923 1929855.7491813744 1
931321.4569451322 1929855.4845191713 1
931321.2600368067 1929855.2309512552 1
931321.0541822334 1929854.9663618128 1
931320.8571827341 1929854.7016996238 1
931320.6513281353 1929854.4371101914 1
931320.454328611 1929854.1724480118 1
931320.2485651372 1929853.9189528713 1
931320.0427105003 1929853.6543634553 1
931319.845710941 1929853.3897012903 1
931319.6398562763 1929853.1251118828 1
931319.4340927526 1929852.8716167617 1
931319.2370931561 1929852.6069546102 1
931319.0312384556 1929852.342365219 1
931318.8252925901 1929852.0666815506 1
931318.6194378636 1929851.8020921685 1
931318.413583124 1929851.5375027908 11
931318.2077283718 1929851.2729134187 11
931318.0106375442 1929850.9971570142 11
931317.8046916126 1929850.721473372 11
931317.5899817301 1929850.4569567693 11
931317.37518068 1929850.1813458933 11
931317.1603796158 1929849.905735022 11
931316.9456696924 1929849.6412184364 11
931316.7308686005 1929849.3656075743 11
931316.507303557 1929849.1011637582 11
931316.2925024371 1929848.8255529082 11
931316.0688462098 1929848.5500148213 11
931315.8629913114 1929848.2854255058 11
931315.6393350557 1929848.009887431 11
931315.4245338799 1929847.7342766023 11
931315.2185877846 1929847.4585930232 11
931315.0037865809 1929847.1829822056 11
931314.7978404585 1929846.9072986352 11
931314.5918031649 1929846.6205207882 11
931314.3858570154 1929846.344837228 11
931314.1799108525 1929846.0691536723 11
931313.973964676 1929845.793470123 11
931313.7767824242 1929845.5066195377 11
931313.5707450621 1929845.2198417154 11
931313.3647988451 1929844.9441581797 11
931313.1587614577 1929844.657380368 11
931312.9528152115 1929844.3816968412 11
931312.7467777941 1929844.094919041 11
931312.549777784 1929843.830257044 11
931312.3349764014 1929843.5546462946 11
931312.1290301015 1929843.2789627882 11
931311.9141375299 1929842.9922577695 11
931311.6903898442 1929842.7056255175 11
931311.4755884049 1929842.43001479 11
931311.2429855891 1929842.1434553117 11
931311.0192378581 1929841.8568230765 11
931310.7865438485 1929841.5591693302 11
931310.5539409852 1929841.2726098718 11
931310.3213381041 1929840.986050418 11
931310.0798801074 1929840.6995637363 11
931309.8472771966 1929840.4130042968 11
931309.6145831059 1929840.1153505824 11
931309.3819801632 1929839.828791155 11
931309.1492860378 1929839.5311374534 11
931308.9077367948 1929839.2335565242 11
931308.6750426386 1929838.9359028353 11
931308.4423484658 1929838.6382491535 11
931308.2096542745 1929838.340595478 11
931307.9769600714 1929838.0429418096 11
931307.7442658473 1929837.7452881462 11
931307.5114804422 1929837.4365402092 11
931307.287641293 1929837.1388137913 11
931307.054947022 1929836.8411601477 11
931306.8311990086 1929836.5545280245 11
931306.6073598121 1929836.256801624 11
931306.3924668749 1929835.9700967441 11
931306.1775739233 1929835.6833918707 11
931305.962680957 1929835.3966870005 11
931305.7477879762 1929835.1099821376 11
931305.5328949809 1929834.8232772804 11
931305.3269482467 1929834.5475939377 11
931305.1120552229 1929834.2608890904 11
931304.9061996337 1929833.996300042 11
931304.6914889225 1929833.7317837663 11
931304.4945795875 1929833.478216239 11
931304.297761414 1929833.2357429964 11
931304.1098895082 1929833.0042912671 11
931303.9221087635 1929832.7839338249 11
931303.7431831196 1929832.563503616 11
931303.5643486404 1929832.3541676912 11
931303.3943692611 1929832.1447589998 11
931303.2243898757 1929831.9353503112 11
931303.036609084 1929831.7149928873 11
931302.8488282826 1929831.4946354686 11
931302.6609562984 1929831.2631837733 11
931302.473084306 1929831.0317320828 11
931302.2762660151 1929830.7892588857 11
931302.0883939994 1929830.5578072038 9
931301.8915756864 1929830.3153340144 9
931301.7037036497 1929830.0838823419 9
931301.5158316026 1929829.8524306712 9
931301.3369058359 1929829.6320005113 9
931301.1578888827 1929829.4004760769 9
931300.9790542701 1929829.1911402068 9
931300.8000373 1929828.9596157796 9
931300.6299666081 1929828.7391128633 9
931300.4510407925 1929828.5186827239 9
931300.2721149699 1929828.2982525872 9
931300.1021354273 1929828.088843961 9
931299.923300763 1929827.8795081156 9
931299.7534123801 1929827.6811937764 9
931299.6013254005 1929827.4938281723 9
931299.4582758824 1929827.3285783587 9
931299.3241726548 1929827.1743500507 9
931299.145429127 1929826.9761085017 9
931298.9844870045 1929826.7888156848 9
931298.8503837595 1929826.634587386 9
931298.7073342121 1929826.4693375851 9
931298.5643758374 1929826.3151820672 9
931298.403524868 1929826.138983541 9
931298.2605664844 1929825.9848280286 9
931298.1175169144 1929825.8195782362 9
931297.9476284498 1929825.6212639345 9
931297.7867774518 1929825.4450654218 9
931297.6436366861 1929825.2687213575 9
931297.4917319734 1929825.103544353 9
931297.3486823755 1929824.9382945742 9
931297.1965952931 1929824.750929014 9
931297.0445082017 1929824.563563456 9
931296.8925122861 1929824.3872921832 9
931296.740516362 1929824.2110209116 9
931296.5885204339 1929824.0347496434 9
931296.4364333182 1929823.8473840968 9
931296.2753998921 1929823.6489970505 9
931296.1054201567 1929823.4395885044 9
931295.9355315969 1929823.241274243 9
931295.7744981475 1929823.0428872064 9
931295.6223198138 1929822.8444273935 9
931295.4790877742 1929822.656989085 9
931295.3270006091 1929822.4696235585 9
931295.165875948 1929822.2601422518 9
931295.0046600983 1929822.039566669 9
931294.825733996 1929821.8191366477 9
931294.7003945326 1929821.653741354 9
931294.5750550665 1929821.4883460624 9
931294.387091449 1929821.2458002705 9
931294.2170204344 1929821.025297482 9
931294.0469494133 1929820.8047946969 9
931293.8857335066 1929820.5842191344 9
931293.7156624658 1929820.3637163558 9
931293.5366451072 1929820.1321920815 9
931293.357627739 1929819.9006678108 9
931293.1874654875 1929819.6690707628 9
931293.0173032245 1929819.4374737183 9
931292.8919636927 1929819.2720784508 9
931292.7754792811 1929819.106610406 9
931292.6321559291 1929818.9080778637 9
931292.4976876981 1929818.7094725422 9
931292.3543643352 1929818.5109400065 9
931292.2110409655 1929818.3124074726 9
931292.0766638997 1929818.124896441 9
931291.933340517 1929817.9263639115 9
931291.7990546282 1929817.7499471633 9
931291.6736238581 1929817.573457634 9
931291.5034615139 1929817.3418606187 9
931291.3601381045 1929817.1433281007 9
931291.2259433791 1929816.978005641 9
931291.0916574582 1929816.8015889046 9
931290.9663178498 1929816.6361936661 9
931290.8320319181 1929816.4597769342 9
931290.6887996666 1929816.2723387072 9
931290.5634600425 1929816.1069434737 9
931290.4291740961 1929815.9305267474 9
931290.294888142 1929815.7541100231 9
931290.1606933738 1929815.588787581 9
931290.0265897895 1929815.4345594218 9
931289.910105269 1929815.2690914152 9
931289.7668729747 1929815.0816532031 9
931289.5968017181 1929814.861150508 9
931289.4625157319 1929814.684733796 9
931289.3282297378 1929814.5083170873 9
931289.19385255 1929814.3208061003 9
931289.050620226 1929814.1333678996 9
931288.9072967025 1929813.9348354219 9
931288.7729194963 1929813.7473244404 9
931288.6296871532 1929813.5598862483 9
931288.4954011239 1929813.3834695523 9
931288.3609327084 1929813.1848642973 9
931288.217609155 1929812.9863318324 9
931288.065339269 1929812.7767778733 9
931287.9131605697 1929812.578318199 9
931287.760799479 1929812.3576699656 9
931287.599492053 1929812.126000243 9
931287.4293294856 1929811.8944033103 9
931287.268022044 1929811.6627335942 9
931287.0978594582 1929811.4311366673 9
931286.9724284989 1929811.2546472074 9
931286.8559438613 1929811.0891792427 9
931286.7394592193 1929810.9237112787 9
931286.5780605467 1929810.6809472959 9
931286.4526295632 1929810.5044578419 9
931286.3361449052 1929810.3389898848 9
931286.2107139139 1929810.1625004357 9
931286.0765189771 1929809.9971780581 9
931285.9599431101 1929809.8206158255 9
931285.8254745787 1929809.6220106115 9
931285.6821509034 1929809.4234781882 9
931285.5387360286 1929809.2138514859 9
931285.3953211466 1929809.004224787 9
931285.2341047877 1929808.783649389 9
931285.0639420885 1929808.5520525037 9
931284.89377938 1929808.3204556222 9
931284.7145791353 1929808.066742972 9
931284.5174862107 1929807.7909873459 9
931284.3115381359 1929807.5153045151 9
931284.1054988506 1929807.2285274102 9
931283.8906956107 1929806.9529173803 9
931283.6759835542 1929806.6884016353 9
931283.4611802866 1929806.4127916172 9
931283.2641784806 1929806.1481303007 9
931283.067359059 1929805.9056575494 9
931282.879485964 1929805.6742062932 9
931282.6916128609 1929805.4427550384 9
931282.4947022073 1929805.18918802 9
931282.2889364017 1929804.9356938002 9
931282.0739506452 1929804.6378952544 9
931281.8502009326 1929804.351263791 9
931281.644252687 1929804.0755810235 9
931281.4384868289 1929803.8220868227 9
931281.2324473565 1929803.535309788 9
931281.0354454138 1929803.270648523 9
931280.829588319 1929803.0060600566 9
931280.6326775505 1929802.752493083 9
931280.4355843692 1929802.4767375516 9
931280.2296360342 1929802.20105482 9
931280.0416715769 1929801.9585093434 9
931279.8625622524 1929801.715891078 9
931279.6923992641 1929801.4842942997 9
931279.5312738186 1929801.27481329 9
931279.3790035094 1929801.0652594888 9
931279.2267331904 1929800.8557056896 9
931279.0744628661 1929800.6461518933 9
931278.913337387 1929800.4366708964 9
931278.7521206983 1929800.2160956215 9
931278.5818664455 1929799.9734045845 9
931278.4117033895 1929799.7418078333 9
931278.2416315264 1929799.5213053662 9
931278.0894523584 1929799.3228458674 9
931277.9460371225 1929799.1132192933 9
931277.7938579402 1929798.9147598003 9
931277.6416787487 1929798.7163003108 9
931277.4714244361 1929798.4736092973 9
931277.2924061699 1929798.2420853649 9
931277.1311893951 1929798.0215101219 9
931276.9699726141 1929797.8009348796 9
931276.79095432 1929797.569410958 9
931276.6117536051 1929797.31569848 9
931276.4237889355 1929797.0731530855 9
931276.2447706112 1929796.841629176 9
931276.0836449895 1929796.632148232 9
931275.9313745116 1929796.4225944916 9
931275.7791952337 1929796.2241350354 9
931275.6270159463 1929796.0256755808 9
931275.4657078778 1929795.7940060883 9
931275.2956358609 1929795.5735036784 9
931275.1344189853 1929795.3529284736 9
931274.9732933079 1929795.143447551 9
931274.794274903 1929794.9119236711 9
931274.6150740721 1929794.658211235 9
931274.4271092862 1929794.4156658843 9
931274.2479996413 1929794.1730477358 9
931274.0780187699 1929793.9636396307 9
931273.925839402 1929793.7651802073 9
931273.8003166964 1929793.5775966623 9
931273.6212982262 1929793.346072808 9
931273.4779739915 1929793.1475405907 9
931273.334740961 1929792.960102657 9