931358.4041864395 1929904.176697088 1
931358.269356698 1929903.933713599 1
931358.152783627 1929903.7571503744 1
931358.0183182787 1929903.5585440155 1
931357.9018362992 1929903.393075075 1
931357.7584248 1929903.1834471524 1
931357.6418517081 1929903.006883934 1
931357.5076596431 1929902.8415604276 1
931357.3911776437 1929902.6760914933 1
931357.2478572224 1929902.4775578629 1
931357.0956817608 1929902.2790969466 1
931356.9434151889 1929902.0695417537 1
931356.8001858502 1929901.882102411 1
931356.6567742982 1929901.6724745063 1
931356.5045077046 1929901.462919322 1
931356.3343488193 1929901.2313210065 1
931356.1553348898 1929900.9997954122 1
931356.0299978013 1929900.8343992122 1
931355.8509838528 1929900.6028736243 1
931355.7256467524 1929900.4374774292 1
931355.6002185424 1929900.2609869554 1
931355.4659352889 1929900.0845692002 1
931355.3316520274 1929899.9081514478 1
931355.1973687627 1929899.7317336956 1
931355.0542304536 1929899.555388663 1
931354.9110921362 1929899.3790436334 1
931354.7767177484 1929899.1915316074 1
931354.6335794212 1929899.015186583 1
931354.4992961255 1929898.8387688426 1
931354.3560666802 1929898.65132954 1
931354.2217833751 1929898.4749118062 1
931354.0786450221 1929898.2985667884 1
931353.9443617057 1929898.1221490582 1
931353.8101694908 1929897.956825609 1
931353.6759772684 1929897.791502165 1
931353.5416939354 1929897.6150844388 1
931353.3986466635 1929897.449833716 1
931353.2555082781 1929897.2734887132 1
931353.121224926 1929897.0970709964 1
931352.9780865288 1929896.9207259994 1
931352.8349481258 1929896.7443810038 1
931352.691900823 1929896.5791302929 1
931352.5487624081 1929896.402785303 1
931352.4056239872 1929896.2264403151 1
931352.2624855582 1929896.0500953316 1
931352.1104920825 1929895.8738230672 1
931351.9673536435 1929895.6974780886 1
931351.8241240865 1929895.5100388299 1
931351.672130592 1929895.333766574 1
931351.5200459788 1929895.1464000412 1
931351.3679613612 1929894.9590335109 1
931351.215785624 1929894.760572701 1
931351.0636098819 1929894.5621118937 1
931350.9115252413 1929894.374745372 1
931350.7682956407 1929894.1873061298 1
931350.6162109869 1929893.999939613 1
931350.464035217 1929893.8014788185 1
931350.3117683283 1929893.5919237428 1
931350.1595925417 1929893.3934629518 1
931349.9985617046 1929893.195074887 1
931349.8463859058 1929892.996614101 1
931349.6942100975 1929892.79815332 1
931349.5419431695 1929892.588598259 1
931349.3808211897 1929892.3791159245 1
931349.2286453617 1929892.1806551497 1
931349.0675233642 1929891.9711728215 1
931348.915256408 1929891.7616177718 1
931348.7542255083 1929891.5632297304 1
931348.6019585348 1929891.3536746865 1
931348.4497826701 1929891.1552139267 1
931348.2975156839 1929890.9456588884 1
931348.1452486881 1929890.736103853 1
931347.9929816868 1929890.5265488203 1
931347.8318596294 1929890.3170665132 1
931347.6706464466 1929890.0964899305 1
931347.5095243708 1929889.8870076297 1
931347.3394561242 1929889.6665037768 1
931347.1693878667 1929889.445999928 1
931347.0082657683 1929889.236517638 1
931346.8559987097 1929889.0269626246 1
931346.7037316458 1929888.817407616 1
931346.5515556887 1929888.61894689 1
931346.3903424426 1929888.39837033 1
931346.2380753536 1929888.1888153285 1
931346.0768620911 1929887.968238775 1
931345.9156488179 1929887.7476622246 1
931345.7455804868 1929887.5271584028 1
931345.5842760789 1929887.295487577 1
931345.4142077301 1929887.0749837637 1
931345.2528121863 1929886.8322186621 1
931345.0737976485 1929886.6006933025 1
931344.9036381517 1929886.3690952156 1
931344.7424248174 1929886.148518688 1
931344.581211477 1929885.9279421626 1
931344.4199981261 1929885.7073656402 1
931344.2677309423 1929885.4978106741 1
931344.1155548684 1929885.2993499914 1
931343.9722338439 1929885.1008165847 1
931343.8290039327 1929884.9133774599 1
931343.6855917724 1929884.7037497761 1
931343.542361848 1929884.516310657 1
931343.4079869726 1929884.3287988103 1
931343.2647570336 1929884.1413596962 1
931343.1214359695 1929883.942826302 1
931342.969259843 1929883.7443656407 1
931342.825938763 1929883.5458322524 1
931342.6648164424 1929883.3363500445 1
931342.5125491726 1929883.1267951087 1
931342.3514268385 1929882.917312908 1
931342.1991595512 1929882.7077579794 1
931342.037946079 1929882.4871815029 1
931341.8051631545 1929882.178432624 1
931341.6439496621 1929881.9578561545 1
931341.4738811033 1929881.7373524199 1
931341.3126675916 1929881.5167759561 1
931341.1425990132 1929881.2962722278 1
931340.9725304281 1929881.0757685031 1
931340.8113168908 1929880.8551920492 1
931340.6501033449 1929880.6346155982 1
931340.4889809174 1929880.425133432 1
931340.3189122977 1929880.20462972 1
931340.1576987267 1929879.9840532774 1
931339.9875389646 1929879.752455292 1
931339.8086152559 1929879.5320243232 1
931339.629509287 1929879.2894047953 1
931339.4504944334 1929879.0578795525 1
931339.2804257593 1929878.837375861 1
931339.1192121352 1929878.6167994388 1
931338.9491434435 1929878.3962957552 1
931338.7880209287 1929878.1868136209 1
931338.6179522198 1929877.9663099423 1
931338.4569208157 1929877.7679220957 1
931338.3047444687 1929877.5694615184 1
931338.1616054295 1929877.3931167708 1
931337.9647892424 1929877.1506427478 1
931337.8305963819 1929876.985319553 1
931337.678511134 1929876.7979532664 1
931337.5442271342 1929876.6215357946 1
931337.4099431266 1929876.4451183253 1
931337.2756591156 1929876.2687008576 1
931337.1325200329 1929876.0923561263 1
931336.9981448817 1929875.9048443828 1
931336.8549146602 1929875.717405377 1
931336.7027382365 1929875.518944827 1
931336.53257829 1929875.2873469093 1
931336.3623272025 1929875.044654714 1
931336.1654197791 1929874.7910864514 1
931335.9683300861 1929874.5153296306 1
931335.7802777046 1929874.2616886403 1
931335.5922253119 1929874.008047653 1
931335.4131191052 1929873.7654282143 1
931335.2339217594 1929873.5117144985 1
931335.0370142667 1929873.2581462602 1
931334.8488706978 1929872.9934110092 1
931334.6517809178 1929872.7176542196 1
931334.454691125 1929872.4418974333 1
931334.2487462512 1929872.1662133904 1
931334.0427102314 1929871.8794350717 1
931333.8366741999 1929871.5926567581 1
931333.62169195 1929871.2948569085 1
931333.3978546134 1929870.9971298014 1
931333.1740172631 1929870.6994027023 1
931332.9412336932 1929870.390654067 1
931332.6996861679 1929870.093072461 1
931332.4580474932 1929869.7843965797 1
931332.2164088009 1929869.4757207062 1
931331.9747700909 1929869.1670448384 1
931331.7421687061 1929868.8804847985 1
931331.5184223752 1929868.5938520231 1
931331.3126595867 1929868.3403566137 1
931331.115751856 1929868.086788468 1
931330.9277903228 1929867.8442418661 1
931330.739828779 1929867.6016952684 1
931330.5429210139 1929867.3481271355 1
931330.3548683128 1929867.0944862652 1
931330.1757618097 1929866.8518669356 1
931329.9966552963 1929866.6092476116 1
931329.8174576368 1929866.3555340106 1
931329.6383511027 1929866.112914693 1
931329.4591534197 1929865.859201099 1
931329.2709183734 1929865.5833716886 1
931329.0738282393 1929865.3076150292 1
931328.8767380947 1929865.0318583725 1
931328.6707017171 1929864.745080185 1
931328.4825577625 1929864.480345074 1
931328.2944137937 1929864.2156099689 1
931328.1063609535 1929863.9619691465 1
931327.9270720411 1929863.6971613038 1
931327.7390191784 1929863.4435204922 1
931327.5598213822 1929863.1898069365 1
931327.3718596385 1929862.947260413 1
931327.1838067446 1929862.6936196114 1
931327.004608916 1929862.4399060698 1
931326.8344484392 1929862.2083083477 1
931326.6555240185 1929861.9878776565 1
931326.4943097446 1929861.7673014747 1
931326.3242403851 1929861.5467980416 1
931326.1542621572 1929861.337388895 1
931325.9752465549 1929861.1058639358 1
931325.8052683119 1929860.8964547962 1
931325.6530913623 1929860.6979944457 1
931325.4921504708 1929860.5107011262 1
931325.3579571 1929860.3453781274 1
931325.2326188072 1929860.1799823842 1
931325.0625493829 1929859.9594789774 1
931324.8924799474 1929859.738975574 1
931324.7492491842 1929859.5515367715 1
931324.5970721856 1929859.3530764407 1
931324.4359489551 1929859.1435945784 1
931324.2837719419 1929858.945134252 1
931324.1315949238 1929858.7466739283 1
931323.9884552724 1929858.57032942 1
931323.8541706956 1929858.3939121647 1
931323.7197949697 1929858.2064006303 1
931323.5319241511 1929857.974948474 1
931323.370800868 1929857.7654666314 1
931323.2277523284 1929857.6002164178 1
931323.1024139533 1929857.4348207049 1
931322.9770755732 1929857.2694249947 1
931322.8340270197 1929857.1041747867 1
931322.6729037004 1929856.894692959 1
931322.5208177528 1929856.7073269458 1
931322.3776780332 1929856.530982463 1
931322.2434845405 1929856.3656595137 1
931322.1091998946 1929856.1892422861 1
931321.9660601576 1929856.0128978116 1
931321.8050279444 1929855.8145102817 1
931321.6438134287 1929855.5939341916 1
931321.5184749906 1929855.4285385043 1
931321.330512901 1929855.1859921133 1
931321.2050833039 1929855.009502148 1
931321.0707986146 1929854.8330849367 1
931320.9275676836 1929854.6456461987 1
931320.7931006813 1929854.4470404289 1
931320.6409235003 1929854.248580169 1
931320.4886551622 1929854.0390256285 1
931320.3363868142 1929853.829471093 1
931320.1751722224 1929853.608895032 1
931320.0139576201 1929853.3883189727 1
931319.8437967722 1929853.1567213899 1
931319.6736359127 1929852.92512381 1
931319.494619955 1929852.6935989878 1
931319.2259592747 1929852.3296703417 1
931319.046943292 1929852.0981455278 1
931318.8589810575 1929851.8555991936 11
931318.6709276598 1929851.6019585808 11
931318.4740191628 1929851.3483907299 11
931318.2770194964 1929851.0837285996 11
931318.0801109754 1929850.8301607564 11
931317.8742561957 1929850.565571392 11
931317.6684014031 1929850.300982034 11
931317.4624554437 1929850.0252983975 11
931317.2564183165 1929849.738520486 11
931317.0416172375 1929849.4629096184 11
931316.8178698969 1929849.176277232 11
931316.6029776342 1929848.8895720928 11
931316.3970316057 1929848.613888483 11
931316.1910855637 1929848.33820488 11
931315.9850483525 1929848.0514269997 11
931315.78813969 1929847.797859209 11
931315.599994956 1929847.533124385 11
931315.4119413648 1929847.279483845 11
931315.223978919 1929847.036937591 11
931315.05381781 1929846.8053401038 11
931314.8658553434 1929846.5627938567 11
931314.6867479641 1929846.320174855 11
931314.4987854763 1929846.077628617 11
931314.3107318196 1929845.823988102 11
931314.1227693121 1929845.5814418718 11
931313.94357073 1929845.3277286044 11
931313.7467531016 1929845.0852551444 11
931313.5586994004 1929844.8316146443 11
931313.3617905901 1929844.5780469086 11
931313.164881768 1929844.3244791816 11
931312.9680640962 1929844.0820057378 11
931312.7623001523 1929843.8285107773 11
931312.5653912948 1929843.5749430615 11
931312.359536166 1929843.3103538319 11
931312.1449170857 1929843.0569316486 11
931311.939153092 1929842.80343671 11
931311.7246251476 1929842.561108818 11
931311.5187699677 1929842.2965196075 11
931311.3041508363 1929842.0430974455 11
931311.0896228544 1929841.8007695712 11
931310.8927138994 1929841.5472018945 11
931310.7048423591 1929841.31575002 11
931310.5260082381 1929841.1064139493 11
931310.3559380444 1929840.8859108372 11
931310.2038515378 1929840.698545044 11
931310.0696575532 1929840.5332222884 11
931309.8996784998 1929840.3238134666 11
931309.7742484465 1929840.1473236699 11
931309.6220707473 1929839.9488636062 11
931309.4610379383 1929839.750476309 11
931309.2819302597 1929839.5078574228 11
931309.1477362382 1929839.3425346804 11
931309.0135422137 1929839.1772119396 11
931308.8433807789 1929838.945614577 11
931308.6554179594 1929838.7030684694 11
931308.5212239152 1929838.5377457377 11
931308.3868475321 1929838.350234446 11
931308.2346697703 1929838.1517744071 11
931308.0824920015 1929837.9533143719 11
931307.9213679519 1929837.7438328238 11
931307.7512064562 1929837.5122354834 11
931307.5721898479 1929837.2807109123 11
931307.3930820606 1929837.0380920656 11
931307.1960817167 1929836.7734301924 11
931306.9902262541 1929836.5088410922 11
931306.7841884432 1929836.2220634364 11
931306.5781506184 1929835.9352857843 11
931306.3544025649 1929835.648653673 11
931306.1395096041 1929835.3619488 11
931305.9334717364 1929835.0751711628 11
931305.7454175806 1929834.8215308383 11
931305.5573634113 1929834.5678905172 11
931305.3872929566 1929834.3473875048 11
931305.2261687717 1929834.137906008 11
931305.0202220156 1929833.8622226745 11
931304.8500603625 1929833.6306253928 11
931304.706828713 1929833.4431869288 9
931304.5547419449 1929833.2558212362 9
931304.4293116732 1929833.0793315188 9
931304.2772248925 1929832.8919658314 9
931304.1339020466 1929832.6934330973 9
931304.0085629291 1929832.528037666 9
931303.8653312422 1929832.340599217 9
931303.704298153 1929832.1422120295 9
931303.5610664529 1929831.9547735846 9
931303.3909958936 1929831.734270612 9
931303.2120702137 1929831.5138404144 9
931303.0419996388 1929831.2933374501 9
931302.8630739405 1929831.0729072597 9
931302.7465898865 1929830.907439076 9
931302.5587178866 1929830.6759873836 9
931302.4245235956 1929830.5106647466 9
931302.2903292994 1929830.3453421134 9
931302.156043822 1929830.1689252015 9
931302.0129032279 1929829.9925810634 9
931301.8697626279 1929829.816236929 9
931301.7177669082 1929829.6399655675 9
931301.5656800055 1929829.4525999287 9
931301.413593096 1929829.2652342936 9
931301.1631881729 1929828.9677263568 9
931301.002063783 1929828.7582449391 9
931300.8411217337 1929828.5709520879 9
931300.6978899095 1929828.3835136918 9
931300.5547492524 1929828.207169579 9
931300.4294099984 1929828.0417742003 9
931300.2503929869 1929827.8102497852 9
931300.0981236682 1929827.6006956107 9
931299.9369992237 1929827.3912142143 9
931299.7667461268 1929827.1485227533 9
931299.6324605482 1929826.9721058812 9
931299.480282374 1929826.773646 9
931299.3279218404 1929826.552997559 9
931299.166615004 1929826.3213276165 9
931298.9875067438 1929826.078708946 9
931298.817344769 1929825.8471117853 9
931298.638327667 1929825.6155874021 9
931298.4503642585 1929825.373041519 9
931298.2713471386 1929825.1415171463 9
931298.083383709 1929824.8989712715 9
931297.8955114478 1929824.6675196812 9
931297.7164031185 1929824.424901037 9
931297.5195845375 1929824.1824279516 9
931297.3316210649 1929823.9398820924 9
931297.1436575816 1929823.6973362376 9
931296.9556029072 1929823.4436961086 9
931296.7587842816 1929823.2012230388 9
931296.5709119486 1929822.9697714788 9
931296.3740933009 1929822.727298418 9
931296.1862209445 1929822.495846868 9
931295.9982573986 1929822.253301038 9
931295.8103850214 1929822.0218494942 9
931295.6223302697 1929821.7682093936 9
931295.4343666891 1929821.525663577 9
931295.2464942826 1929821.2942120458 9
931295.0674769863 1929821.0626877376 9
931294.8885508634 1929820.8422577172 9
931294.7185710376 1929820.6328491978 9
931294.5574463294 1929820.423367904 9
931294.3963216108 1929820.2138866123 9
931294.2352880704 1929820.0154996056 9
931294.0831096444 1929819.8170398201 9
931293.9309312134 1929819.6185800382 9
931293.7788439577 1929819.4312145398 9
931293.6445581317 1929819.2547977618 9
931293.4566856233 1929819.0233462704 9
931293.2954696679 1929818.802770718 9
931293.1523286963 1929818.6264267308 9
931293.0090053456 1929818.427894183 9
931292.8747194876 1929818.2514774178 9
931292.7493799359 1929818.0860821537 9
931292.6240403771 1929817.920686891 9
931292.4899368752 1929817.7664586934 9
931292.3377583701 1929817.56799894 9
931292.1498857884 1929817.336547477 9
931292.0156910819 1929817.1712250065 9
931291.881405181 1929816.9948082562 9
931291.7382641493 1929816.818464293 9
931291.5860856094 1929816.6200045522 9
931291.4249607447 1929816.410523317 9
931291.2548895585 1929816.1900205873 9
931291.0669257286 1929815.9474748685 9
931290.870015571 1929815.693907656 9
931290.6730142132 1929815.4292461674 9
931290.4670665251 1929815.1535631865 9
931290.2433173757 1929814.8669315018 9
931290.0194770215 1929814.5692055398 9
931289.7779263915 1929814.2716251535 9
931289.5362845522 1929813.9629504946 9
931289.2856963765 1929813.6432543462 9
931289.0351993723 1929813.3346524872 9
931288.9098596727 1929813.169257279 9
931288.7845199658 1929813.0038620725 9
931288.6504163156 1929812.8496339365 9
931288.5162214695 1929812.6843115205 9
931288.39088175 1929812.5189163217 9
931288.2655420256 1929812.3535211214 9
931288.1313471617 1929812.1881987131 9
931287.9971522947 1929812.022876305 9
931287.8541022877 1929811.857626687 9
931287.7287625452 1929811.6922314959 9
931287.5945676602 1929811.5269090948 9
931287.3259954936 1929811.1740757378 9
931287.1918005948 1929811.0087533426 9
931287.0575144953 1929810.8323366707 9
931286.9143732586 1929810.6559927869 9
931286.7800871477 1929810.4795761185 9
931286.6458010335 1929810.3031594525 9
931286.5114237199 1929810.1156485064 9
931286.3682824573 1929809.9393046324 9
931286.2339051318 1929809.7517936914 9
931286.0907638595 1929809.5754498236 9
931285.956386522 1929809.3879388862 9
931285.8131540408 1929809.2005007416 9
931285.6787766912 1929809.0129898097 9
931285.5355441998 1929808.8255516698 9
931285.3924028972 1929808.6492078116 9
931285.249170391 1929808.4617696754 9
931285.1059378784 1929808.2743315427 9
931284.9626141681 1929808.0757991315 9
931284.8194728387 1929807.8994552845 9
931284.6761491108 1929807.7009228775 9
931284.5329165749 1929807.5134847532 9
931284.3896840326 1929807.326046632 9
931284.2375963462 1929807.1386813042 9
931284.0944549858 1929806.96233747 9
931283.9423672863 1929806.7749721457 9
931283.7902795777 1929806.587606825 9
931283.6381918648 1929806.4002415086 9
931283.4949592815 1929806.2128034036 9
931283.3518178922 1929806.0364595791 9
931283.1996389591 1929805.8379999897 9
931283.0476424178 1929805.6617289633 9
931282.9044098112 1929805.474290868 9
931282.7522308576 1929805.2758312852 9
931282.600143098 1929805.0884659872 9
931282.4480553294 1929804.9011006919 9
931282.295876357 1929804.7026411176 9
931282.1347510373 1929804.4931600597 9
931281.9915183885 1929804.3057219787 9
931281.8392481947 1929804.0961681327 9
931281.6960155326 1929803.9087300575 9
931281.5438365247 1929803.7102704972 9
931281.3916575096 1929803.511810939 9
931281.2482424264 1929803.3021843103 9
931281.0960633971 1929803.1037247586 9
931280.9527395008 1929802.9051924155 9
931280.8095068011 1929802.7177543542 9
931280.6572365495 1929802.508200529 9
931280.5049662883 1929802.2986467078 9
931280.3616423666 1929802.100114374 9
931280.2183184361 1929801.901582042 9
931280.0661393574 1929801.7031225094 9
931279.9139602716 1929801.5046629796 9
931279.7706363205 1929801.3061306549 9
931279.6184572206 1929801.10767113 9
931279.4663693142 1929800.9203058865 9
931279.3230453449 1929800.7217735716 9
931279.188667717 1929800.534262741 9
931279.0455261394 1929800.3579189917 9
931278.9113309069 1929800.1925967273 9
931278.7770444653 1929800.0161801844 9
931278.5176003235 1929799.6965571519 9
931278.2760488611 1929799.3989770927 9
931278.0434437349 1929799.1124185245 9
931277.8197849446 1929798.8368814453 9
931277.6141100498 1929798.5944816186 9
931277.4174727013 1929798.374197559 9
