931354.4448549544 1929900.8363212484 1
931354.3106627915 1929900.6709977924 1
931354.1585783341 1929900.4836312127 1
931354.042096236 1929900.3181623244 1
931353.9255230264 1929900.1415991564 1
931353.7998214496 1929899.9318258655 1
931353.6918299461 1929899.7219071384 1
931353.529888236 1929899.4125761916 1
931353.4396979054 1929899.2136063117 1
931353.3495986785 1929899.0257307137 1
931353.2682633818 1929898.8266881173 1
931353.1781641471 1929898.6388125224 1
931353.0792098684 1929898.4510096465 1
931352.9441976665 1929898.1858376795 1
931352.8540984157 1929897.9979620872 1
931352.7552352333 1929897.821253499 1
931352.656280936 1929897.6334506276 1
931352.5483804845 1929897.4346261965 1
931352.4404800278 1929897.2358017678 1
931352.3237245247 1929897.037050059 1
931352.1981139743 1929896.8383710722 1
931352.0724123064 1929896.6285978062 1
931351.9468017442 1929896.4299188228 1
931351.8122450239 1929896.2202182803 1
931351.6688332522 1929896.010590461 1
931351.5253303655 1929895.7898683634 1
931351.3730635386 1929895.58031327 1
931351.2386890093 1929895.3928013 1
931351.1133517413 1929895.2274051728 1
931350.9431925827 1929894.9958069655 1
931350.7999629931 1929894.8083677248 1
931350.6656795526 1929894.631950046 1
931350.5491973063 1929894.4664812053 1
931350.4056943621 1929894.2457591274 1
931350.2533363679 1929894.0251097716 1
931350.0921233209 1929893.8045331421 1
931349.9753677135 1929893.6057814658 1
931349.8318647421 1929893.3850593958 1
931349.679415605 1929893.15331577 1
931349.5267842321 1929892.8993835845 1
931349.3652066932 1929892.6344298422 1
931349.2125753039 1929892.3804976617 1
931349.06879895 1929892.1264927601 1
931348.9251137009 1929891.8835821438 1
931348.7815195596 1929891.6517658108 1
931348.6468715718 1929891.4309710378 1
931348.5212608527 1929891.232292105 1
931348.3957412419 1929891.0447074561 1
931348.2702216255 1929890.8571228087 1
931348.1447931158 1929890.680632447 1
931348.0194557176 1929890.5152363642 1
931347.9028822486 1929890.338673281 1
931347.7150128065 1929890.1072205866 1
931347.5985304406 1929889.9417517884 1
931347.4284621975 1929889.7212479333 1
931347.2583939434 1929889.5007440825 1
931347.1330565105 1929889.335348015 1
931346.9628971249 1929889.1037498885 1
931346.7926466161 1929888.8610574855 1
931346.6223960952 1929888.618365084 1
931346.4522366812 1929888.386766967 1
931346.2907500777 1929888.1329075655 1
931346.1742676569 1929887.9674387856 1
931346.0488390607 1929887.7909484536 1
931345.9321743982 1929887.6032911146 1
931345.8067457916 1929887.4268007847 1
931345.681317182 1929887.2503104575 1
931345.5559796852 1929887.0849144133 1
931345.421696013 1929886.9084968166 1
931345.2875034533 1929886.7431735035 1
931345.1531286496 1929886.55566163 1
931345.0100810261 1929886.3904110494 1
931344.8846523847 1929886.213920732 1
931344.7503686824 1929886.037503146 1
931344.6249400303 1929885.8610128353 1
931344.5083664266 1929885.684449796 1
931344.373991591 1929885.496937936 1
931344.239707869 1929885.320520359 1
931344.0965690849 1929885.1441755102 1
931343.9533391773 1929884.956736384 1
931343.8012542085 1929884.7693699892 1
931343.6492603512 1929884.5930978784 1
931343.4972664873 1929884.4168257697 1
931343.3365086848 1929884.2517206753 1
931343.1934609867 1929884.0864701238 1
931343.0503221599 1929883.9101252938 1
931342.9071833292 1929883.7337804667 1
931342.7640444926 1929883.5574356425 1
931342.6120505916 1929883.3811635494 1
931342.4777667992 1929883.2047459988 1
931342.343391877 1929883.0172341706 1
931342.2002530164 1929882.8408893547 1
931342.0657869623 1929882.642283248 1
931341.9314120243 1929882.454771426 1
931341.7880909004 1929882.2562380552 1
931341.6624798826 1929882.0575592243 1
931341.5281049265 1929881.8700474072 1
931341.3937299643 1929881.6825355953 1
931341.2593549963 1929881.495023781 1
931341.1160338381 1929881.2964904222 1
931340.981567734 1929881.097884334 1
931340.8383376866 1929880.9104452601 1
931340.6950165109 1929880.7119119065 1
931340.5517864528 1929880.5244728383 1
931340.4086475105 1929880.3481280531 1
931340.2564712557 1929880.1496674404 1
931340.1043861185 1929879.9623011115 1
931339.9434459123 1929879.775007518 1
931339.7733772653 1929879.5545038173 1
931339.5945446722 1929879.3451671335 1
931339.4067658838 1929879.1248089059 1
931339.2102231507 1929878.9156176974 1
931339.0312994039 1929878.695186745 1
931338.8435205885 1929878.4748285294 1
931338.6645968227 1929878.2543975832 1
931338.4945281094 1929878.0338939081 1
931338.3245505168 1929877.8244845178 1
931338.1634279756 1929877.615002395 1
931338.0023054288 1929877.4055202769 1
931337.8500379345 1929877.1959654256 1
931337.6977704349 1929876.9864105769 1
931337.5455029277 1929876.7768557305 1
931337.3933265391 1929876.5783951704 1
931337.2322950797 1929876.380007347 1
931337.0801186789 1929876.1815467898 1
931336.9191783335 1929875.994253256 1
931336.7670019183 1929875.795792705 1
931336.6060615608 1929875.6084991752 1
931336.4539762586 1929875.4211329098 1
931336.3018909497 1929875.23376665 1
931336.1587518313 1929875.0574219364 1
931336.0155215767 1929874.8699829448 1
931335.8722913136 1929874.6825439546 1
931335.7200237197 1929874.4729891422 1
931335.5677561184 1929874.2634343326 1
931335.4066334411 1929874.0539522634 1
931335.2455107581 1929873.8444701964 1
931335.0842058024 1929873.6127995688 1
931334.9229919715 1929873.3922232282 1
931334.7615958666 1929873.1494583264 1
931334.5913446874 1929872.9067661671 1
931334.4123295607 1929872.6752410296 1
931334.2332232918 1929872.4326216164 1
931334.0542081476 1929872.2010964868 1
931333.8573917194 1929871.9586225594 1
931333.6694303531 1929871.7160758968 1
931333.4637588359 1929871.4736747162 1
931333.2670335097 1929871.2422950831 1
931333.0703081727 1929871.0109154526 1
931332.8823467605 1929870.7683688076 1
931332.6942942053 1929870.5147278854 1
931332.5062416366 1929870.2610869668 1
931332.3182801914 1929870.0185403323 1
931332.1389915361 1929869.7537324002 1
931331.9597940072 1929869.5000187547 1
931331.7806876007 1929869.2573993918 1
931331.6192001937 1929869.0035402703 1
931331.4578039106 1929868.7607754306 1
931331.3053538265 1929868.529032135 1
931331.1528126 1929868.2861945613 1
931331.0002713648 1929868.043356989 1
931330.8477301187 1929867.8005194212 1
931330.695280003 1929867.5687761374 1
931330.5339748035 1929867.337105597 1
931330.3727607346 1929867.1165293413 1
931330.2115466553 1929866.89595309 1
931330.0502414319 1929866.6642825587 1
931329.8800811232 1929866.4326847743 1
931329.7101030839 1929866.2232755567 1
931329.5400338954 1929866.0027720607 1
931329.3700558367 1929865.7933628487 1
931329.2000777719 1929865.583953639 1
931329.0300996964 1929865.3745444356 1
931328.8601216123 1929865.1651352337 1
931328.6812884463 1929864.95579878 1
931328.511401485 1929864.7574838665 1
931328.350369592 1929864.5590962132 1
931328.1892465535 1929864.3496142793 1
931328.0281235047 1929864.1401323504 1
931327.8669093098 1929863.919556143 1
931327.7057862448 1929863.7100742199 1
931327.5446631741 1929863.5005922979 1
931327.392304032 1929863.2799433542 1
931327.2310898018 1929863.059367159 1
931327.0787306435 1929862.8387182187 1
931326.9175163967 1929862.618142029 1
931326.7563021439 1929862.3975658435 1
931326.5951790225 1929862.1880839416 1
931326.4340558954 1929861.9786020415 1
931326.2816966948 1929861.7579531178 1
931326.1116273294 1929861.5374496896 1
931325.9505041756 1929861.3279677997 1
931325.780434793 1929861.107464378 1
931325.6193116228 1929860.8979824944 1
931325.4582795907 1929860.6995948942 1
931325.2971564048 1929860.4901130162 1
931325.136033211 1929860.2806311427 1
931324.9660549304 1929860.071222018 1
931324.796076639 1929859.861812899 1
931324.6260983414 1929859.652403782 1
931324.46506626 1929859.4540162014 1
931324.303943028 1929859.244534342 1
931324.1428197857 1929859.035052486 1
931323.9816965378 1929858.8255706327 1
931323.8204821339 1929858.604994502 1
931323.6592677238 1929858.3844183744 1
931323.5069995323 1929858.1748637808 1
931323.3634952726 1929857.9541421584 1
931323.2112270661 1929857.7445875695 1
931323.0589588544 1929857.5350329853 1
931322.906508339 1929857.303289841 1
931322.7452938803 1929857.0827137297 1
931322.5841705585 1929856.8732319036 1
931322.4230472308 1929856.6637500802 1
931322.2530688079 1929856.4543410107 1
931322.0830903789 1929856.244931946 1
931321.9042568537 1929856.0355956333 1
931321.7254233197 1929855.8262593283 1
931321.5377346931 1929855.6169957758 1
931321.3589011412 1929855.407659477 1
931321.1801587295 1929855.2094174628 1
931320.9924700735 1929855.000153923 1
931320.7959263213 1929854.7909631392 1
931320.6083287986 1929854.5927938907 1
931320.4118761775 1929854.3946973982 1
931320.2330425716 1929854.1853611222 1
931320.0543001074 1929853.9871191306 1
931319.8754664862 1929853.7777828623 1
931319.6965417027 1929853.557352317 1
931319.5177992126 1929853.3591103388 1
931319.3565845903 1929853.138534292 1
931319.1955522607 1929852.9401468108 1
931319.034337622 1929852.7195707706 1
931318.8732141248 1929852.5100890151 1
931318.7208545589 1929852.2894402265 1
931318.5685861354 1929852.0798857214 1
931318.4162265538 1929851.8592369384 1
931318.2728132075 1929851.6496096824 1
931318.1205447613 1929851.440055187 1
931317.9770402472 1929851.2193336545 1
931317.8246806326 1929850.9986848836 1
931317.6723210122 1929850.778036113 1
931317.5111974466 1929850.5685543837 1
931317.3499827167 1929850.3479783752 1
931317.1887679807 1929850.1274023708 1
931317.0099342044 1929849.9180661628 1
931316.8399555116 1929849.7086572018 1
931316.6610305628 1929849.4882267208 1
931316.4821967623 1929849.2788905236 1
931316.2945078578 1929849.0696270878 1
931316.1246202857 1929848.8713124236 1
931315.9457864566 1929848.6619762382 1
931315.7758988703 1929848.4636615796 1
931315.6148663678 1929848.265274166 1
931315.4626889537 1929848.0668139965 1
931315.3195489402 1929847.890469636 1
931315.1942102641 1929847.72507404 1
931315.0241403271 1929847.504570835 1
931314.8808179804 1929847.3060379182 1
931314.7285493722 1929847.0964834825 1
931314.5762807586 1929846.8869290475 1
931314.4597971507 1929846.7214607047 1
931314.3433135382 1929846.5559923616 1
931314.190953745 1929846.3353436545 1
931314.0653415511 1929846.136665232 1
931313.9309654112 1929845.949153854 1
931313.8053532076 1929845.7504754353 1
931313.6797409937 1929845.5517970198 1
931313.5452736793 1929845.3531913662 1
931313.4197526148 1929845.1656072342 1
931313.27624787 1929844.9448857831 1
931313.132925439 1929844.746352896 1
931313.0163506139 1929844.5697902916 1
931312.8730281704 1929844.3712574088 11
931312.7565444949 1929844.205789087 11
931312.6133131972 1929844.0183504906 11
931312.469990735 1929843.8198176157 11
931312.3088669059 1929843.6103359843 11
931312.1566893307 1929843.4118758745 11
931312.0046029093 1929843.2245100487 11
931311.8791729383 1929843.0480202208 11
931311.6913926196 1929842.8276626067 11
931311.5124673933 1929842.6072322342 11
931311.3783646264 1929842.453003739 11
931311.2353155948 1929842.2877537252 11
931311.0654277699 1929842.0894391607 11
931310.8865936717 1929841.8801030824 11
931310.7077595646 1929841.6707670067 11
931310.5110329208 1929841.4393879005 11
931310.332107632 1929841.2189575527 11
931310.1621286009 1929841.0095487267 11
931310.0099509263 1929840.811088656 11
931309.8577732467 1929840.612628588 11
931309.705504396 1929840.4030742415 11
931309.5532355355 1929840.1935198987 11
931309.4099129367 1929839.9949870752 11
931309.2665903312 1929839.7964542534 11
931309.1231765521 1929839.586827153 11
931308.9708164998 1929839.3661785393 11
931308.827311541 1929839.1454571632 11
931308.6749514731 1929838.9248085553 11
931308.5315376669 1929838.7151814648 11
931308.4060163932 1929838.527597408 11
931308.2804951117 1929838.3400133518 11
931308.1551561588 1929838.1746178612 11
931308.029726035 1929837.9981280908 11
931307.8777305889 1929837.82185662 11
931307.7077514287 1929837.6124478416 11
931307.5199708805 1929837.3920903187 11
931307.3232440497 1929837.160711286 11
931307.0998607231 1929836.9184562776 11
931306.8942787637 1929836.6871500234 11
931306.7064981735 1929836.466792519 11
931306.536518957 1929836.2573837638 11
931306.3666308981 1929836.0590692942 11
931306.2144530476 1929835.8606092914 11
931306.0533289118 1929835.6511277796 11
931305.9100973228 1929835.4636892942 11
931305.7757208352 1929835.276178043 11
931305.6502906164 1929835.0996883092 11
931305.5338066743 1929834.9342200868 11
931305.3726825039 1929834.724738587 11
931305.2291773728 1929834.5040172718 11
931305.112693412 1929834.338549057 11
931304.9782257188 1929834.1399435392 11
931304.8258654608 1929833.919295 11
931304.6645589126 1929833.6876249523 11
931304.5034346994 1929833.4781434694 11
931304.3601118663 1929833.2796107298 11
931304.2169713707 1929833.1032665563 11
931304.0916322608 1929832.937871123 11
931303.921561735 1929832.717368141 11
931303.7872763313 1929832.5409512024 11
931303.6531732657 1929832.3867228283 11
931303.4831938894 1929832.177314134 9
931303.3133056767 1929831.9789997248 9
931303.143326286 1929831.7695910397 9
931303.0000945646 1929831.5821526027 9
931302.8479165545 1929831.3836926615 9
931302.677754792 1929831.1520954245 9
931302.552415623 1929830.9867000137 9
931302.41803899 1929830.7991888179 9
931302.247877204 1929830.567591587 9
931302.0685867765 1929830.302784291 9
931301.8624574735 1929830.0049124728 9
931301.6563281561 1929829.7070406603 9
931301.4680914013 1929829.4312118664 9
931301.2888921003 1929829.177498869 9
931301.1274941902 1929828.934734607 9
931300.9661874484 1929828.7030646303 9
931300.804971871 1929828.4824889356 9
931300.6437562851 1929828.2619132458 9
931300.4914869843 1929828.052359064 9
931300.3303625581 1929827.8428776606 9
931300.1603830103 1929827.6334690345 9
931299.9992585679 1929827.4239876366 9
931299.8291878246 1929827.2034847362 9
931299.6503531351 1929826.9941488935 9
931299.4715184344 1929826.7848130558 9
931299.3016300214 1929826.5864987273 9
931299.1227953035 1929826.377162896 9
931298.9528156962 1929826.1677542925 9
931298.7916911959 1929825.9582729186 9
931298.6305666878 1929825.7487915456 9
931298.4783884702 1929825.5503316822 9
931298.3350653639 1929825.3517990452 9
931298.2006885459 1929825.164287915 9
931298.0574566055 1929824.9768495637 9
931297.9141334773 1929824.7783169344 9
931297.7709015241 1929824.5908785863 9
931297.5471528718 1929824.304246709 9
931297.4040120823 1929824.1279026486 9
931297.2607801066 1929823.9404643092 9
931297.1175481224 1929823.7530259748 9
931296.9653698336 1929823.554566137 9
931296.8043364149 1929823.3561790814 9
931296.6521581092 1929823.1577192498 9
931296.491215859 1929822.9704264798 9
931296.330182418 1929822.7720394335 9
931296.169240153 1929822.5847466697 9
931296.016970637 1929822.375192569 9
931295.8559371758 1929822.1768055311 9
931295.6948125229 1929821.967324214 9
931295.5513981084 1929821.7576973445 9
931295.3991285644 1929821.5481432544 9
931295.2557141333 1929821.338516389 9
931295.1211548201 1929821.1288167464 9
931294.9865955003 1929820.9191171054 9
931294.8431810505 1929820.7094902457 9
931294.708621715 1929820.4997906103 9
931294.5652984348 1929820.3012580376 9
931294.4219751457 1929820.1027254665 9
931294.2875069762 1929819.904120118 9
931294.1352373677 1929819.6945660526 9
931293.9830589358 1929819.496106268 9
931293.8396444351 1929819.2864794258 9
931293.6785196771 1929819.076998149 9
931293.5174860983 1929818.878611155 9
931293.3564525098 1929818.6802241646 9
931293.1954189158 1929818.4818371763 9
931293.0255301862 1929818.2835229724 9
931292.8733517029 1929818.0850632095 9
931292.7211732126 1929817.886603449 9
931292.5690858989 1929817.699237971 9
931292.4257625211 1929817.5007054345 9
931292.2913854499 1929817.3131943978 9
931292.1481532435 1929817.1257561455 9
931292.0137761601 1929816.9382451137 9
931291.8793990687 1929816.7507340836 9
931291.7449307863 1929816.5521287746 9
931291.610553685 1929816.3646177494 9
931291.4939780214 1929816.1880554394 9
931291.377402353 1929816.0114931324 9
931291.2518803634 1929815.8239093283 9
931291.135213497 1929815.6362527441 9
931291.0185466233 1929815.4485961609 9
931290.9018797466 1929815.2609395795 9
931290.7763577355 1929815.0733557832 9
931290.6685459778 1929814.8856264204 9
931290.560825404 1929814.7089913404 9
931290.4440673183 1929814.510240484 9
931290.3273092272 1929814.3114896305 9
931290.19284087 1929814.1128843464 9
931290.0672276348 1929813.9142062808 9
931289.9239041347 1929813.7156737854 9
931289.7806718173 1929813.5282355729 9
931289.6374394912 1929813.3407973622 9
931289.4942071612 1929813.1533591566 9
931289.3421196933 1929812.9659937362 9
931289.1811770846 1929812.7787011056 9
931289.029089603 1929812.5913356922 9
931288.868238171 1929812.4151373466 9
931288.7162418668 1929812.2388662193 9
931288.5731006865 1929812.0625223073 9
931288.4211043699 1929811.886251185 9
931288.2691080446 1929811.7099800664 9
931288.1171117151 1929811.5337089484 9
931287.9738793208 1929811.3462707668 9
931287.8218829763 1929811.169999656 9
931287.6787417615 1929810.9936557587 9
931287.5356005407 1929810.8173118655 9
931287.401314448 1929810.6408951874 9
931287.2671195401 1929810.475572792 9
931287.123978302 1929810.2992289055 9
931286.9717995368 1929810.100769248 9
931286.8019104926 1929809.902455168 9
931286.6230751117 1929809.6931196002 9
931286.4442397219 1929809.4837840374 9
931286.2566403818 1929809.2856155457 9
931286.0867513065 1929809.0873014813 9
931285.9258085538 1929808.9000089117 9
931285.7739033173 1929808.7348321176 9
931285.6220892698 1929808.5807496049 9
931285.4522001655 1929808.382435553 9
931285.2733647188 1929808.1731000142 9
931285.1392609279 1929808.0188719328 9
931284.9784093272 1929807.8426736624 9
931284.8086113889 1929807.6554539031 9
931284.6296847145 1929807.435024097 9
931284.450758033 1929807.2145942955 9
931284.2807776745 1929807.0051859864 9
931284.1198348397 1929806.8178934508 9
931283.9766022766 1929806.630455338 9
931283.824423369 1929806.431995736 9
931283.6454966452 1929806.2115659504 9
931283.4755162466 1929806.0021576579 9
931283.3233373183 1929805.8036980657 9
931283.1801959162 1929805.6273542463 9
931283.0101242983 1929805.4068516814 9
931282.8668916866 1929805.2194135862 9
931282.7235678677 1929805.0208812125 9