931251.0902106378 1929757.5612510734 1
931251.2244070887 1929757.726572896 1
931251.3676412049 1929757.914010457 1
931251.5019288836 1929758.0904265665 1
931251.6541094161 1929758.288885588 1
931251.8062899392 1929758.4873446114 1
931251.9316311718 1929758.6527392722 1
931252.0659188292 1929758.8291553888 1
931252.2091529036 1929759.0165929627 1
931252.3523869761 1929759.204030541 1
931252.5045674664 1929759.402489578 1
931252.6568391891 1929759.6120428962 1
931252.809110902 1929759.8215962187 1
931252.9790929859 1929760.0310038968 1
931253.1314559198 1929760.2516515043 1
931253.3015292236 1929760.4721534695 1
931253.4716025161 1929760.692655438 1
931253.6416758022 1929760.9131574102 1
931253.8119315507 1929761.1558479443 1
931253.9910424764 1929761.3984656616 1
931254.1790085759 1929761.641010559 1
931254.3043497154 1929761.8064052544 1
931254.4385460383 1929761.9717271286 1
931254.5639784026 1929762.1482161067 1
931254.6981747128 1929762.3135379853 1
931254.8324622544 1929762.4899541456 1
931254.9756049735 1929762.6662974886 1
931255.1099837357 1929762.853807934 1
931255.2531264428 1929763.0301512803 1
931255.4052155648 1929763.2175160884 1
931255.5572134441 1929763.39378662 1
931255.7005385995 1929763.5923185349 1
931255.8614828855 1929763.779610531 1
931256.0135719804 1929763.9669753502 1
931256.1746074829 1929764.1653616333 1
931256.3267877963 1929764.3638207375 1
931256.4966784671 1929764.5621342072 1
931256.648858766 1929764.7605933177 1
931256.8187494213 1929764.958906793 1
931256.9798761198 1929765.1683873702 1
931257.149766759 1929765.3667008518 1
931257.3197486238 1929765.5761086177 1
931257.48973048 1929765.7855163866 1
931257.6598035565 1929766.0060184386 1
931257.8297853958 1929766.2154262145 1
931257.9998584569 1929766.4359282744 1
931258.169931507 1929766.656430336 1
931258.3311493674 1929766.87700522 1
931258.5012224022 1929767.0975072875 1
931258.6712954281 1929767.3180093602 1
931258.8414596722 1929767.5496057165 1
931259.0116239093 1929767.7812020755 1
931259.1817881371 1929768.012798438 1
931259.3608075327 1929768.2443219887 1
931259.5398269206 1929768.4758455413 1
931259.70999112 1929768.707441916 1
931259.8890104864 1929768.9389654752 1
931260.0592658946 1929769.181656136 1
931260.2471404218 1929769.4131068888 1
931260.4261597586 1929769.6446304605 1
931260.6052703147 1929769.8872483158 1
931260.7843808607 1929770.1298661747 1
931260.9723465713 1929770.3724112238 1
931261.1514570965 1929770.6150290917 1
931261.3304763853 1929770.8465526835 1
931261.5272972406 1929771.0890249298 1
931261.706407737 1929771.331642809 1
931261.8943733943 1929771.5741878785 1
931262.082247818 1929771.805638671 1
931262.2790686316 1929772.0481109356 1
931262.4759806585 1929772.3016774838 1
931262.6639462722 1929772.5442225689 1
931262.8520031016 1929772.7978619416 1
931263.04882387 1929773.0403342226 1
931263.2456446271 1929773.2828065085 1
931263.4336101969 1929773.5253516121 1
931263.6126293639 1929773.7568752512 1
931263.7826108974 1929773.9662831458 1
931263.9437372496 1929774.1757638562 1
931264.0959172007 1929774.3742231005 1
931264.2390595251 1929774.5505665985 1
931264.373255449 1929774.7158886306 1
931264.5522745628 1929774.9474122897 1
931264.7222560514 1929775.1568202013 1
931264.8565431776 1929775.3332365234 1
931265.0086318651 1929775.5206015036 1
931265.1429189797 1929775.6970178275 1
931265.2771148677 1929775.8623398738 1
931265.4114019735 1929776.0387562022 1
931265.5544530194 1929776.2040054428 1
931265.697686505 1929776.3914432456 1
931265.8497751525 1929776.5788082406 1
931266.0018637956 1929776.7661732382 1
931266.1272044798 1929776.9315681078 1
931266.2704379404 1929777.1190059204 1
931266.4136713925 1929777.306443735 1
931266.5747976158 1929777.515924495 1
931266.7361062715 1929777.7475938182 1
931266.9063613041 1929777.9902846166 1
931267.0317931712 1929778.1667737802 1
931267.1572250352 1929778.343262944 1
931267.2827481104 1929778.5308463895 1
931267.417126348 1929778.7183570305 1
931267.5515045796 1929778.9058676714 1
931267.6949204111 1929779.1154940692 1
931267.8381537979 1929779.302931908 1
931267.9815696157 1929779.5125583096 1
931268.1338405911 1929779.7221119062 1
931268.2861115612 1929779.9316655055 1
931268.4473289052 1929780.152240582 1
931268.6085462429 1929780.372815661 1
931268.76976357 1929780.593390741 1
931268.9399272711 1929780.8249873004 1
931269.1100909649 1929781.0565838604 1
931269.2803458653 1929781.2992747077 1
931269.4506007538 1929781.541965556 1
931269.6208556347 1929781.7846564082 1
931269.8088208351 1929782.027201652 1
931269.9968772397 1929782.2808411806 1
931270.1851160601 1929782.556669274 1
931270.3731724416 1929782.8103088106 1
931270.579030353 1929783.0748970227 1
931270.7761243023 1929783.350652324 1
931270.9820734016 1929783.6263348267 1
931271.1968776501 1929783.9019445295 1
931271.4117730977 1929784.1886485172 1
931271.626577318 1929784.4642582315 1
931271.8235799882 1929784.7289192763 1
931272.0205826461 1929784.9935803274 1
931272.2174028654 1929785.236052822 1
931272.3965127537 1929785.4786709258 1
931272.5756226318 1929785.7212890347 1
931272.7634964486 1929785.9527400637 1
931272.9336599326 1929786.184336703 1
931273.0948770386 1929786.4049118669 1
931273.2649492938 1929786.6254142306 1
931273.4260751723 1929786.8348951207 1
931273.5872010406 1929787.0443760136 1
931273.7483269032 1929787.2538569109 1
931273.900597599 1929787.4634106108 1
931274.0617234436 1929787.6728915137 1
931274.2227580729 1929787.8712781381 1
931274.3750287436 1929788.0808318465 1
931274.5272994067 1929788.2903855585 1
931274.6795700646 1929788.4999392712 1
931274.8406958701 1929788.7094201883 1
931274.9929665128 1929788.918973908 1
931275.1452371456 1929789.1285276315 1
931275.3063629277 1929789.3380085563 1
931275.4587247553 1929789.5586565651 1
931275.6109953651 1929789.7682102963 1
931275.7632659696 1929789.9777640295 1
931275.9155365665 1929790.1873177665 1
931276.0678983609 1929790.407965786 1
931276.2201689403 1929790.6175195277 1
931276.3812946697 1929790.8270004739 1
931276.5335652338 1929791.0365542213 1
931276.6946909474 1929791.246035173 1
931276.8469614963 1929791.455588926 1
931276.9991408318 1929791.654048402 1
931277.1602665221 1929791.8635293623 1
931277.3213922022 1929792.0730103268 1
931277.4824266712 1929792.2713970128 1
931277.6346059793 1929792.4698565006 1
931277.7868764829 1929792.6794102709 1
931277.9480021341 1929792.888891246 1
931278.1002726224 1929793.0984450232 1
931278.2613982557 1929793.3079260031 1
931278.4224326792 1929793.5063127088 1
931278.5747031469 1929793.7158664924 1
931278.7269736048 1929793.9254202782 1
931278.8791528516 1929794.123879789 1
931279.0402784484 1929794.3333607845 1
931279.1924576828 1929794.5318202993 1
931279.3447281108 1929794.7413740978 1
931279.5057624793 1929794.9397608228 1
931279.6580328944 1929795.1493146261 1
931279.81915845 1929795.358795638 1
931279.9714288497 1929795.568349447 1
931280.1236992399 1929795.7779032595 1
931280.2937711256 1929795.9984057657 1
931280.4639342016 1929796.2300025537 1
931280.6518987701 1929796.472548039 1
931280.8577560276 1929796.7371365004 1
931281.0637956734 1929797.0239135267 1
931281.2785992533 1929797.2995234844 1
931281.5023491671 1929797.5861549343 1
931281.7261902656 1929797.8838806704 1
931281.9588864979 1929798.1815336214 1
931282.2004378586 1929798.479113784 1
931282.4332252544 1929798.7878610254 1
931282.666103832 1929799.1077025554 1
931282.9076551412 1929799.4052827384 1
931283.1226409965 1929799.7030813042 1
931283.3463907843 1929799.989712803 1
931283.5523390692 1929800.2653956094 1
931283.758287343 1929800.5410784215 1
931283.9552892573 1929800.805739749 1
931284.1345808733 1929801.070546662 1
931284.3226364255 1929801.3241865076 1
931284.5106919664 1929801.577826358 1
931284.6898011544 1929801.820444723 1
931284.8600551912 1929802.0631358796 1
931285.0302180204 1929802.2947327618 1
931285.2003808427 1929802.526329645 1
931285.3704524604 1929802.746832253 1
931285.5316689248 1929802.9674076524 1
931285.6928853831 1929803.1879830554 1
931285.8541018307 1929803.408558462 1
931286.0152270779 1929803.6180395915 1
931286.1763523149 1929803.8275207223 1
931286.3286224051 1929804.0370746462 1
931286.4808924855 1929804.2466285734 1
931286.642017699 1929804.4561097128 1
931286.794196573 1929804.6545693644 1
931286.9464666308 1929804.8641232988 1
931287.107683016 1929805.0846987288 1
931287.27766334 1929805.2941070937 1
931287.4477348457 1929805.5146097427 1
931287.6089512055 1929805.735185182 1
931287.7791138857 1929805.9667821187 1
931287.9492765589 1929806.1983790577 1
931288.1282943613 1929806.4299032143 1
931288.2984570133 1929806.661500162 1
931288.4775659875 1929806.904118605 1
931288.6565837582 1929807.1356427716 1
931288.8445478495 1929807.3781884387 1
931289.0236567928 1929807.6208068952 1
931289.2204759998 1929807.8632797839 1
931289.4085312487 1929808.1169197422 1
931289.5876401601 1929808.35953821 1
931289.7845505209 1929808.6131053912 1
931289.9725145471 1929808.8556510832 1
931290.1605697513 1929809.109291057 1
931290.3574800798 1929809.362858254 1
931290.5542992079 1929809.6053311736 1
931290.7512095106 1929809.8588983782 1
931290.9481198038 1929810.112465587 1
931291.1451212729 1929810.3771270828 1
931291.3420315422 1929810.6306942985 1
931291.5389417997 1929810.8842615222 1
931291.7358520454 1929811.1378287508 1
931291.9239071461 1929811.3914687638 1
931292.129672499 1929811.6449632193 1
931292.3265827093 1929811.8985304593 1
931292.5235840937 1929812.1631919849 1
931292.7204942801 1929812.416759237 1
931292.9174044547 1929812.6703264923 1
931293.1232609341 1929812.93491525 1
931293.3201710845 1929813.1884825153 1
931293.5260275365 1929813.4530712827 1
931293.7229376651 1929813.706638555 1
931293.9199389614 1929813.9713001146 1
931294.1257953778 1929814.2358888977 1
931294.3227054679 1929814.4894561858 1
931294.5197067295 1929814.754117758 1
931294.7255631081 1929815.018706555 1
931294.9225643447 1929815.2833681367 1
931295.1196567517 1929815.559124005 1
931295.3166579612 1929815.8237855951 1
931295.5137503429 1929816.0995414713 1
931295.7196978395 1929816.375224574 1
931295.9256453225 1929816.6509076806 1
931296.1315927923 1929816.9265907917 1
931296.3375402486 1929817.20227391 1
931296.5434876916 1929817.4779570315 1
931296.749435121 1929817.7536401588 1
931296.9553825371 1929818.0293232896 1
931297.1701850655 1929818.3049336518 1
931297.3761324545 1929818.5806167934 1
931297.5910261346 1929818.8673214444 1
931297.7969734961 1929819.1430045967 1
931298.0117759688 1929819.418614978 1
931298.2265784276 1929819.6942253641 1
931298.4414720505 1929819.980930038 1
931298.6563656591 1929820.2676347154 1
931298.8712592529 1929820.5543393984 1
931299.0860616547 1929820.8299498074 1
931299.3097191653 1929821.1054874465 1
931299.5246127158 1929821.3921921467 1
931299.7483613739 1929821.678824078 1
931299.9631637186 1929821.954434508 1
931300.1691109277 1929822.2301177182 1
931300.3748757718 1929822.483612372 1
931300.5717854825 1929822.7371798046 1
931300.7597488853 1929822.9797257346 1
931300.9298196839 1929823.2002286534 1
931301.1087455961 1929823.4206588035 1
931301.2787252044 1929823.630067449 1
931301.4397585077 1929823.8284545895 1
931301.5829903898 1929824.015892999 1
931301.7261310938 1929824.1922371287 1
931301.8603254964 1929824.3575597536 1
931302.0743071415 1929824.5333217117 1
931302.2443778767 1929824.7538246575 1
931302.3963736708 1929824.930096026 1
931302.5217129299 1929825.0954914337 1
931302.67389106 1929825.29395137 1
931302.8081765992 1929825.4703682882 1
931302.9514084233 1929825.6578067213 1
931303.076747663 1929825.8232021353 1
931303.2200706472 1929826.0217348537 1
931303.3812862032 1929826.2423105924 1
931303.5067165977 1929826.4188002944 1
931303.6321469848 1929826.5952899968 1
931303.7666148263 1929826.7938954928 1
931303.9098466065 1929826.9813339412 1
931304.053260725 1929827.1909609523 1
931304.205621121 1929827.4116094774 1
931304.3667454564 1929827.6210909546 1
931304.5280521224 1929827.8527609967 1
931304.6982138973 1929828.0843582726 1
931304.8773219478 1929828.326977062 1
931305.056521158 1929828.5806901376 1
931305.2445754695 1929828.8343304473 1
931305.4327209415 1929829.0990650419 1
931305.6297215156 1929829.3637268718 1
931305.8268132438 1929829.6394829873 1
931306.0328512434 1929829.92626062 1
931306.247744342 1929830.2129654898 1
931306.4536911476 1929830.4886488537 1
931306.650782823 1929830.7644049877 1
931306.8388370406 1929831.0180453327 1
931307.0268912469 1929831.2716856822 1
931307.2059991633 1929831.5143045224 1
931307.3850159005 1929831.7458290835 1
931307.5462312413 1929831.966404903 1
931307.6985002941 1929832.175959209 1
931307.8506781755 1929832.3744192382 1
931307.993909771 1929832.5618577553 1
931308.1282862497 1929832.7493690397 1
931308.2624803913 1929832.9146917658 1
931308.4415882375 1929833.1573106316 1
931308.6027123587 1929833.3667921887 1
931308.7547990301 1929833.5541579535 1
931308.8890843116 1929833.7305749701 1
931309.0055682068 1929833.8960432366 1
931309.130907204 1929834.0614387414 1
931309.2563373608 1929834.2379285274 1
931309.3816763482 1929834.4033240357 1
931309.5159616052 1929834.579741061 1
931309.6503380183 1929834.7672523702 1
931309.8026069687 1929834.9768067147 1
931309.9457473157 1929835.153150985 1
931310.089069981 1929835.3516838169 1
931310.2590491246 1929835.5610926421 1
931310.4292105878 1929835.7926900329 1
931310.5633134732 1929835.9469185143 1
931310.6975986812 1929836.1233355594 1
931310.8408301502 1929836.3107741233 1
931310.9840616127 1929836.4982126907 1
931311.1361481772 1929836.6855784978 1
931311.2883258946 1929836.8840385878 1
931311.4405947663 1929837.0935929632 1
931311.6016275769 1929837.2919802973 1
931311.7628426999 1929837.5125561939 1
931311.9328217608 1929837.7219650536 1
931312.1028919739 1929837.942468197 1
931312.2728710155 1929838.151877062 1
931312.4070649925 1929838.3171998532 1
931312.5324038577 1929838.4825954067 1
931312.666597822 1929838.647918203 1
931312.7919366773 1929838.8133137608 1
931312.9262217933 1929838.9897308405 1
931313.087163371 1929839.177023922 1
931313.2572335249 1929839.3975270889 1
931313.4451050324 1929839.6289790184 1
931313.6330676905 1929839.8715252331 1
931313.76735277 1929840.0479423276 1
931313.9104929483 1929840.2242866626 1
931314.0536331182 1929840.4006310017 1
931314.1969556005 1929840.5991639036 1
931314.3490420177 1929840.7865297683 1
931314.5012195859 1929840.9849899162 11
931314.653397149 1929841.1834500663 11
931314.8145209611 1929841.3929317424 11
931314.9667896667 1929841.6024861787 11
931315.1280046221 1929841.8230621412 11
931315.2979835105 1929842.0324710684 11
931315.459198447 1929842.2530470372 11
931315.629268477 1929842.4735502508 11
931315.7904833963 1929842.6941262253 11
931315.9605534088 1929842.9146294452 11
931316.1395696673 1929843.1461541932 11
931316.3186770711 1929843.3887732252 11
931316.4976933073 1929843.620297979 11
931316.6767095361 1929843.851822739 11
931316.8559080643 1929844.1055360625 11
931317.0438705229 1929844.3480823515 11
931317.2318329731 1929844.5906286475 11
931317.4198865662 1929844.844269226 11
931317.6167952452 1929845.0978370537 11
931317.8048488135 1929845.3514776418 11
931318.0017574714 1929845.6050454793 11
931318.1987572657 1929845.8697076011 11
931318.4046121461 1929846.1342969732 11
931318.6016119178 1929846.3989591056 11
931318.7986116774 1929846.6636212408 11
931319.0044665196 1929846.928210627 11
931319.210321349 1929847.1928000185 11
931319.4162673168 1929847.4684836967 11
931319.6222132712 1929847.744167377 11
931319.8371054567 1929848.0308725925 11
931320.0519064774 1929848.3064835311 11
931320.2667986342 1929848.5931887566 11
931320.4904547196 1929848.8687269539 11
931320.7053468472 1929849.1554321893 11
931320.9291852021 1929849.45315896 11
931321.1618786333 1929849.7508129845 11
931321.3857169586 1929850.0485397666 11
931321.6272654488 1929850.346121052 11
931321.860049979 1929850.6548693755 11
931322.0928344922 1929850.9636177062 11
931322.3344740788 1929851.2722932922 11
931322.5761136501 1929851.5809688845 11
931322.8178443484 1929851.9007387653 11
931323.0594838818 1929852.2094143718 11
931323.1848223329 1929852.3748100833 11
931323.4354080767 1929852.6945072315 11
931323.6771387106 1929853.0142771364 11
931323.9277244146 1929853.3339742993 11
931324.1605087809 1929853.6427226865 11
931324.393201983 1929853.9403767975 11
931324.6080938496 1929854.227082135 11
931324.8141306146 1929854.5138602233 11
931325.0199850776 1929854.778449755 11
931325.2081293524 1929855.0431847891 11
931325.3872362446 1929855.2858040119 11
931325.5573968971 1929855.517401705 11
931325.7187024525 1929855.7490721492 11
931325.8710617728 1929855.9697210637 11
931326.0233299403 1929856.1792756985 11
931326.1577967876 1929856.3778815505 11
931326.2833174036 1929856.5654658691 11
931326.4087468695 1929856.741955911 11
931326.5253212459 1929856.9185186995 11
931326.6866267481 1929857.1501891622 11
931326.8300397925 1929857.3598165577 11
931326.9644154606 1929857.5473281424 11
931327.0808986729 1929857.7127966569 11
931327.1973818806 1929857.8782651748 11
931327.3497411243 1929858.0989141148 11
931327.4840256283 1929858.2753314245 11
931327.6184924082 1929858.4739373 11
931327.7707604874 1929858.6834919658 11
931327.9409210066 1929858.9150897085 11
931328.0663504034 1929859.0915797714 11
931328.2006348767 1929859.2679970947 11
931328.3350104865 1929859.4555087 11
931328.4783323093 1929859.6540418426 11
931328.6305092066 1929859.8525022448 11
931328.7827772382 1929860.0620569298 11
931328.9439914823 1929860.2826331542 11
931329.114151935 1929860.5142309188 11
931329.2753661617 1929860.7348071504 11
931329.4544728147 1929860.9774264602 11
931329.62472438 1929861.2201185154 11
931329.8126860944 1929861.4626650882 11
931330.0008300713 1929861.7274002288 11
931330.1888829013 1929861.9810410915 11
931330.3770268571 1929862.245776239 11
931330.5740258797 1929862.5104386483 11
931330.7799711047 1929862.7861226005 11
931330.9770612385 1929863.061879301 11
931331.1829153008 1929863.3264689834 11
931331.3887693504 1929863.5910586684 11
931331.5858594433 1929863.8668153824 11
931331.7916223339 1929864.1203107983 11
931331.9796750548 1929864.3739517005 11
931332.1587815556 1929864.6165710678 11
931332.3377057746 1929864.8370018743 11
931332.498919835 1929865.0575781674 11
931332.6599516163 1929865.2559659006 11
931332.8032732417 1929865.454499117 11
931332.9552676656 1929865.630771035 11
931333.0806057268 1929865.7961668917 11
931333.2596210303 1929866.0276920001 11
931333.4206527774 1929866.2260797478 11
931333.5637921002 1929866.4024244153 11
931333.6980763451 1929866.5788418243 11
931333.8323605823 1929866.7552592347 11
931333.9665536812 1929866.9205823657 11
931334.0918917013 1929867.0859782395 9
931334.2440683333 1929867.284438741 9
931334.3872987551 1929867.4718777034 9
931334.512636759 1929867.6372735822 9
931334.6647222417 1929867.8246398112 9
931334.8169899783 1929868.0341946045 9
931334.9869678543 1929868.2436039255 9
931335.1571279817 1929868.4752018119 9
931335.2736108836 1929868.6406704388 9
931335.3989488527 1929868.8060663324 9
931335.5243779498 1929868.9825565065 9
931335.6586621106 1929869.1589739458 9
931335.793037396 1929869.3464856688 9
931335.9274126778 1929869.5339973944 9
931336.0616968215 1929869.7104148408 9
931336.1871258891 1929869.8869050257 9
931336.312463822 1929870.0523009312 9
931336.4737688066 1929870.2839715807 9
931336.6348003972 1929870.482359389 9
931336.778030712 1929870.6697983905 9
931336.9124059489 1929870.8573101326 9
931337.046690051 1929871.033727594 9
931337.1720279501 1929871.1991235123 9
931337.2974569746 1929871.3756137132 9
931337.4227948637 1929871.5410096352 9
931337.5571700723 1929871.728521387 9
931337.6914541472 1929871.9049388582 9
931337.8346844146 1929872.092377879 9
931337.9779146733 1929872.2798169015 9
931338.121236053 1929872.478350208 9
931338.2821764362 1929872.6656437668 9
931338.4343528694 1929872.8641043438 9
931338.5953843626 1929873.0624921897 9
931338.7653620439 1929873.271901587 9
931338.9353397167 1929873.4813109857 9
931339.1053173789 1929873.6907203882 9
931339.2752950347 1929873.9001297955 9
931339.4363264908 1929874.0985176568 9
931339.6063952533 1929874.3190213512 9
931339.7853190749 1929874.5394523158 9
931339.9553878218 1929874.7599560171 9
931340.1343116226 1929874.9803869887 9
931340.3044714758 1929875.2119849785 9
931340.4833952602 1929875.4324159578 9
931340.635571592 1929875.6308765737 9
931340.7609093527 1929875.796272546 9
931340.9219407376 1929875.9946604357 9
931341.0651708618 1929876.182099511 9
931341.1993636696 1929876.3474227574 9
931341.3515399704 1929876.5458833869 9
931341.4857327667 1929876.7112066378 9
931341.6468552399 1929876.9206888222 9
931341.7812302695 1929877.1082006407 9
931341.9333154183 1929877.295566999 9
931342.0854916826 1929877.4940276418 9
931342.2553780662 1929877.6923428257 9
931342.3986081344 1929877.8797819235 9
931342.5328920105 1929878.056199472 9
931342.6849771257 1929878.2435658458 9
931342.8192609925 1929878.4199833984 9
931342.9623999125 1929878.596328224 9
931343.1235223131 1929878.8058104354 9
931343.2667523408 1929878.9932495488 9
931343.4189285432 1929879.1917102146 9
931343.5889059815 1929879.401119708 9
931343.7679207114 1929879.6326450375 9
931343.9020222918 1929879.7868740459 9
931344.027359927 1929879.952270064 9
931344.1704987958 1929880.1286149104 9
931344.3047826017 1929880.305032487 9
931344.4479214587 1929880.4813773383 9
931344.6000976065 1929880.6798380257 9
931344.7522737496 1929880.8782987169 9
931344.9133049416 1929881.0766866824 9
931345.0655721884 1929881.2862416585 9
931345.2266944834 1929881.4957239132 9
931345.3967629484 1929881.7162277235 9
931345.5579763446 1929881.9368042646 9
931345.736990967 1929882.1683296335 9
931345.9071505223 1929882.399927736 9
931346.0773100661 1929882.631525841 9
931346.2564157762 1929882.8741455057 9
931346.4444676489 1929883.127786728 9
931346.632428394 1929883.370333672 9
931346.8205713583 1929883.6350691859 9
931347.0174782526 1929883.888637696 9
931347.223331306 1929884.153227767 9
931347.4291843465 1929884.4178178424 9
931347.6351284891 1929884.693502203 9
931347.8410726181 1929884.9691865712 9
931348.0470167339 1929885.2448709412 9
931348.2528697221 1929885.5094610378 9
931348.4409214763 1929885.7631023063 9
931348.6377371567 1929886.0055765712 9
931348.825697775 1929886.2481235669 9
931349.0137494957 1929886.5017648474 9
931349.1838177614 1929886.7222687323 9
931349.3716872332 1929886.9537214562 9
931349.5418465929 1929887.1853196316 9
931349.7207698828 1929887.4057508064 9
931349.8908381095 1929887.6262547062 9
931350.0609063297 1929887.84675861 9
931350.2309745409 1929888.0672625168 9
931350.401042741 1929888.287766427 9
931350.562255884 1929888.5083430635 9
931350.7233779053 1929888.717825421 9
931350.8934460796 1929888.9383293404 9
931351.0546591973 1929889.1589059855 9
931351.2247273563 1929889.3794099127 9
931351.3858493447 1929889.5888922815 9
931351.5469713272 1929889.7983746543 9
931351.6993293604 1929890.0190240329 9
931351.8516873877 1929890.2396734133 9
931352.0128093442 1929890.4491557954 9
931352.1651673557 1929890.669805181 9
931352.317434248 1929890.879360288 9
931352.4697011353 1929891.0889153993 9
931352.6219680127 1929891.2984705118 9
931352.7743259908 1929891.5191199088 9
931352.9178289161 1929891.7398420277 9
931353.0701868787 1929891.9604914286 9
931353.2225448355 1929892.1811408347 9
931353.3659566282 1929892.3907686793 9
931353.5183145697 1929892.6114180912 9
931353.670672501 1929892.8320675036 9
931353.8230304244 1929893.0527169195 9
931353.975388342 1929893.2733663383 9
931354.1366924014 1929893.5050373236 9
931354.2890503028 1929893.725686747 9
931354.4502632387 1929893.9462634574 9
931354.6115672746 1929894.1779344503 9
931354.7727801936 1929894.3985111655 9
931354.934084212 1929894.6301821664 9
931355.1042432653 1929894.861780452 9
931355.2654561586 1929895.082357178 9
931355.4266690456 1929895.3029339043 9
931355.5699896263 1929895.501467506 9
931355.7133102003 1929895.7000011096 9
931355.8475935183 1929895.8764188683 9
931355.9729306796 1929896.0418150635 9
931356.0982678403 1929896.207211263 9
931356.2504434321 1929896.4056721595 9
931356.3937639771 1929896.6042057744 9
931356.5369934096 1929896.7916451094 9
931356.6802228357 1929896.979084448 9
931356.8056510697 1929897.1555749394 9
931356.9309881978 1929897.320971148 9
931357.0742176063 1929897.508410493 9
931357.208500865 1929897.6848282737 9
931357.3249829345 1929897.8502972042 9
931357.4682123276 1929898.0377365563 9
931357.6024955697 1929898.2141543434 9
931357.7189776242 1929898.3796232797 9
931357.8532608557 1929898.5560410717 9
931357.9875440815 1929898.7324588639 9
931358.1128811631 1929898.8978550916 9
931358.2470732769 1929899.0631786073 9
931358.3813564865 1929899.2395964062 9
931358.5424781123 1929899.4490789138 9
931358.7214920087 1929899.6806045575 9
931358.8468290573 1929899.846000796 9
931358.981021144 1929900.0113243235 9
931359.1153043231 1929900.187742134 9
931359.2585336369 1929900.375181517 9
931359.4017629421 1929900.5626208996 9
931359.5538472785 1929900.749987575 9
931359.7060227097 1929900.9484485344 9
931359.8582892307 1929901.1580037768 9
931360.0282658201 1929901.367413599 9
931360.1893873623 1929901.5768961348 9
931360.3682189715 1929901.7862332526 9
931360.5472327685 1929902.0177589355 9
931360.7262465534 1929902.2492846237 9
931360.9140242685 1929902.469643323 9
931361.1019841691 1929902.712190589 9
931361.2899440589 1929902.9547378593 9
931361.4867589728 1929903.197212424 9
931361.6925200045 1929903.4507085641 9
931361.889425994 1929903.7042774186 9
931362.1040420376 1929903.9577008588 9
931362.3098030323 1929904.2111970137 9
931362.5155640191 1929904.4646931738 9
931362.7211427981 1929904.696000776 9
931362.9178665349 1929904.9273810927 9
931363.1057352283 1929905.1588341221 9
931363.2935128164 1929905.3791928736 9
931363.4634892335 1929905.5886027631 9
931363.6245195179 1929905.786991085 9
931363.7854586983 1929905.9742851267 9
931363.9375428421 1929906.161651879 9
931364.0806808517 1929906.3379970624 9
931364.223727764 1929906.503247965 9
931364.4114141975 1929906.7125124594 9
931364.5724444381 1929906.910900798 9
931364.7066362981 1929907.0762244156 9
931364.8586293065 1929907.2524969038 9
931365.0017672806 1929907.4288421005 9
