955530.1387601489 1957015.6471245496 5
955530.3402084766 1957015.357575837 5
955530.5861437749 1957015.134357791 5
955530.9113338753 1957014.877429675 5
955531.2803559602 1957014.564791802 5
955531.6846222769 1957014.2408698907 5
955532.1680243462 1957013.8610487632 5
955532.6954370635 1957013.4588016586 5
955533.2316757699 1957013.0565072224 5
955533.7240230003 1957012.6988279899 5
955534.119582646 1957012.3971427348 5
955534.4007028075 1957012.1515461714 5
955534.5764475736 1957012.0063692634 5
955534.8841051228 1957011.7717252052 5
955535.1829367472 1957011.5371285249 5
955535.5520782195 1957011.2466800178 5
955536.0004150288 1957010.9114269149 5
955536.5277685815 1957010.498085474 5
955537.1167847052 1957010.0622233627 5
955537.7057413547 1957009.6152667068 5
955538.3032858695 1957009.1238843938 5
955538.9272487474 1957008.6212654607 5
955539.603988766 1957008.0850786616 5
955540.2806693395 1957007.5377973337 5
955540.9397576423 1957007.0017053646 5
955541.6253833966 1957006.4765659594 5
955542.3198351855 1957005.9513792556 5
955542.9879878077 1957005.4596184338 5
955543.6297817266 1957004.9901889034 5
955544.2449788201 1957004.4987123164 5
955544.8161057716 1957004.018567135 5
955545.3697594694 1957003.5718004545 5
955545.9146468053 1957003.1361757475 5
955546.4770670462 1957002.678267205 5
955547.0572582975 1957002.2424531663 5
955547.6288617471 1957001.851064858 5
955548.1387431193 1957001.4711026293 5
955548.6317464112 1957001.2354647303 5
955549.1253449357 1957001.110772706 5
955549.5928822585 1957001.0638848483 5
955550.025413379 1957001.0726593363 5
955550.4141718565 1957001.1482380927 5
955550.7499746203 1957001.224100955 5
955551.015288809 1957001.3225317805 5
955551.2630106057 1957001.4321518952 5
955551.5196773807 1957001.5639138385 5
955551.7677562672 1957001.7401014753 5
955551.980590858 1957001.9275730876 5
955552.1935444719 1957002.1372338766 5
955552.4068551717 1957002.413462177 5
955552.5851001223 1957002.7342582028 5
955552.7193343492 1957003.0774801332 5
955552.8538661407 1957003.476174987 5
955552.9269733775 1957003.9417687687 5
955552.9208851408 1957004.4521670002 5
955552.835363383 1957004.962991345 5
955552.6614631412 1957005.4520999785 5
955552.3991249156 1957005.9083983258 5
955552.0659410888 1957006.3206971171 5
955551.6529666845 1957006.666854537 5
955551.1957435587 1957006.9910595447 5
955550.7384609502 1957007.3041699948 5
955550.298889783 1957007.628280359 5
955549.8505522239 1957007.9635326809 5
955549.4460468179 1957008.2430753554 5
955549.0414819185 1957008.5115234682 5
955548.5665475896 1957008.8247287404 5
955547.959938424 1957009.271779318 5
955547.2476561143 1957009.7637765002 5
955546.4297602146 1957010.3118148998 5
955545.5680323475 1957010.9155630697 5
955544.6976572456 1957011.552642443 5
955543.9065371457 1957012.156011954 5
955543.32640629 1957012.6029208135 5
955543.124362159 1957012.781523357 5
