935622.115333 1916238.94931 5
935621.902381 1916238.93984 5
935621.627344 1916238.93086 5
935621.378915 1916238.92167 5
935621.086054 1916238.90172 5
935620.757715 1916238.88205 5
935620.420591 1916238.87354 5
935620.05686 1916238.86524 5
935619.684174 1916238.84591 5
935619.293834 1916238.8378 5
935618.903324 1916238.80751 5
935618.512984 1916238.79941 5
935618.149252 1916238.79111 5
935617.803174 1916238.77157 5
935617.466136 1916238.77416 5
935617.137797 1916238.75448 5
935616.827282 1916238.74577 5
935616.507897 1916238.73712 5
935616.206167 1916238.71725 5
935615.886782 1916238.7086 5
935615.585222 1916238.71092 5
935615.283576 1916238.70213 5
935614.972976 1916238.68233 5
935614.653591 1916238.67368 5
935614.3609 1916238.67592 5
935614.068039 1916238.65598 5
935613.766308 1916238.63611 5
935613.464663 1916238.62732 5
935613.180756 1916238.61841 5
935612.87911 1916238.60962 5
935612.57738 1916238.58975 5
935612.302342 1916238.58076 5
935612.036174 1916238.57171 5
935611.787745 1916238.56252 5
935611.548185 1916238.55326 5
935611.335234 1916238.5438 5
935611.122283 1916238.53434 5
935610.838376 1916238.52542 5
935610.581077 1916238.5163 5
935610.359257 1916238.50691 5
935610.119697 1916238.49765 5
935609.880137 1916238.48839 5
935609.640493 1916238.46804 5
935609.427371 1916238.43639 5
935609.214079 1916238.38255 5
935608.974009 1916238.30673 5
935608.698206 1916238.1979 5
935608.520052 1916238.09941 5
935608.323989 1916237.97888 5
935608.136795 1916237.85827 5
935607.949346 1916237.70438 5
935607.770596 1916237.52824 5
935607.600545 1916237.32984 5
935607.430494 1916237.13144 5
935607.295581 1916236.88839 5
935607.187361 1916236.65623 5
935607.088096 1916236.4351 5
935607.015439 1916236.21376 5
935606.960095 1916235.93682 5
935606.913961 1916235.70419 5
935606.885652 1916235.48251 5
935606.87457 1916235.19413 5
935606.872783 1916234.96116 5
935606.897435 1916234.70579 5
935606.931211 1916234.48364 5
935606.991255 1916234.21691 5
935607.086692 1916233.93881 5
935607.164985 1916233.7385 5
935607.261102 1916233.54916 5
935607.374874 1916233.34858 5
935607.497599 1916233.15903 5
935607.638064 1916232.96934 5
935607.805137 1916232.77945 5
935607.990034 1916232.60052 5
935608.192669 1916232.42145 5
935608.413214 1916232.26444 5
935608.651498 1916232.10728 5
935608.898906 1916231.98334 5
935609.164053 1916231.85927 5
935609.464849 1916231.75711 5
935609.765729 1916231.66605 5
935610.075563 1916231.58601 5
935610.412177 1916231.52795 5
935610.74896 1916231.49209 5
935611.094613 1916231.45615 5
935611.458345 1916231.46446 5
935611.821907 1916231.45057 5
935612.185638 1916231.45888 5
935612.55824 1916231.46712 5
935612.939541 1916231.4531 5
935613.311972 1916231.43915 5
935613.693273 1916231.42513 5
935614.065619 1916231.40008 5
935614.446919 1916231.38606 5
935614.837004 1916231.36088 5
935615.21822 1916231.33577 5
935615.599351 1916231.29957 5
935615.971527 1916231.25233 5
935616.334748 1916231.19407 5
935616.680316 1916231.14705 5
935617.00789 1916231.06687 5
935617.326679 1916230.99786 5
935617.636599 1916230.92891 5
935617.937479 1916230.83785 5
935618.220706 1916230.75802 5
935618.495148 1916230.68934 5
935618.751766 1916230.60971 5
935619.008469 1916230.54118 5
935619.247604 1916230.49496 5
935619.486823 1916230.45985 5
935619.708389 1916230.43596 5
935619.921171 1916230.42323 5
935620.213862 1916230.42099 5
935620.435853 1916230.45257 5
