935626.125 1916230.375
935626.1955617176 1916230.3833039755
935626.2659627872 1916230.3913999908
935626.3362032088 1916230.399288046
935626.4062829823 1916230.406968141
935626.4762021078 1916230.4144402763
935626.5459605855 1916230.421704451
935626.6155584151 1916230.4287606657
935626.6849955965 1916230.4356089204
935626.7542721301 1916230.4422492147
935626.8233880155 1916230.4486815492
935626.892343253 1916230.4549059235
935626.9611378426 1916230.4609223374
935627.0297717841 1916230.4667307916
935627.0982450775 1916230.4723312855
935627.1665577231 1916230.4777238192
935627.2347097204 1916230.4829083928
935627.3027010699 1916230.4878850062
935627.3705317713 1916230.4926536595
935627.4382018248 1916230.4972143527
935627.5057112302 1916230.5015670857
935627.5730599876 1916230.5057118586
935627.6402480969 1916230.5096486718
935627.7072755584 1916230.5133775244
935627.7741423717 1916230.5168984171
935627.8408485372 1916230.5202113495
935627.9073940545 1916230.523316322
935627.9737789239 1916230.526213334
935628.0400031451 1916230.528902386
935628.1060667185 1916230.531383478
935628.1719696438 1916230.53365661
935628.2377119211 1916230.5357217817
935628.3032935505 1916230.5375789932
935628.3687145318 1916230.5392282447
935628.433974865 1916230.540669536
935628.4990745502 1916230.5419028671
935628.5640135875 1916230.5429282382
935628.6287919768 1916230.5437456493
935628.6934097181 1916230.5443551
935628.7578668114 1916230.5447565909
935628.8221632565 1916230.5449501215
935628.8862990537 1916230.5449356919
935628.950274203 1916230.5447133023
935629.0140887041 1916230.5442829523
935629.0777425574 1916230.5436446425
935629.1412357625 1916230.5427983725
935629.2045683196 1916230.541744142
935629.2677402288 1916230.540481952
935629.33075149 1916230.5390118016
935629.3936021031 1916230.537333691
935629.4562920682 1916230.5354476203
935629.5188213855 1916230.5333535895
935629.5811900544 1916230.5310515985
935629.6433980755 1916230.5285416476
935629.7054454486 1916230.5258237363
935629.7673321738 1916230.5228978652
935629.8290582509 1916230.5197640336
935629.89062368 1916230.5164222422
935629.9520284609 1916230.5128724903
935630.013272594 1916230.5091147786
935630.074356079 1916230.5051491067
935630.135278916 1916230.5009754745
935630.1960411051 1916230.4965938823
935630.256642646 1916230.49200433
935630.317083539 1916230.4872068178
935630.377363784 1916230.4822013453
935630.437483381 1916230.4769879126
935630.49744233 1916230.4715665197
935630.557240631 1916230.4659371667
935630.6168782839 1916230.4600998536
935630.6763552887 1916230.4540545803
935630.7356716457 1916230.447801347
935630.7948273546 1916230.4413401538
935630.8538224156 1916230.434671
935630.9126568285 1916230.4277938865
935630.9713305933 1916230.4207088125
935631.0298437101 1916230.4134157787
935631.088196179 1916230.4059147846
935631.1463879999 1916230.3982058302
935631.2044191728 1916230.390288916
935631.2622896977 1916230.3821640415
935631.3199995745 1916230.3738312072
935631.3775488032 1916230.3652904124
935631.4349373841 1916230.3565416576
935631.4921653168 1916230.3475849426
935631.5492326017 1916230.3384202674
935631.6061392385 1916230.3290476322
935631.6628852272 1916230.3194670368
935631.719470568 1916230.3096784814
935631.7758952607 1916230.299681966
935631.8321593055 1916230.2894774904
935631.8882627023 1916230.2790650544
935631.944205451 1916230.2684446585
935631.9999875517 1916230.2576163022
935632.0556090043 1916230.246579986
935632.1110698091 1916230.2353357098
935632.1663699658 1916230.2238834733
935632.2215094744 1916230.2122232765
935632.2764883351 1916230.20035512
935632.3313065479 1916230.1882790031
935632.3859641124 1916230.1759949261
935632.4404610291 1916230.1635028892
935632.4947972976 1916230.150802892
935632.5489729183 1916230.1378949345
935632.602987891 1916230.124779017
935632.6568422156 1916230.1114551395
935632.710535892 1916230.0979233019
935632.7640689206 1916230.084183504
935632.8174413012 1916230.070235746
935632.8706530338 1916230.056080028
935632.9237041184 1916230.0417163495
935632.976594555 1916230.0271447112
935633.0293243434 1916230.0123651128
935633.0818934839 1916229.9973775542
935633.1343019764 1916229.9821820355
935633.1865498209 1916229.9667785568
935633.2386370176 1916229.9511671178
935633.290563566 1916229.9353477187
935633.3423294664 1916229.9193203594
935633.3939347189 1916229.90308504
935633.4453793233 1916229.8866417604
935633.4966632798 1916229.8699905209
935633.5477865882 1916229.853131321
935633.5987492487 1916229.8360641615
935633.649551261 1916229.8187890414
935633.7001926254 1916229.8013059613
935633.7506733419 1916229.783614921
935633.8009934103 1916229.7657159206
935633.8511528306 1916229.7476089601
935633.9011516031 1916229.7292940395
935633.9509897273 1916229.7107711588
935634.0006672037 1916229.6920403177
935634.0501840321 1916229.673101517
935634.0995402124 1916229.653954756
935634.1487357448 1916229.6346000347
935634.1977706291 1916229.6150373532
935634.2466448653 1916229.5952667117
935634.2953584535 1916229.57528811
935634.3439113939 1916229.5551015483
935634.3923036861 1916229.5347070263
935634.4405353304 1916229.5141045447
935634.4886063267 1916229.4932941024
935634.5365166749 1916229.4722757002
935634.5842663752 1916229.4510493379
935634.6318554274 1916229.4296150152
935634.6792838316 1916229.4079727326
935634.7265515878 1916229.3861224898
935634.7736586961 1916229.364064287
935634.8206051561 1916229.341798124
935634.8673909684 1916229.319324001
935634.9140161325 1916229.2966419177
935634.9604806487 1916229.2737518742
935635.0067845169 1916229.2506538706
935635.052927737 1916229.2273479071
935635.098910309 1916229.2038339833
935635.1447322331 1916229.1801120993
935635.1903935093 1916229.1561822554
935635.2358941374 1916229.1320444513
935635.2812341176 1916229.1076986871
935635.3264134496 1916229.0831449628
935635.3714321336 1916229.058383278
935635.4162901697 1916229.0334136335
935635.4609875578 1916229.0082360287
935635.5055242978 1916228.9828504638
935635.5499003899 1916228.9572569388
935635.5941158339 1916228.9314554539
935635.6381706299 1916228.9054460085
935635.6820647778 1916228.879228603
935635.7257982779 1916228.8528032375
935635.7693711299 1916228.826169912
935635.8127833338 1916228.7993286261
935635.8560348898 1916228.7722793801
935635.8991257977 1916228.7450221742
935635.9420560576 1916228.717557008
935635.9848256697 1916228.689883882
935636.0274346336 1916228.6620027954
935636.0698829495 1916228.633913749
935636.1121706174 1916228.6056167423
935636.1542976373 1916228.5771117755
935636.1962640091 1916228.5483988486
935636.238069733 1916228.5194779614
935636.2797148089 1916228.4903491142
935636.3211992368 1916228.461012307
935636.3625230166 1916228.4314675399
935636.4036861485 1916228.4017148123
935636.4446886323 1916228.3717541245
935636.485530468 1916228.3415854766
935636.5262116559 1916228.3112088689
935636.5667321958 1916228.2806243007
935636.6070920876 1916228.2498317726
935636.6472913312 1916228.2188312842
935636.687329927 1916228.187622836
935636.7272078749 1916228.1562064274
935636.7669251746 1916228.1245820588
935636.8064818264 1916228.09274973
935636.8458778302 1916228.060709441
935636.8851131857 1916228.028461192
935636.9241878935 1916227.9960049829
935636.9631019532 1916227.9633408135
935637.0018553649 1916227.9304686843
935637.0404481286 1916227.8973885947
935637.0788802443 1916227.864100545
935637.1171517118 1916227.830604535
935637.1552625316 1916227.7969005653
935637.1932127032 1916227.762988635
935637.2310022269 1916227.7288687448
935637.2686311025 1916227.6945408946
935637.3060993302 1916227.6600050842
935637.3434069097 1916227.6252613137
935637.3805538414 1916227.590309583
935637.417540125 1916227.5551498923
935637.4543657606 1916227.5197822412
935637.4910307481 1916227.4842066301
935637.5275350877 1916227.448423059
935637.5638787792 1916227.4124315276
935637.6000618227 1916227.3762320362
935637.6360842183 1916227.3398245848
935637.6719459657 1916227.3032091733
935637.7076470653 1916227.2663858014
935637.7431875168 1916227.2293544693
935637.7785673202 1916227.1921151774
935637.8137864757 1916227.154667925
935637.8488449833 1916227.1170127126
935637.8837428427 1916227.0791495403
935637.9184800542 1916227.0410784078
935637.9530566176 1916227.0027993151
935637.987472533 1916226.9643122624
935638.0217278005 1916226.9256172494
935638.0558224198 1916226.8867142764
935638.0897563912 1916226.8476033432
935638.1235297148 1916226.8082844499
935638.1571423901 1916226.7687575964
935638.1905944174 1916226.7290227828
935638.2238857967 1916226.6890800092
935638.2570165282 1916226.6489292753
935638.2899866116 1916226.6085705813
935638.3227960469 1916226.5680039274
935638.3554448342 1916226.527229313
935638.3879329734 1916226.4862467388
935638.4202604648 1916226.4450562042
935638.4524273081 1916226.4036577097
935638.4844335035 1916226.3620512548
935638.5162790507 1916226.3202368403
935638.54796395 1916226.2782144654
935638.5794882012 1916226.2359841303
935638.6108518045 1916226.193545835
935638.6420547597 1916226.1508995795
935638.6730970669 1916226.108045364
935638.7039787262 1916226.0649831886
935638.7346997374 1916226.0217130529
935638.7652601007 1916225.978234957
935638.7956598159 1916225.934548901
935638.825898883 1916225.890654885
935638.8559773022 1916225.846552909
935638.8858950734 1916225.8022429724
935638.9156521965 1916225.757725076
935638.9452486717 1916225.7129992195
935638.9746844987 1916225.6680654027
935639.0039596779 1916225.6229236259
935639.033074209 1916225.577573889
935639.0620280921 1916225.5320161919
935639.0908213272 1916225.4862505347
935639.1194539143 1916225.4402769173
935639.1479258534 1916225.3940953398
935639.1762371445 1916225.3477058024
935639.2043877875 1916225.3011083046
935639.2323777826 1916225.2543028467
935639.2602071296 1916225.2072894287
935639.2878758286 1916225.1600680507
935639.3153838796 1916225.1126387124
935639.3427312827 1916225.065001414
935639.3699180377 1916225.0171561555
935639.3969441446 1916224.969102937
935639.4238096036 1916224.9208417581
935639.4505144146 1916224.8723726196
935639.4770585776 1916224.8236955204
935639.5034420924 1916224.7748104613
935639.5296649594 1916224.725717442
935639.5557271783 1916224.6764164628
935639.5816287494 1916224.6269075233
935639.6073696723 1916224.5771906236
935639.6329499473 1916224.5272657638
935639.6583695741 1916224.477132944
935639.683628553 1916224.4267921639
935639.7087268839 1916224.376243424
935639.7336645668 1916224.3254867238
935639.7584416015 1916224.2745220633
935639.7830579884 1916224.223349443
935639.8075137272 1916224.1719688622
935639.831808818 1916224.1203803215
935639.855943261 1916224.0685838207
935639.8799170557 1916224.0165793598
935639.9037302025 1916223.9643669385
935639.9273827013 1916223.9119465575
935639.950874552 1916223.859318216
935639.9742057548 1916223.8064819144
935639.9973763096 1916223.7534376527
935640.0203862163 1916223.7001854312
935640.0432354751 1916223.6467252492
935640.0659240858 1916223.5930571072
935640.0884520485 1916223.5391810052
935640.1108193633 1916223.4850969429
935640.1330260299 1916223.4308049204
935640.1550720487 1916223.376304938
935640.1769574193 1916223.3215969955
935640.198682142 1916223.2666810926
935640.2202462166 1916223.2115572297
935640.2416496433 1916223.1562254068
935640.2628924219 1916223.1006856235
935640.2839745526 1916223.0449378802
935640.3048960353 1916222.988982177
935640.3256568699 1916222.9328185134
935640.3462570566 1916222.8764468897
935640.3666965951 1916222.8198673062
935640.3869754857 1916222.7630797622
935640.4070937283 1916222.7060842582
935640.4270513229 1916222.6488807942
935640.4468482694 1916222.5914693698
935640.466484568 1916222.5338499853
935640.4859602185 1916222.476022641
935640.505275221 1916222.4179873364
935640.5244295755 1916222.3597440715
935640.543423282 1916222.3012928467
935640.5622563405 1916222.2426336617
935640.580928751 1916222.1837665164
935640.5994405135 1916222.1246914112
935640.617791628 1916222.0654083458
935640.6359820944 1916222.0059173203
935640.6540119129 1916221.9462183346
935640.6718810833 1916221.886311389
935640.6895896058 1916221.826196483
935640.7071374801 1916221.7658736168
935640.7245247066 1916221.7053427908
935640.741751285 1916221.6446040047
935640.7588172153 1916221.5836572582
935640.7757224977 1916221.5225025518
935640.7924671321 1916221.461139885
935640.8090511184 1916221.399569258
935640.825474457 1916221.3377906713
935640.8417371473 1916221.2758041243
935640.8578391897 1916221.2136096172
935640.873780584 1916221.1512071497
935640.8895613303 1916221.0885967226
935640.9051814287 1916221.0257783348
935640.9206408788 1916220.9627519872
935640.9359396811 1916220.8995176796
935640.9510778354 1916220.8360754116
935640.9660553418 1916220.7724251836
935640.9808722 1916220.7085669956
935640.9955284102 1916220.6445008472
935641.0100239725 1916220.5802267387
935641.0243588866 1916220.5157446703
935641.0385331529 1916220.4510546415
935641.0525467711 1916220.3861566526
935641.0663997413 1916220.3210507038
935641.0800920635 1916220.2557367948
935641.0936237377 1916220.1902149257
935641.1069947638 1916220.1244850962
935641.1202051421 1916220.058547307
935641.1332548722 1916219.9924015573
935641.1461439544 1916219.9260478476
935641.1588723884 1916219.859486178
935641.1714401746 1916219.792716548
935641.1838473127 1916219.7257389578
935641.1960938028 1916219.6585534078
935641.2081796449 1916219.5911598974
935641.220104839 1916219.5235584269
935641.2318693851 1916219.4557489965
935641.2434732832 1916219.387731606
935641.2549165332 1916219.319506255
935641.2661991353 1916219.251072944
935641.2773210894 1916219.1824316732
935641.2882823953 1916219.1135824418
935641.2990830534 1916219.0445252506
935641.3097230634 1916218.9752600992
935641.3202024254 1916218.9057869876
935641.3305211394 1916218.8361059157
935641.3406792054 1916218.7662168841
935641.3506766233 1916218.6961198922
935641.3605133933 1916218.62581494
935641.3701895153 1916218.555302028
935641.3797049891 1916218.4845811557
935641.3890598151 1916218.4136523232
935641.398253993 1916218.3425155305
935641.4072875229 1916218.271170778
935641.4161604049 1916218.199618065
935641.4248726388 1916218.1278573922
935641.4334242246 1916218.0558887592
935641.4418151625 1916217.9837121658
935641.4500454523 1916217.9113276126
935641.4581150942 1916217.8387350992
935641.4660240881 1916217.7659346256
935641.4737724339 1916217.6929261917
935641.4813601318 1916217.6197097981
935641.4887871816 1916217.5462854442
935641.4960535833 1916217.47265313
935641.5031593371 1916217.398812856
935641.5101044431 1916217.3247646217
935641.5168889008 1916217.2505084272
935641.5235127106 1916217.1760442725
935641.5299758724 1916217.101372158
935641.5362783861 1916217.026492083
935641.5424202519 1916216.951404048
935641.5484014696 1916216.8761080531
935641.5542220393 1916216.8006040978
935641.559881961 1916216.7248921823
935641.5653812346 1916216.648972307
935641.5707198604 1916216.5728444713
935641.5758978381 1916216.4965086756
935641.5809151677 1916216.41996492
935641.5857718494 1916216.343213204
935641.590467883 1916216.2662535277
935641.5950032687 1916216.1890858915
935641.5993780063 1916216.1117102953
935641.6035920959 1916216.0341267388
935641.6076455376 1916215.956335222
935641.6115383311 1916215.8783357455
935641.6152704768 1916215.8001283086
935641.6188419743 1916215.7217129117
935641.6222528239 1916215.6430895547
935641.6255030255 1916215.5642582374
935641.628592579 1916215.48521896
935641.6315214846 1916215.4059717227
935641.6342897421 1916215.3265165251
935641.6368973516 1916215.2468533672
935641.6393443132 1916215.1669822496
935641.6416306267 1916215.0869031716
935641.6437562923 1916215.0066161333
935641.6457213097 1916214.926121135
935641.6475256792 1916214.8454181768
935641.6491694007 1916214.7645072583
935641.6506524741 1916214.6833883796
935641.6519748996 1916214.602061541
935641.653136677 1916214.520526742
935641.6541378065 1916214.4387839832
935641.6549782879 1916214.3568332642
935641.6556581213 1916214.2746745849
935641.6561773067 1916214.1923079456
935641.6565358441 1916214.1097333462
935641.6567337335 1916214.0269507866
935641.6567709749 1916213.9439602667
935641.6566475682 1916213.8607617868
935641.6563635136 1916213.7773553468
935641.6559188109 1916213.6937409467
935641.6553134603 1916213.6099185864
935641.6545474615 1916213.5258882663
935641.6536208149 1916213.4416499857
935641.6525335202 1916213.357203745
935641.6512855774 1916213.2725495445
935641.6498769867 1916213.1876873835
935641.648307748 1916213.1026172624
935641.6465778613 1916213.0173391814
935641.6446873266 1916212.9318531402
935641.6426361438 1916212.8461591387
935641.640424313 1916212.7602571773
935641.6380518344 1916212.6741472557
935641.6355187076 1916212.587829374
935641.6328249328 1916212.501303532
935641.62997051 1916212.4145697302
935641.6269554392 1916212.327627968
935641.6237797204 1916212.2404782455
935641.6204433535 1916212.1531205634
935641.6169463387 1916212.0655549208
935641.6132886759 1916211.9777813181
935641.609470365 1916211.8897997555
935641.6054914062 1916211.8016102326
935641.6013517993 1916211.7132127495
935641.5970515443 1916211.6246073067
935641.5925906415 1916211.5357939033
935641.5879690906 1916211.4467725398
935641.5831868916 1916211.3575432163
935641.5782440448 1916211.2681059327
935641.5731405498 1916211.178460689
935641.5678764068 1916211.088607485
935641.5624516159 1916210.9985463212
935641.5568661769 1916210.9082771968
935641.55112009 1916210.8178001125
935641.545213355 1916210.7271150684
935641.539145972 1916210.6362220638
935641.532917941 1916210.545121099
935641.526529262 1916210.4538121745
935641.5199799349 1916210.3622952895
935641.51326996 1916210.2705704444
935641.5063993369 1916210.1786376394
935641.4993680659 1916210.086496874
935641.4921761468 1916209.9941481487
935641.4848235798 1916209.901591463
935641.4773103647 1916209.8088268177
