935684.6089639348 1916231.426511133
935684.6656925048 1916231.4249192171
935684.7224819025 1916231.4231670867
935684.7793287967 1916231.4212519124
935684.8362298566 1916231.4191708649
935684.8931817512 1916231.416921116
935684.95018115 1916231.4144998365
935685.0072247215 1916231.4119041972
935685.064309135 1916231.4091313698
935685.1214310594 1916231.4061785247
935685.1785871641 1916231.4030428336
935685.235774118 1916231.399721467
935685.2929885902 1916231.396211596
935685.3502272497 1916231.392510392
935685.4074867655 1916231.388615026
935685.4647638069 1916231.3845226688
935685.5220550427 1916231.3802304917
935685.5793571422 1916231.3757356657
935685.6366667743 1916231.371035362
935685.6939806081 1916231.3661267515
935685.7512953129 1916231.361007005
935685.8086075574 1916231.355673294
935685.8659140109 1916231.3501227896
935685.9232113425 1916231.3443526623
935685.9804962211 1916231.338360084
935686.0377653159 1916231.3321422255
935686.0950152959 1916231.3256962572
935686.1522428303 1916231.3190193507
935686.2094445878 1916231.3121086773
935686.2666172379 1916231.3049614078
935686.3237574495 1916231.297574713
935686.3808618917 1916231.2899457642
935686.4379272334 1916231.2820717327
935686.494950144 1916231.273949789
935686.5519272921 1916231.265577105
935686.6088553473 1916231.2569508513
935686.6657309784 1916231.2480681986
935686.7225508543 1916231.2389263182
935686.7793116443 1916231.2295223817
935686.8360100174 1916231.2198535593
935686.8926426428 1916231.2099170228
935686.9492061894 1916231.199709943
935687.0056973263 1916231.1892294905
935687.0621127225 1916231.1784728374
935687.1184490472 1916231.1674371539
935687.1747029695 1916231.156119611
935687.2308711584 1916231.1445173807
935687.2869502829 1916231.1326276334
935687.3429370122 1916231.12044754
935687.3988280152 1916231.1079742718
935687.4546199612 1916231.095205
935687.5103095191 1916231.0821368955
935687.565893358 1916231.068767129
935687.621368147 1916231.0550928724
935687.676730555 1916231.0411112963
935687.7319772515 1916231.0268195714
935687.7871049049 1916231.0122148695
935687.842110185 1916230.9972943612
935687.8969897602 1916230.9820552177
935687.9517403002 1916230.96649461
935688.0063584734 1916230.9506097096
935688.0608409495 1916230.9343976867
935688.1151843973 1916230.917855713
935688.1693854858 1916230.9009809594
935688.223440884 1916230.883770597
935688.2773472613 1916230.866221797
935688.3311012865 1916230.8483317303
935688.3846996287 1916230.8300975678
935688.4381389569 1916230.8115164808
935688.4914159405 1916230.7925856402
935688.5445272484 1916230.7733022172
935688.5974695493 1916230.7536633827
935688.6502395128 1916230.7336663082
935688.7028338076 1916230.7133081646
935688.7552491031 1916230.6925861223
935688.807482068 1916230.6714973534
935688.8595293716 1916230.6500390281
935688.9113876829 1916230.6282083178
935688.9630536712 1916230.6060023936
935689.0145240051 1916230.583418427
935689.0657953541 1916230.5604535881
935689.116864387 1916230.5371050488
935689.167727773 1916230.51336998
935689.218382181 1916230.489245552
935689.2688242805 1916230.464728937
935689.31905074 1916230.4398173057
935689.3690582289 1916230.4145078284
935689.4188434163 1916230.3887976771
935689.4684029712 1916230.3626840229
935689.5177335626 1916230.336164036
935689.5668318596 1916230.309234888
935689.6156945314 1916230.2818937502
935689.6643182467 1916230.2541377936
935689.7126996749 1916230.2259641883
935689.7608354851 1916230.1973701068
935689.8087223462 1916230.1683527194
935689.8563569272 1916230.138909197
935689.9037358975 1916230.1090367113
935689.9508559258 1916230.0787324328
935689.9977136814 1916230.0479935326
935690.0443058333 1916230.0168171823
935690.0906290506 1916229.9852005523
935690.1366800022 1916229.9531408139
935690.1824553575 1916229.9206351386
935690.2279517853 1916229.8876806968
935690.2731659547 1916229.8542746597
935690.3180945349 1916229.820414199
935690.362734195 1916229.786096485
935690.4070816037 1916229.7513186892
935690.4511334305 1916229.7160779824
935690.4948863441 1916229.680371536
935690.5383370138 1916229.6441965206
935690.5814821088 1916229.6075501074
935690.6243182977 1916229.5704294678
935690.6668422502 1916229.5328317727
935690.7090506348 1916229.494754193
935690.7509401208 1916229.4561938997
935690.7925073772 1916229.4171480644
935690.8337490733 1916229.3776138576
935690.874661878 1916229.3375884506
935690.9152424604 1916229.2970690143
935690.9554874894 1916229.2560527201
935690.9953936343 1916229.2145367388
935691.0349575641 1916229.1725182417
935691.0741759477 1916229.1299943994
935691.113045556 1916229.0869625446
935691.1515654938 1916229.0434237157
935691.1897372007 1916228.9993826577
935691.227562218 1916228.9548442764
935691.2650420865 1916228.9098134784
935691.3021783473 1916228.8642951692
935691.3389725415 1916228.8182942558
935691.3754262102 1916228.7718156434
935691.4115408945 1916228.7248642389
935691.4473181355 1916228.6774449474
935691.4827594742 1916228.629562676
935691.5178664516 1916228.58122233
935691.5526406087 1916228.532428816
935691.587083487 1916228.4831870398
935691.621196627 1916228.433501908
935691.6549815701 1916228.3833783264
935691.6884398574 1916228.3328212006
935691.7215730299 1916228.2818354375
935691.7543826285 1916228.230425943
935691.7868701945 1916228.1785976228
935691.8190372689 1916228.1263553833
935691.8508853926 1916228.073704131
935691.8824161069 1916228.020648771
935691.9136309528 1916227.9671942103
935691.9445314715 1916227.9133453548
935691.9751192037 1916227.8591071104
935692.0053956908 1916227.8044843832
935692.0353624736 1916227.7494820796
935692.0650210935 1916227.6941051052
935692.0943730914 1916227.6383583667
935692.1234200081 1916227.5822467697
935692.1521633852 1916227.5257752207
935692.1806047633 1916227.468948625
935692.2087456839 1916227.41177189
935692.2365876877 1916227.354249921
935692.2641323159 1916227.296387624
935692.2913811096 1916227.2381899052
935692.3183356096 1916227.1796616712
935692.3449973576 1916227.1208078272
935692.3713678941 1916227.0616332805
935692.3974487602 1916227.002142936
935692.4232414974 1916226.9423417004
935692.4487476462 1916226.8822344798
935692.4739687481 1916226.8218261802
935692.4989063441 1916226.7611217077
935692.5235619749 1916226.7001259685
935692.547937182 1916226.6388438689
935692.5720335062 1916226.5772803142
935692.5958524889 1916226.5154402112
935692.6193956708 1916226.4533284658
935692.6426645932 1916226.3909499843
935692.665660797 1916226.3283096724
935692.6883858234 1916226.2654124366
935692.7108412135 1916226.2022631832
935692.7330285084 1916226.1388668176
935692.7549492487 1916226.075228246
935692.776604976 1916226.011352375
935692.7979972312 1916225.9472441105
935692.8191275555 1916225.8829083585
935692.8399974897 1916225.818350025
935692.8606085749 1916225.7535740165
935692.8809623526 1916225.6885852388
935692.9010603633 1916225.6233885977
935692.9209041484 1916225.5579889999
935692.9404952488 1916225.4923913514
935692.9598352056 1916225.4266005582
935692.97892556 1916225.360621526
935692.9977678529 1916225.2944591616
935693.0163636255 1916225.2281183708
935693.0347144188 1916225.1616040596
935693.0528217739 1916225.094921134
935693.070687232 1916225.0280745004
935693.0883123337 1916224.9610690647
935693.1056986206 1916224.893909733
935693.1228476334 1916224.8266014117
935693.1397609136 1916224.7591490066
935693.1564400018 1916224.691557424
935693.1728864392 1916224.6238315697
935693.189101767 1916224.55597635
935693.2050875262 1916224.487996671
935693.220845258 1916224.4198974387
935693.2363765031 1916224.3516835596
935693.2516828028 1916224.2833599392
935693.2667656983 1916224.214931484
935693.2816267305 1916224.1464031
935693.2962674407 1916224.0777796933
935693.3106893694 1916224.00906617
935693.3248940583 1916223.9402674362
935693.3388830482 1916223.871388398
935693.35265788 1916223.8024339618
935693.3662200951 1916223.733409033
935693.3795712345 1916223.6643185182
935693.3927128388 1916223.5951673232
935693.4056464499 1916223.5259603548
935693.4183736081 1916223.4567025183
935693.430895855 1916223.38739872
935693.4432147314 1916223.3180538663
935693.4553317783 1916223.248672863
935693.4672485369 1916223.1792606164
935693.4789665483 1916223.1098220327
935693.4904873536 1916223.0403620177
935693.5018124938 1916222.9708854777
935693.5129435098 1916222.9013973186
935693.5238819431 1916222.8319024467
935693.5346293342 1916222.7624057678
935693.5451872246 1916222.6929121884
935693.5555571554 1916222.6234266148
935693.5657406672 1916222.5539539524
935693.5757393015 1916222.4844991076
935693.5855545992 1916222.4150669866
935693.5951881015 1916222.345662495
935693.6046413495 1916222.27629054
935693.6139158838 1916222.2069560266
935693.6230132461 1916222.1376638615
935693.631934977 1916222.068418951
935693.6406826179 1916221.9992262004
935693.6492577096 1916221.9300905163
935693.6576617933 1916221.861016805
935693.6658964101 1916221.7920099723
935693.6739631009 1916221.7230749242
935693.681863407 1916221.6542165673
935693.6895988694 1916221.5854398068
935693.697171029 1916221.5167495497
935693.704581427 1916221.4481507018
935693.7118316045 1916221.379648169
935693.7189231026 1916221.3112468577
935693.7258574622 1916221.242951674
935693.7326362245 1916221.1747675235
935693.7392609306 1916221.106699313
935693.7457331214 1916221.0387519482
935693.752054338 1916220.970930335
935693.7582261217 1916220.90323938
935693.7642500133 1916220.8356839893
935693.7701275541 1916220.7682690683
935693.7758602848 1916220.700999524
935693.7814497469 1916220.633880262
935693.7868974813 1916220.5669161887
935693.7922050289 1916220.5001122095
935693.7973739312 1916220.4334732313
935693.8024057286 1916220.3670041598
935693.8073019627 1916220.3007099011
935693.8120641746 1916220.2345953616
935693.8166939049 1916220.168665447
935693.8211926951 1916220.1029250638
935693.8255620862 1916220.037379118
935693.8298036191 1916219.972032515
935693.8339188349 1916219.9068901623
935693.8379092749 1916219.8419569647
935693.8417764797 1916219.777237829
935693.845521991 1916219.7127376609
935693.8491473494 1916219.6484613668
935693.852654096 1916219.5844138528
935693.8560437721 1916219.520600025
935693.8593179184 1916219.4570247892
935693.8624780765 1916219.393693052
935693.865525787 1916219.330609719
935693.8684625912 1916219.2677796967
935693.8712900301 1916219.2052078908
935693.8740096447 1916219.1428992078
935693.8766229764 1916219.0808585535
935693.8791315657 1916219.0190908343
935693.8815369541 1916218.9576009559
935693.8838406827 1916218.8963938248
935693.8860442922 1916218.835474347
935693.8881493239 1916218.7748474285
935693.8901573189 1916218.714517975
935693.8920698182 1916218.6544908937
935693.893888363 1916218.5947710897
935693.8956144942 1916218.5353634695
935693.8972497529 1916218.476272939
935693.89879568 1916218.4175044047
935693.9002538171 1916218.3590627725
935693.9016257048 1916218.3009529482
935693.9029128843 1916218.2431798384
935693.9041168964 1916218.1857483487
935693.9052392829 1916218.1286633855
935693.9062815842 1916218.071929855
935693.9072453415 1916218.0155526632
935693.9081320959 1916217.959536716
935693.9089433886 1916217.9038869196
935693.9096807606 1916217.8486081806
935693.910345753 1916217.7937054043
935693.9109399066 1916217.7391834971
935693.9114647628 1916217.6850473653
935693.9119218626 1916217.631301915
935693.912312747 1916217.5779520522
935693.9126389569 1916217.5250026826
935693.9129020337 1916217.472458713
935693.9131035183 1916217.4203250492
935693.9132449519 1916217.368606597
935693.9133278752 1916217.317308263
935693.9133538296 1916217.2664349528
935693.9133243562 1916217.2159915734
935693.913240996 1916217.1659830299
935693.9131052899 1916217.1164142285
935693.9129187792 1916217.067290076
935693.9126830047 1916217.0186154782
935693.9123995078 1916216.9703953408
935693.9120698294 1916216.9226345702
935693.9116955104 1916216.8753380727
935693.9112780921 1916216.828510754
935693.9108191157 1916216.7821575208
935693.9103201219 1916216.7362832783
935693.9097826518 1916216.6908929334
935693.9092082469 1916216.6459913917
935693.9085984479 1916216.6015835598
935693.9079547958 1916216.557674343
935693.9072788318 1916216.5142686486
935693.9065720971 1916216.4713713815
935693.9058361326 1916216.4289874488
935693.9050724795 1916216.3871217554
935693.9042826787 1916216.3457792087
935693.9034682714 1916216.304964714
935693.9026307985 1916216.264683178
935693.9017718014 1916216.2249395058
935693.9008928208 1916216.1857386045
935693.8999953979 1916216.1470853798
935693.8990810738 1916216.108984738
935693.8981513898 1916216.0714415845
935693.8972078866 1916216.0344608263
935693.8962521052 1916215.9980473693
935693.8952855871 1916215.9622061192
935693.894309873 1916215.9269419822
935693.8933265042 1916215.892259865
935693.8923370217 1916215.858164673
935693.8913429664 1916215.8246613126
935693.8903458795 1916215.7917546898
935693.8893473021 1916215.7594497104
935693.8883487753 1916215.7277512816
935693.88735184 1916215.6966643082
935693.8863580375 1916215.666193697
935693.8853689088 1916215.636344354
935693.8843859949 1916215.607121185
935693.8834108367 1916215.5785290967
935693.8824449755 1916215.5505729949
935693.8814899524 1916215.5232577855
935693.8805473085 1916215.4965883747
935693.8796185846 1916215.4705696686
935693.8787053219 1916215.4452065737
935693.8778090614 1916215.4205039954
935693.8769313446 1916215.3964668403
935693.876073712 1916215.3731000146
935693.8752377048 1916215.350408424
935693.8744248644 1916215.3283969744
935693.8736367315 1916215.3070705729
935693.8728748474 1916215.286434125
935693.8721407529 1916215.2664925363
935693.8714359893 1916215.2472507134
935693.8707620976 1916215.2287135627
935693.870120619 1916215.2108859902
