935580.483191095 1916322.31134336
935580.428450369 1916320.27809282
935580.402827907 1916318.61519156
935580.397788799 1916316.5367429
935580.393301679 1916314.29735188
935580.390148648 1916312.91972029
935580.413117436 1916311.21860118
935580.457803299 1916307.89531912
935580.498594041 1916304.94386237
935580.534440151 1916302.24125163
935580.56762769 1916300.65226051
935580.586489693 1916299.84080606
935580.618235419 1916298.34276445
935580.635893272 1916297.60726785
935580.654739425 1916296.79681285
935580.686500978 1916295.29777179
935580.70417467 1916294.56127574
935580.722989125 1916293.75281964
935580.754734817 1916292.25477803
935580.771409058 1916291.51826613
935580.787926131 1916290.85472958
935580.810528561 1916289.87038696
935580.846287861 1916288.37140928
935580.862946247 1916287.63589683
935580.88653227 1916286.6525695
935580.922291552 1916285.15359182
935580.935874927 1916284.54899084
935580.950457746 1916283.94440571
935580.985217569 1916282.44541219
935581.003223953 1916281.68792779
935581.018852466 1916281.01737927
935581.027569189 1916280.5936462
935581.045559724 1916279.83716124
935581.077321193 1916278.33812018
935581.084152483 1916278.03332108
935581.091950255 1916277.66755582
935581.111541017 1916276.8101269
935581.143302471 1916275.31108585
935581.157171018 1916274.68849486
935581.17576233 1916273.83105009
935581.207523767 1916272.33200903
935581.221392307 1916271.70941805
935581.235546037 1916271.06883705
935581.25309164 1916270.27735566
935581.272634849 1916269.42292507
935581.30639516 1916267.9239157
935581.323972441 1916267.13043543
935581.3434998 1916266.27700429
935581.376244804 1916264.77897852
935581.392411972 1916264.07444887
935581.406185432 1916263.45785455
935581.439945709 1916261.95884518
935581.456128717 1916261.25331609
935581.466446923 1916260.79161993
935581.480220375 1916260.17502561
935581.516963131 1916258.67706322
935581.541324127 1916257.58178218
935581.56887102 1916256.34859355
935581.604630153 1916254.84961586
935581.608069552 1916254.69571715
935581.620811861 1916254.08110587
935581.656570981 1916252.58212819
935581.67417863 1916251.72366813
