935649.866455259 1916320.71408604
935649.848251037 1916321.10567852
935649.819422403 1916321.7260331
935649.808766302 1916321.95679409
935649.800804965 1916322.08063026
935649.769974901 1916322.57499133
935649.76207694 1916322.69482972
935649.707695584 1916323.53971095
935649.694437249 1916323.74543826
935649.677565195 1916324.11605824
935649.662769982 1916324.41873176
935649.609600381 1916325.56554057
935649.545076264 1916326.92410506
935649.53714788 1916327.10892325
935649.503974149 1916327.81418315
935649.468009322 1916328.56938364
935649.446681267 1916329.03190506
935649.396730536 1916330.10178826
935649.330462281 1916331.50731084
935649.327433523 1916331.5722431
935649.272947566 1916332.73902498
935649.25650329 1916333.08265992
935649.202381744 1916334.22645455
935649.186936913 1916334.57010534
935649.117465591 1916336.05155408
935649.087542417 1916336.67788948
935649.079788312 1916336.85171377
935649.017706673 1916338.18232547
935649.009016498 1916338.35213613
935648.939386718 1916339.84357932
935648.930268752 1916340.04037501
935648.868535667 1916341.34899891
935648.808150594 1916342.63565086
935648.799032627 1916342.83244654
935648.775008516 1916343.33891187
