935592.892637745 1915959.11642942
935593.429583127 1915960.11863911
935594.13539394 1915961.44142904
935594.649033878 1915962.40028236
935595.354844685 1915963.72307231
935595.779118047 1915964.51755851
935596.293709895 1915965.47942602
935596.999520691 1915966.80221598
935597.423825735 1915967.5947033
935598.129636526 1915968.91749327
935598.837462047 1915970.23931549
935598.850074604 1915970.26350814
935599.555885387 1915971.58629812
935600.262711454 1915972.90810451
935600.330692256 1915973.03414417
935601.036503029 1915974.35693417
935601.261561867 1915974.7903712
