935658.767714 1916190.56186
935658.7646858395 1916190.604598452
935658.7615523951 1916190.6470406563
935658.7583143738 1916190.6891886499
935658.7549724834 1916190.731044469
935658.7515274313 1916190.7726101505
935658.7479799251 1916190.813887731
935658.7443306721 1916190.854879247
935658.7405803797 1916190.895586735
935658.7367297555 1916190.936012232
935658.732779507 1916190.9761577742
935658.7287303415 1916191.0160253984
935658.7245829668 1916191.0556171406
935658.7203380901 1916191.0949350386
935658.7159964186 1916191.1339811282
935658.7115586605 1916191.172757446
935658.7070255227 1916191.211266029
935658.7023977126 1916191.2495089136
935658.6976759383 1916191.2874881364
935658.6928609065 1916191.3252057335
935658.6879533253 1916191.3626637426
935658.6829539018 1916191.3998641996
935658.6778633435 1916191.436809141
935658.672682358 1916191.4735006033
935658.6674116526 1916191.509940624
935658.6620519349 1916191.5461312388
935658.6566039125 1916191.5820744848
935658.6510682926 1916191.617772398
935658.6454457828 1916191.6532270159
935658.6397370904 1916191.6884403743
935658.6339429232 1916191.7234145105
935658.6280639884 1916191.7581514604
935658.6221009935 1916191.7926532612
935658.6160546463 1916191.8269219492
935658.6099256537 1916191.8609595608
935658.6037147235 1916191.894768133
935658.5974225631 1916191.9283497022
935658.5910498801 1916191.9617063054
935658.5845973818 1916191.9948399786
935658.5780657759 1916192.027752759
935658.5714557694 1916192.0604466822
935658.5647680704 1916192.092923786
935658.5580033858 1916192.1251861064
935658.5511624232 1916192.1572356801
935658.5442458905 1916192.1890745438
935658.5372544947 1916192.2207047339
935658.5301889433 1916192.252128287
935658.5230499441 1916192.2833472402
935658.5158382041 1916192.314363629
935658.5085544313 1916192.3451794914
935658.5011993326 1916192.375796863
935658.4937736159 1916192.4062177811
935658.4862779885 1916192.4364442818
935658.4787131579 1916192.4664784016
935658.4710798316 1916192.4963221776
935658.463378717 1916192.5259776458
935658.4556105216 1916192.5554468434
935658.4477759529 1916192.5847318068
935658.4398757182 1916192.6138345727
935658.4319105252 1916192.6427571774
935658.4238810813 1916192.6715016577
935658.4157880939 1916192.70007005
935658.4076322706 1916192.7284643915
935658.3994143186 1916192.756686718
935658.3911349456 1916192.7847390668
935658.3827948592 1916192.8126234738
935658.3743947664 1916192.8403419766
935658.3659353751 1916192.8678966109
935658.3574173927 1916192.8952894136
935658.3488415264 1916192.9225224215
935658.340208484 1916192.9495976707
935658.3315189729 1916192.9765171984
935658.3227737002 1916193.0032830408
935658.313973374 1916193.0298972346
935658.3051187012 1916193.0563618164
935658.2962103896 1916193.082678823
935658.2872491466 1916193.108850291
935658.2782356795 1916193.1348782566
935658.269170696 1916193.1607647568
935658.2600549035 1916193.186511828
935658.2508890093 1916193.212121507
935658.2416737212 1916193.23759583
935658.2324097464 1916193.2629368342
935658.2230977924 1916193.288146556
935658.2137385668 1916193.3132270316
935658.204332777 1916193.338180298
935658.1948811305 1916193.3630083918
935658.1853843345 1916193.3877133492
935658.1758430968 1916193.4122972074
935658.1662581249 1916193.4367620025
935658.156630126 1916193.4611097716
935658.1469598078 1916193.4853425506
935658.1372478774 1916193.5094623768
935658.1274950427 1916193.5334712865
935658.1177020113 1916193.5573713165
935658.10786949 1916193.5811645032
935658.0979981867 1916193.6048528831
935658.0880888089 1916193.628438493
935658.0781420639 1916193.6519233696
935658.0681586593 1916193.6753095496
935658.0581393024 1916193.698599069
935658.0480847008 1916193.721793965
935658.0379955622 1916193.7448962734
935658.0278725935 1916193.767908032
935658.0177165027 1916193.7908312764
935658.007527997 1916193.813668044
935657.9973077839 1916193.8364203705
935657.987056571 1916193.8590902935
935657.9767750655 1916193.8816798488
935657.9664639751 1916193.9041910735
935657.9561240072 1916193.9266260038
935657.9457558694 1916193.9489866768
935657.9353602688 1916193.9712751287
935657.9249379133 1916193.9934933963
935657.9144895101 1916194.0156435159
935657.9040157668 1916194.0377275245
935657.8935173907 1916194.059747459
935657.8829950894 1916194.0817053546
935657.8724495705 1916194.1036032496
935657.8618815411 1916194.1254431796
935657.8512917091 1916194.1472271816
935657.8406807816 1916194.1689572919
935657.8300494663 1916194.1906355475
935657.8193984706 1916194.2122639844
935657.8087285019 1916194.23384464
935657.7980402678 1916194.2553795504
935657.7873344755 1916194.276870752
935657.776611833 1916194.2983202823
935657.7658730472 1916194.3197301768
935657.7551188258 1916194.3411024727
935657.7443498765 1916194.3624392066
935657.7335669063 1916194.3837424146
935657.7227706232 1916194.4050141345
935657.711961734 1916194.4262564015
935657.7011409467 1916194.4474712533
935657.6903089687 1916194.4686607257
935657.6794665072 1916194.489826856
935657.66861427 1916194.51097168
935657.6577529644 1916194.532097235
935657.646883298 1916194.5532055574
935657.636005978 1916194.5742986836
935657.6251217121 1916194.5953786506
935657.6142312076 1916194.6164474944
935657.6033351722 1916194.6375072524
935657.5924343131 1916194.6585599605
935657.5815293379 1916194.6796076559
935657.5706209542 1916194.7006523744
935657.5597098693 1916194.7216961533
935657.5487967907 1916194.7427410295
935657.5378824258 1916194.7637890384
935657.5269674823 1916194.7848422178
935657.5160526675 1916194.8059026035
935657.5051386887 1916194.8269722327
935657.4942262536 1916194.8480531415
935657.4833160697 1916194.8691473666
935657.4724088444 1916194.890256945
935657.4615052851 1916194.9113839131
935657.4506060993 1916194.9325303074
935657.4397119945 1916194.9536981643
935657.4288236782 1916194.9748895213
935657.4179418578 1916194.9961064137
935657.4070672409 1916195.017350879
935657.3962005348 1916195.0386249535
935657.385342447 1916195.0599306738
935657.374493685 1916195.0812700768
935657.3636549562 1916195.1026451986
935657.3528269684 1916195.1240580764
935657.3420104287 1916195.1455107462
935657.3312060446 1916195.1670052453
935657.3204145236 1916195.1885436096
935657.3096365733 1916195.210127876
935657.2988729011 1916195.2317600814
935657.2881242144 1916195.2534422616
935657.2773912208 1916195.2751764543
935657.2666746277 1916195.2969646952
935657.2559751424 1916195.3188090213
935657.2452934727 1916195.340711469
935657.2346303258 1916195.3626740752
935657.2239864094 1916195.3846988762
935657.2133624307 1916195.4067879089
935657.2027590972 1916195.4289432098
935657.1921771168 1916195.4511668154
935657.1816171963 1916195.4734607625
935657.1710800438 1916195.4958270874
935657.1605663663 1916195.518267827
935657.1500768714 1916195.5407850174
935657.1396122668 1916195.5633806959
935657.1291732596 1916195.5860568988
935657.1187605575 1916195.6088156626
935657.1083748679 1916195.6316590244
935657.0980168985 1916195.6545890197
935657.0876873563 1916195.6776076865
935657.077386949 1916195.7007170601
935657.0671163843 1916195.7239191781
935657.0568763694 1916195.7472160766
935657.0466676118 1916195.7706097923
935657.0364908188 1916195.7941023621
935657.0263466984 1916195.8176958219
935657.0162359576 1916195.8413922093
935657.006159304 1916195.8651935598
935656.9961174452 1916195.8891019106
935656.9861110883 1916195.9131192986
935656.976140941 1916195.9372477597
935656.966207711 1916195.9614893312
935656.9563121054 1916195.9858460492
935656.9464548321 1916196.0103199508
935656.936636598 1916196.034913072
935656.9268581109 1916196.0596274496
935656.9171200782 1916196.0844651202
935656.9074232074 1916196.1094281205
935656.8977682061 1916196.1345184876
935656.8881557814 1916196.159738257
935656.8785866412 1916196.1850894664
935656.8690614927 1916196.2105741515
935656.8595810434 1916196.2361943498
935656.8501460009 1916196.2619520968
935656.8407570723 1916196.2878494302
935656.8314149656 1916196.3138883861
935656.8221203879 1916196.340071001
935656.8128740469 1916196.3663993117
935656.8036766498 1916196.3928753547
935656.7945289041 1916196.4195011668
935656.7854315178 1916196.4462787844
935656.7763851976 1916196.4732102442
935656.7673906514 1916196.5002975825
935656.7584485867 1916196.5275428363
935656.7495597106 1916196.5549480424
935656.7407247311 1916196.5825152367
935656.7319443553 1916196.6102464565
935656.7232192908 1916196.6381437378
935656.7145502449 1916196.6662091177
935656.7059379254 1916196.6944446324
935656.6973830394 1916196.7228523185
935656.6888862946 1916196.7514342135
935656.6804483985 1916196.7801923528
935656.6720700582 1916196.8091287739
935656.6637519817 1916196.8382455127
935656.6554948761 1916196.8675446063
935656.647299449 1916196.897028091
935656.6391664079 1916196.9266980034
935656.63109646 1916196.9565563805
935656.6230903133 1916196.9866052587
935656.6151486748 1916197.0168466745
935656.6072722521 1916197.0472826643
935656.5994617528 1916197.0779152652
935656.5917178841 1916197.1087465135
935656.5840413538 1916197.139778446
935656.5764328691 1916197.1710130991
935656.5688931375 1916197.2024525094
935656.5614228667 1916197.2340987136
935656.5540227417 1916197.265953659
935656.5466929417 1916197.2980172324
935656.5394331382 1916197.3302872626
935656.5322429813 1916197.3627614873
935656.5251221205 1916197.3954376453
935656.518070206 1916197.4283134744
935656.5110868876 1916197.4613867137
935656.5041718149 1916197.494655101
935656.4973246381 1916197.528116375
935656.4905450068 1916197.5617682743
935656.4838325711 1916197.5956085366
935656.4771869804 1916197.6296349007
935656.4706078849 1916197.6638451049
935656.4640949344 1916197.6982368876
935656.4576477789 1916197.7328079876
935656.4512660682 1916197.7675561423
935656.4449494517 1916197.8024790909
935656.4386975799 1916197.8375745711
935656.4325101023 1916197.872840322
935656.4263866687 1916197.9082740815
935656.4203269291 1916197.9438735882
935656.4143305332 1916197.9796365805
935656.4083971311 1916198.0155607965
935656.4025263726 1916198.0516439746
935656.3967179074 1916198.0878838536
935656.3909713854 1916198.1242781715
935656.3852864566 1916198.1608246667
935656.3796627705 1916198.1975210777
935656.3740999773 1916198.2343651429
935656.3685977268 1916198.2713546006
935656.3631556687 1916198.3084871888
935656.3577734531 1916198.3457606465
935656.3524507296 1916198.3831727118
935656.347187148 1916198.4207211235
935656.3419823586 1916198.458403619
935656.3368360107 1916198.4962179374
935656.3317477545 1916198.534161817
935656.3267172397 1916198.572232996
935656.3217441164 1916198.6104292134
935656.316828034 1916198.6487482062
935656.3119686428 1916198.6871877143
935656.3071655924 1916198.7257454752
935656.3024185328 1916198.7644192276
935656.2977271135 1916198.8032067094
935656.2930909849 1916198.84210566
935656.2885097966 1916198.8811138163
935656.2839831982 1916198.9202289179
935656.2795108401 1916198.9594487024
935656.2750923715 1916198.998770909
935656.2707274428 1916199.0381932755
935656.2664157036 1916199.07771354
935656.2621568037 1916199.1173294417
935656.2579503931 1916199.1570387182
935656.2537961217 1916199.1968391084
935656.2496936392 1916199.2367283506
935656.2456425956 1916199.2767041828
935656.2416426404 1916199.3167643438
935656.237693424 1916199.3569065717
935656.2337945958 1916199.3971286048
935656.2299458057 1916199.437428182
935656.2261467038 1916199.4778030412
935656.2223969399 1916199.518250921
935656.2186961637 1916199.5587695595
935656.2150440251 1916199.5993566955
935656.2114401741 1916199.640010067
935656.2078842605 1916199.6807274125
935656.2043759337 1916199.7215064706
935656.2009148442 1916199.7623449792
935656.1975006415 1916199.8032406769
935656.1941329757 1916199.844191302
935656.1908114963 1916199.8851945936
935656.1875358535 1916199.9262482892
935656.184305697 1916199.9673501274
935656.1811206765 1916200.0084978465
935656.1779804421 1916200.049689185
935656.1748846435 1916200.0909218814
935656.1718329308 1916200.1321936739
935656.1688249534 1916200.1735023009
935656.1658603617 1916200.2148455007
935656.162938805 1916200.2562210117
935656.1600599336 1916200.2976265724
935656.157223397 1916200.3390599212
935656.1544288453 1916200.3805187966
935656.1516759283 1916200.4220009365
935656.148964296 1916200.4635040795
935656.1462935978 1916200.5050259642
935656.143663484 1916200.546564329
935656.1410736043 1916200.5881169115
935656.1385236084 1916200.629681451
935656.1360131466 1916200.6712556854
935656.1335418681 1916200.7128373533
935656.1311094232 1916200.754424193
935656.1287154617 1916200.796013943
935656.1263596334 1916200.837604341
935656.1240415882 1916200.8791931262
935656.1217609759 1916200.9207780368
935656.1195174464 1916200.962356811
935656.1173106494 1916201.003927187
935656.1151402348 1916201.0454869035
935656.1130058527 1916201.0870336993
935656.1109071526 1916201.128565312
935656.1088437847 1916201.17007948
935656.1068153986 1916201.2115739419
935656.1048216443 1916201.2530464358
935656.1028621715 1916201.2944947009
935656.1009366302 1916201.3359164747
935656.09904467 1916201.377309496
935656.0971859411 1916201.4186715032
935656.0953600933 1916201.4600002344
935656.0935667763 1916201.501293428
935656.0918056398 1916201.542548823
935656.0900763341 1916201.5837641568
935656.0883785086 1916201.6249371683
935656.0867118136 1916201.666065596
935656.0850758983 1916201.7071471782
935656.0834704133 1916201.7481796532
935656.0818950081 1916201.7891607592
935656.0803493325 1916201.8300882345
935656.0788330365 1916201.8709598181
935656.0773457697 1916201.9117732479
935656.0758871824 1916201.9525262625
935656.0744569238 1916201.9932165998
935656.0730546444 1916202.0338419985
935656.0716799938 1916202.0744001972
935656.0703326217 1916202.1148889342
935656.0690121782 1916202.1553059476
935656.0677183128 1916202.195648976
935656.066450676 1916202.2359157575
935656.065208917 1916202.2761040307
935656.063992686 1916202.316211534
935656.0628016326 1916202.3562360054
935656.0616354069 1916202.3961751843
935656.0604936586 1916202.4360268079
935656.0593760378 1916202.4757886152
935656.0582821938 1916202.5154583442
935656.0572117771 1916202.5550337336
935656.0561644372 1916202.5945125218
935656.055139824 1916202.6338924468
935656.0541375875 1916202.6731712474
935656.0531573772 1916202.7123466618
935656.0521988434 1916202.7514164282
935656.0512616356 1916202.7903782856
935656.0503454038 1916202.8292299716
935656.049449798 1916202.8679692247
935656.0485744677 1916202.9065937838
935656.0477190629 1916202.9451013866
935656.0468832336 1916202.9834897723
935656.0460666295 1916203.0217566784
935656.0452689006 1916203.0598998438
935656.0444896966 1916203.0979170066
935656.0437286673 1916203.1358059058
935656.0429854628 1916203.1735642788
935656.0422597327 1916203.211189865
935656.0415511271 1916203.2486804016
935656.0408592958 1916203.286033628
935656.0401838883 1916203.323247282
935656.0395245547 1916203.3603191026
935656.038880945 1916203.3972468271
935656.038252709 1916203.4340281952
935656.0376394963 1916203.4706609442
935656.0370409571 1916203.5071428132
935656.0364567409 1916203.5434715399
935656.0358864979 1916203.5796448633
935656.0353298777 1916203.6156605212
935656.0347865303 1916203.6515162527
935656.0342561055 1916203.6872097955
935656.0337382533 1916203.7227388883
935656.0332326231 1916203.7581012694
935656.0327388652 1916203.7932946773
935656.0322566293 1916203.82831685
935656.0317855652 1916203.8631655262
935656.0313253228 1916203.8978384442
935656.0308755521 1916203.9323333427
935656.0304359025 1916203.9666479593
935656.0300060245 1916204.0007800332
935656.0295855675 1916204.034727302
935656.0291741815 1916204.068487505
935656.0287715163 1916204.1020583794
935656.0283772219 1916204.135437665
935656.0279909478 1916204.1686230989
935656.0276123442 1916204.2016124201
935656.0272410609 1916204.2344033672
935656.0268767476 1916204.2669936782
935656.0265190543 1916204.299381091
935656.0261676307 1916204.3315633447
935656.0258221269 1916204.3635381777
935656.0254821925 1916204.395303328
935656.0251474775 1916204.426856534
935656.0248176316 1916204.4581955343
935656.0244923049 1916204.489318067
935656.0241711469 1916204.520221871
935656.023853808 1916204.5509046842
935656.0235399376 1916204.581364245
935656.0232291855 1916204.611598292
935656.0229212018 1916204.6416045632
935656.0226156362 1916204.6713807974
935656.0223121387 1916204.7009247327
935656.0220103591 1916204.7302341075
935656.0217099473 1916204.7593066604
935656.0214105529 1916204.7881401295
935656.0211118261 1916204.8167322536
935656.0208134165 1916204.8450807706
935656.020514974 1916204.873183419
935656.0202161486 1916204.9010379373
935656.0199165901 1916204.9286420639
935656.0196159481 1916204.9559935369
935656.0193138728 1916204.9830900948
935656.0190100138 1916205.009929476
935656.0187040211 1916205.036509419
935656.0183955446 1916205.062827662
935656.0180842339 1916205.0888819436
935656.0177697391 1916205.1146700024
935656.01745171 1916205.1401895755
935656.0171297964 1916205.165438403
935656.0168036482 1916205.190414222
935656.0164729151 1916205.2151147714
935656.0161372473 1916205.2395377897
935656.0157962943 1916205.263681015
935656.0154497061 1916205.2875421855
935656.0150971325 1916205.3111190402
935656.0147382234 1916205.3344093168
935656.0143726286 1916205.357410754
935656.0139999981 1916205.3801210904
935656.0136199816 1916205.402538064
935656.0132322289 1916205.4246594133
935656.0128363901 1916205.4464828768
935656.0124321148 1916205.4680061925
935656.0120190531 1916205.489227099
935656.0115968547 1916205.510143335
935656.0111651693 1916205.5307526388
935656.010723647 1916205.551052748
935656.0102719375 1916205.571041402
935656.0098096909 1916205.5907163383
935656.0093365567 1916205.6100752961
935656.0088521849 1916205.629116013
935656.0083562256 1916205.647836228
935656.0078483281 1916205.666233679
935656.0073281429 1916205.6843061047
935656.0067953194 1916205.7020512435
935656.0062495074 1916205.7194668334
935656.0056903573 1916205.736550613
935656.0051175185 1916205.753300321
935656.0045306409 1916205.7697136952
935656.0039293744 1916205.7857884744
935656.0033133688 1916205.8015223967
935656.002682274 1916205.8169132008
935656.0020357398 1916205.8319586248
935656.0013734163 1916205.846656407
935656.000694953 1916205.861004286
935656.0 1916205.875
935655.9875100906 1916206.0669107295
935655.9750150957 1916206.2584135057
935655.9625151278 1916206.4495089117
935655.9500102998 1916206.6401975285
935655.9375007242 1916206.8304799385
935655.9249865141 1916207.0203567236
935655.9124677819 1916207.2098284655
935655.8999446406 1916207.3988957456
935655.8874172028 1916207.5875591468
935655.8748855812 1916207.7758192504
935655.8623498887 1916207.9636766382
935655.8498102379 1916208.1511318928
935655.8372667416 1916208.3381855953
935655.8247195125 1916208.524838328
935655.8121686634 1916208.711090672
935655.7996143071 1916208.8969432109
935655.7870565562 1916209.0823965252
935655.7744955235 1916209.267451197
935655.7619313217 1916209.4521078086
935655.7493640636 1916209.6363669415
935655.7367938621 1916209.820229178
935655.7242208294 1916210.0036950996
935655.711645079 1916210.1867652885
935655.6990667229 1916210.3694403262
935655.6864858742 1916210.5517207952
935655.6739026458 1916210.7336072768
935655.6613171502 1916210.9151003533
935655.6487295004 1916211.0962006063
935655.6361398087 1916211.2769086182
935655.6235481881 1916211.4572249702
935655.6109547514 1916211.6371502446
935655.5983596112 1916211.8166850233
935655.5857628804 1916211.9958298882
935655.5731646715 1916212.1745854209
935655.5605650976 1916212.352952204
935655.547964271 1916212.5309308185
935655.5353623049 1916212.7085218467
935655.5227593118 1916212.8857258707
935655.5101554043 1916213.0625434723
935655.4975506954 1916213.238975233
935655.4849452977 1916213.4150217352
935655.4723393241 1916213.5906835608
935655.4597328871 1916213.7659612913
935655.4471260995 1916213.9408555087
935655.4345190743 1916214.115366795
935655.4219119238 1916214.2894957322
935655.4093047612 1916214.4632429022
935655.3966976987 1916214.6366088865
935655.3840908498 1916214.8095942673
935655.3714843265 1916214.982199627
935655.3588782419 1916215.1544255465
935655.3462727087 1916215.3262726082
935655.3336678398 1916215.497741394
935655.3210637476 1916215.668832486
935655.3084605449 1916215.8395464655
935655.2958583446 1916216.009883915
935655.2832572595 1916216.1798454162
935655.2706574022 1916216.3494315508
935655.2580588856 1916216.518642901
935655.2454618221 1916216.6874800485
935655.2328663248 1916216.8559435753
935655.2202725062 1916217.024034063
935655.207680479 1916217.1917520938
935655.1950903564 1916217.3590982498
935655.1825022505 1916217.5260731122
935655.1699162747 1916217.6926772639
935655.1573325411 1916217.8589112859
935655.1447511629 1916218.0247757602
935655.1321722526 1916218.1902712693
935655.119595923 1916218.3553983946
935655.1070222871 1916218.5201577176
935655.0944514571 1916218.6845498213
935655.0818835462 1916218.8485752873
935655.0693186669 1916219.0122346967
935655.056756932 1916219.1755286318
935655.0441984545 1916219.338457675
935655.0316433467 1916219.5010224073
935655.0190917216 1916219.6632234114
935655.006543692 1916219.8250612689
935654.9939993704 1916219.9865365617
935654.9814588695 1916220.1476498714
935654.9689223025 1916220.3084017807
935654.9563897817 1916220.4687928704
935654.94386142 1916220.6288237232
935654.9313373303 1916220.7884949208
935654.918817625 1916220.9478070452
935654.906302417 1916221.1067606779
935654.8937918192 1916221.2653564012
935654.881285944 1916221.4235947968
935654.8687849046 1916221.5814764465
935654.8562888132 1916221.7390019326
935654.843797783 1916221.8961718369
935654.8313119266 1916222.0529867408
935654.8188313566 1916222.2094472265
935654.8063561858 1916222.3655538764
935654.7938865271 1916222.5213072712
935654.781422493 1916222.6767079942
935654.7689641964 1916222.8317566263
935654.75651175 1916222.9864537495
935654.7440652666 1916223.1407999464
935654.7316248589 1916223.2947957984
935654.7191906397 1916223.4484418868
935654.7067627215 1916223.6017387947
935654.6943412173 1916223.7546871032
935654.6819262396 1916223.9072873946
935654.6695179014 1916224.0595402503
935654.6571163154 1916224.2114462527
935654.6447215942 1916224.3630059834
935654.6323338507 1916224.5142200242
935654.6199531975 1916224.6650889576
935654.6075797473 1916224.815613365
935654.5952136131 1916224.965793828
935654.5828549074 1916225.1156309291
935654.570503743 1916225.26512525
935654.5581602326 1916225.4142773724
935654.5458244892 1916225.5630878787
935654.5334966251 1916225.7115573504
935654.5211767534 1916225.859686369
935654.5088649868 1916226.0074755175
935654.4965614378 1916226.1549253766
935654.4842662195 1916226.302036529
935654.4719794443 1916226.4488095567
935654.4597012252 1916226.5952450407
935654.4474316747 1916226.7413435637
935654.4351709057 1916226.887105707
935654.4229190309 1916227.0325320533
935654.4106761629 1916227.177623184
935654.3984424149 1916227.3223796804
935654.3862178992 1916227.4668021258
935654.3740027285 1916227.610891101
935654.3617970161 1916227.7546471881
935654.349600874 1916227.8980709692
935654.3374144154 1916228.0411630261
935654.325237753 1916228.1839239406
935654.3130709996 1916228.3263542948
935654.3009142674 1916228.4684546709
935654.2887676698 1916228.6102256496
935654.2766313193 1916228.7516678143
935654.2645053286 1916228.8927817459
935654.2523898107 1916229.0335680265
935654.2402848778 1916229.1740272383
935654.228190643 1916229.3141599628
935654.2161072192 1916229.4539667822
935654.2040347189 1916229.593448278
935654.1919732549 1916229.7326050326
935654.1799229399 1916229.8714376276
935654.1678838866 1916230.0099466452
935654.1558562077 1916230.1481326667
935654.1438400161 1916230.2859962748
935654.1318354247 1916230.4235380504
935654.1198425458 1916230.5607585763
935654.1078614926 1916230.697658434
935654.0958923773 1916230.8342382056
935654.0839353132 1916230.9704984727
935654.0719904127 1916231.1064398172
935654.0600577885 1916231.242062821
935654.0481375539 1916231.3773680665
935654.0362298208 1916231.5123561353
935654.0243347024 1916231.647027609
935654.0124523116 1916231.7813830695
935654.0005827608 1916231.9154230992
935653.9887261629 1916232.0491482797
935653.9768826306 1916232.182559193
935653.9650522767 1916232.3156564208
935653.9532352139 1916232.4484405448
935653.941431555 1916232.5809121479
935653.9296414125 1916232.7130718105
935653.9178648993 1916232.8449201158
935653.9061021284 1916232.9764576452
935653.8943532122 1916233.1076849806
935653.8826182635 1916233.238602704
935653.8708973952 1916233.3692113967
935653.8591907198 1916233.4995116415
935653.8474983502 1916233.6295040194
935653.8358203991 1916233.759189113
935653.8241569794 1916233.888567504
935653.8125082034 1916234.0176397746
935653.8008741844 1916234.146406506
935653.7892550348 1916234.2748682804
935653.7776508674 1916234.40302568
935653.7660617948 1916234.5308792864
935653.7544879301 1916234.6584296816
935653.7429293859 1916234.785677447
935653.7313862747 1916234.9126231654
935653.7198587094 1916235.039267418
935653.7083468027 1916235.1656107872
935653.6968506677 1916235.2916538545
935653.6853704166 1916235.4173972018
935653.6739061624 1916235.5428414114
935653.6624580179 1916235.6679870647
935653.6510260957 1916235.7928347439
935653.6396105086 1916235.9173850305
935653.6282113694 1916236.0416385073
935653.6168287909 1916236.1655957552
935653.6054628855 1916236.2892573567
935653.5941137662 1916236.4126238935
935653.5827815458 1916236.5356959475
935653.571466337 1916236.6584741005
935653.5601682523 1916236.7809589347
935653.5488874047 1916236.9031510311
935653.537623907 1916237.025050973
935653.5263778716 1916237.1466593416
935653.5151494115 1916237.2679767185
935653.5039386395 1916237.389003686
935653.4927456682 1916237.5097408257
935653.4815706104 1916237.6301887198
935653.4704135787 1916237.75034795
935653.4592746859 1916237.8702190986
935653.4481540452 1916237.9898027466
935653.4370517685 1916238.1090994768
935653.4259679691 1916238.2281098706
935653.4149027597 1916238.3468345103
935653.403856253 1916238.4652739773
935653.3928285615 1916238.583428854
935653.3818197983 1916238.7012997218
935653.370830076 1916238.8188871632
935653.3598595073 1916238.9361917593
935653.3489082049 1916239.0532140923
935653.3379762816 1916239.1699547449
935653.3270638502 1916239.2864142978
935653.3161710234 1916239.4025933335
935653.3052979138 1916239.518492434
935653.2944446346 1916239.634112181
935653.283611298 1916239.7494531563
935653.2727980168 1916239.8645159418
935653.262004904 1916239.9793011197
935653.2512320724 1916240.0938092717
935653.2404796343 1916240.2080409795
935653.2297477028 1916240.3219968253
935653.2190363905 1916240.435677391
935653.2083458104 1916240.5490832583
935653.1976760749 1916240.6622150093
935653.187027297 1916240.7750732258
935653.1763995893 1916240.8876584896
935653.1657930644 1916240.9999713823
935653.1552078353 1916241.1120124867
935653.1446440145 1916241.2237823838
935653.134101715 1916241.3352816561
935653.1235810496 1916241.4465108851
935653.1130821307 1916241.5574706532
935653.102605071 1916241.668161542
935653.0921499837 1916241.778584133
935653.0817169813 1916241.8887390085
935653.0713061764 1916241.9986267502
935653.060917682 1916242.1082479402
935653.0505516105 1916242.2176031605
935653.0402080751 1916242.3266929928
935653.029887188 1916242.4355180191
935653.0195890625 1916242.544078821
935653.009313811 1916242.652375981
935652.9990615463 1916242.7604100804
935652.9888323811 1916242.8681817015
935652.9786264283 1916242.9756914256
935652.9684438005 1916243.0829398353
935652.9582846103 1916243.189927512
935652.9481489708 1916243.2966550381
935652.9380369945 1916243.4031229953
935652.9279487941 1916243.5093319654
935652.9178844825 1916243.61528253
935652.9078441726 1916243.7209752714
935652.8978279767 1916243.8264107713
935652.8878360079 1916243.9315896116
935652.8778683787 1916244.0365123744
935652.8679252019 1916244.1411796417
935652.8580065903 1916244.245591995
935652.8481126566 1916244.3497500164
935652.8382435137 1916244.4536542878
935652.8283992741 1916244.5573053912
935652.8185800507 1916244.660703908
935652.8087859561 1916244.7638504207
935652.7990171034 1916244.8667455108
935652.7892736048 1916244.9693897604
935652.7795555732 1916245.0717837515
935652.7698631218 1916245.173928066
935652.7601963627 1916245.2758232853
935652.7505554091 1916245.3774699918
935652.7409403735 1916245.4788687674
935652.7313513688 1916245.5800201935
935652.7217885077 1916245.6809248524
935652.7122519026 1916245.781583326
935652.7027416667 1916245.881996196
935652.6932579128 1916245.9821640446
935652.6838007531 1916246.0820874537
935652.6743703007 1916246.1817670048
935652.6649666686 1916246.28120328
935652.655589969 1916246.3803968614
935652.6462403149 1916246.4793483305
935652.6369178189 1916246.578058269
935652.6276225941 1916246.6765272596
935652.6183547529 1916246.774755884
935652.6091144081 1916246.872744724
935652.5999016727 1916246.970494361
935652.590716659 1916247.0680053772
935652.5815594799 1916247.165278355
935652.5724302484 1916247.2623138756
935652.5633290771 1916247.3591125212
935652.5542560784 1916247.4556748734
935652.5452113657 1916247.552001515
935652.536195051 1916247.6480930268
935652.5272072477 1916247.7439499914
935652.518248068 1916247.8395729905
935652.5093176252 1916247.9349626056
935652.5004160316 1916248.0301194193
935652.4915434001 1916248.125044013
935652.4826998432 1916248.2197369686
935652.4738854741 1916248.3141988686
935652.4651004053 1916248.4084302941
935652.4563447494 1916248.5024318274
935652.4476186193 1916248.5962040504
935652.4389221278 1916248.6897475447
935652.4302553877 1916248.7830628927
935652.4216185113 1916248.876150676
935652.4130116118 1916248.9690114765
935652.4044348019 1916249.061645876
935652.395888194 1916249.1540544564
935652.3873719011 1916249.2462378002
935652.378886036 1916249.3381964883
935652.3704307113 1916249.4299311035
935652.3620060398 1916249.521442227
935652.3536121342 1916249.6127304414
935652.3452491073 1916249.7037963276
935652.3369170718 1916249.7946404684
935652.3286161405 1916249.8852634453
935652.320346426 1916249.9756658406
935652.3121080413 1916250.0658482357
935652.3039010989 1916250.1558112125
935652.2957257115 1916250.2455553534
935652.287581992 1916250.3350812397
935652.2794700533 1916250.4243894536
935652.2713900077 1916250.5134805772
935652.2633419682 1916250.602355192
935652.2553260475 1916250.6910138798
935652.2473423585 1916250.779457223
935652.2393910139 1916250.8676858034
935652.231472126 1916250.9557002026
935652.2235858082 1916251.0435010025
935652.2157321727 1916251.1310887856
935652.2079113326 1916251.2184641326
935652.2001234004 1916251.3056276268
935652.192368489 1916251.3925798493
935652.1846467111 1916251.479321382
935652.1769581793 1916251.5658528071
935652.1693030067 1916251.6521747063
935652.1616813056 1916251.7382876612
935652.1540931893 1916251.8241922543
935652.1465387698 1916251.909889067
935652.1390181603 1916251.9953786817
935652.1315314736 1916252.08066168
935652.1240788222 1916252.1657386434
935652.1166603192 1916252.2506101546
935652.1092760768 1916252.335276795
935652.1019262081 1916252.4197391465
935652.0946108259 1916252.5039977913
935652.0873300426 1916252.588053311
935652.0800839714 1916252.6719062873
935652.0728727246 1916252.7555573026
935652.0656964154 1916252.8390069387
935652.0585551561 1916252.9222557773
935652.0514490595 1916253.0053044003
935652.0443782386 1916253.0881533895
935652.0373428061 1916253.1708033273
935652.0303428746 1916253.2532547952
935652.0233785567 1916253.335508375
935652.0164499655 1916253.417564649
935652.0095572135 1916253.4994241989
935652.0027004135 1916253.581087606
935651.9958796784 1916253.6625554531
935651.9890951206 1916253.7438283218
935651.9823468531 1916253.824906794
935651.9756349886 1916253.9057914515
935651.9689596399 1916253.9864828757
935651.9623209195 1916254.0669816497
935651.9557189402 1916254.1472883546
935651.9491538152 1916254.2274035723
935651.9426256565 1916254.3073278847
935651.9361345774 1916254.3870618741
935651.9296806905 1916254.4666061217
935651.9232641084 1916254.5459612105
935651.916884944 1916254.6251277209
935651.9105433098 1916254.7041062363
935651.904239319 1916254.7828973376
935651.8979730838 1916254.8615016069
935651.8917447174 1916254.9399196263
935651.8855543323 1916255.0181519776
935651.8794020412 1916255.0961992424
935651.873287957 1916255.1740620031
935651.8672121923 1916255.251740842
935651.8611748599 1916255.3292363395
935651.8551760727 1916255.4065490786
935651.8492159431 1916255.483679641
935651.8432945842 1916255.5606286086
935651.8374121083 1916255.6373965635
935651.8315686288 1916255.7139840869
935651.8257642577 1916255.7903917616
935651.8199991083 1916255.8666201688
935651.814273293 1916255.9426698906
935651.8085869248 1916256.018541509
935651.8029401163 1916256.094235606
935651.7973329802 1916256.1697527631
935651.7917656293 1916256.2450935629
935651.7862381763 1916256.3202585862
935651.780750734 1916256.395248416
935651.7753034151 1916256.4700636335
935651.7698963324 1916256.544704821
935651.7645295986 1916256.61917256
935651.7592033264 1916256.6934674329
935651.7539176288 1916256.767590021
935651.7486726181 1916256.8415409068
935651.7434684074 1916256.9153206716
935651.7383051091 1916256.9889298978
935651.7331828363 1916257.0623691673
935651.7281017016 1916257.1356390612
935651.7230618176 1916257.2087401624
935651.7180632972 1916257.2816730526
935651.7131062532 1916257.354438313
935651.7081907983 1916257.4270365266
935651.7033170451 1916257.4994682744
935651.6984851062 1916257.5717341383
935651.693695095 1916257.6438347008
935651.6889471236 1916257.715770543
935651.684241305 1916257.7875422477
935651.6795777518 1916257.8591503962
935651.6749565769 1916257.9305955707
935651.6703778929 1916258.0018783528
935651.6658418127 1916258.0729993249
935651.661348449 1916258.1439590682
935651.6568979144 1916258.2147581652
935651.6524903218 1916258.2853971976
935651.6481257839 1916258.3558767468
935651.6438044133 1916258.4261973954
935651.6395263231 1916258.496359725
935651.6352916255 1916258.5663643177
935651.6311004338 1916258.6362117552
935651.6269528604 1916258.705902619
935651.6228490181 1916258.775437492
935651.6187890196 1916258.8448169553
935651.6147729778 1916258.9140415909
935651.6108010053 1916258.9831119808
935651.606873215 1916259.0520287072
935651.6029897194 1916259.1207923514
935651.5991506313 1916259.1894034958
935651.5953560638 1916259.2578627218
935651.5916061291 1916259.3261706121
935651.5879009402 1916259.3943277479
935651.5842406101 1916259.4623347109
935651.580625251 1916259.530192084
935651.577054976 1916259.5979004481
935651.5735298978 1916259.6654603854
935651.5700501291 1916259.732872478
935651.5666157824 1916259.8001373077
935651.5632269708 1916259.8672554563
935651.5598838072 1916259.934227506
935651.5565864037 1916260.0010540383
935651.5533348738 1916260.0677356352
935651.5501293294 1916260.1342728788
935651.5469698838 1916260.2006663508
935651.5438566498 1916260.2669166331
935651.5407897398 1916260.3330243079
935651.5377692669 1916260.3989899566
935651.5347953435 1916260.4648141614
935651.5318680825 1916260.5304975042
935651.5289875966 1916260.5960405667
935651.5261539986 1916260.661443931
935651.5233674012 1916260.7267081786
935651.5206279171 1916260.7918338925
935651.5179356593 1916260.8568216532
935651.5152907402 1916260.9216720434
935651.5126932726 1916260.9863856446
935651.5101433694 1916261.0509630393
935651.5076411432 1916261.115404809
935651.5051867068 1916261.1797115353
935651.5027801729 1916261.2438838007
935651.5004216544 1916261.3079221863
935651.4981112638 1916261.371827275
935651.4958491141 1916261.435599648
935651.4936353178 1916261.4992398873
935651.4914699877 1916261.5627485751
935651.4893532367 1916261.6261262929
935651.4872851772 1916261.6893736229
935651.4852659224 1916261.752491147
935651.4832955847 1916261.8154794467
935651.481374277 1916261.8783391041
935651.479502112 1916261.9410707015
935651.4776792023 1916262.0036748205
935651.475905661 1916262.0661520427
935651.4741816004 1916262.12850295
935651.4725071335 1916262.1907281252
935651.4708823729 1916262.2528281494
935651.4693074315 1916262.314803604
935651.4677824221 1916262.3766550722
935651.4663074572 1916262.4383831352
935651.4648826497 1916262.4999883748
935651.4635081121 1916262.5614713733
935651.4621839576 1916262.6228327118
935651.4609102986 1916262.684072973
935651.4596872479 1916262.7451927387
935651.4585149182 1916262.8061925902
