935657.703096 1916205.58111
935657.6995229645 1916205.5875788052
935657.6959499291 1916205.5940476102
935657.6923768936 1916205.6005164154
935657.6888038581 1916205.6069852207
935657.6852308227 1916205.613454026
935657.6816577872 1916205.619922831
935657.6780847518 1916205.6263916362
935657.6745117164 1916205.6328604415
935657.6709386809 1916205.6393292467
935657.6673656454 1916205.6457980517
935657.6637926099 1916205.652266857
935657.6602195745 1916205.6587356622
935657.656646539 1916205.6652044675
935657.6530735035 1916205.6716732725
935657.649500468 1916205.6781420778
935657.6459274326 1916205.684610883
935657.6423543971 1916205.6910796883
935657.6387813616 1916205.6975484933
935657.6352083262 1916205.7040172985
935657.6316352908 1916205.7104861038
935657.6280622553 1916205.7169549088
935657.6244892199 1916205.723423714
935657.6209161844 1916205.7298925193
935657.6173431489 1916205.7363613246
935657.6137701134 1916205.7428301296
935657.610197078 1916205.7492989348
935657.6066240425 1916205.75576774
935657.603051007 1916205.7622365453
935657.5994779716 1916205.7687053503
935657.5959049361 1916205.7751741556
935657.5923319006 1916205.7816429609
935657.5887588653 1916205.788111766
935657.5851858298 1916205.7945805711
935657.5816127943 1916205.8010493764
935657.5780397588 1916205.8075181816
935657.5744667234 1916205.8139869869
935657.5708936879 1916205.820455792
935657.5673206524 1916205.8269245971
935657.563747617 1916205.8333934024
935657.5601745815 1916205.8398622074
935657.556601546 1916205.8463310127
935657.5530285105 1916205.852799818
935657.5494554751 1916205.8592686232
935657.5458824396 1916205.8657374282
935657.5423094042 1916205.8722062334
935657.5387363688 1916205.8786750387
935657.5351633333 1916205.885143844
935657.5315902978 1916205.891612649
935657.5280172623 1916205.8980814542
935657.5244442269 1916205.9045502595
935657.5208711914 1916205.9110190647
935657.5172981559 1916205.9174878697
935657.5137251205 1916205.923956675
935657.510152085 1916205.9304254802
935657.5065790495 1916205.9368942855
935657.503006014 1916205.9433630905
935657.4994329786 1916205.9498318958
935657.4958599432 1916205.956300701
935657.4922869077 1916205.9627695063
935657.4887138723 1916205.9692383113
935657.4851408368 1916205.9757071165
935657.4815678013 1916205.9821759218
935657.4779947659 1916205.9886447268
935657.4744217304 1916205.995113532
935657.4708486949 1916206.0015823373
935657.4672756594 1916206.0080511426
935657.463702624 1916206.0145199476
935657.4601295885 1916206.0209887528
935657.456556553 1916206.027457558
935657.4529835175 1916206.0339263633
935657.4494104822 1916206.0403951684
935657.4458374467 1916206.0468639736
935657.4422644112 1916206.0533327789
935657.4386913758 1916206.059801584
935657.4351183403 1916206.0662703891
935657.4315453048 1916206.0727391944
935657.4279722694 1916206.0792079996
935657.4243992339 1916206.0856768049
935657.4208261984 1916206.09214561
935657.417253163 1916206.0986144152
935657.4136801275 1916206.1050832204
935657.410107092 1916206.1115520254
935657.4065340565 1916206.1180208307
935657.4029610212 1916206.124489636
935657.3993879857 1916206.1309584412
935657.3958149502 1916206.1374272462
935657.3922419148 1916206.1438960514
935657.3886688793 1916206.1503648567
935657.3850958438 1916206.156833662
935657.3815228083 1916206.163302467
935657.3779497729 1916206.1697712722
935657.3743767374 1916206.1762400775
935657.3708037019 1916206.1827088827
935657.3672306665 1916206.1891776877
935657.363657631 1916206.195646493
935657.3600845956 1916206.2021152982
935657.3565115602 1916206.2085841035
935657.3529385247 1916206.2150529085
935657.3493654892 1916206.2215217138
935657.3457924537 1916206.227990519
935657.3422194183 1916206.234459324
935657.3386463828 1916206.2409281293
935657.3350733473 1916206.2473969345
935657.3315003118 1916206.2538657398
935657.3279272764 1916206.2603345448
935657.3243542409 1916206.26680335
935657.3207812054 1916206.2732721553
935657.31720817 1916206.2797409606
935657.3136351346 1916206.2862097656
935657.3100620991 1916206.2926785708
935657.3064890637 1916206.299147376
935657.3029160282 1916206.3056161813
935657.2993429927 1916206.3120849864
935657.2957699572 1916206.3185537916
935657.2921969218 1916206.3250225969
935657.2886238863 1916206.3314914021
935657.2850508508 1916206.3379602071
935657.2814778154 1916206.3444290124
935657.2779047799 1916206.3508978176
935657.2743317444 1916206.3573666227
935657.2707587089 1916206.363835428
935657.2671856736 1916206.3703042332
935657.2636126381 1916206.3767730384
935657.2600396026 1916206.3832418434
935657.2564665672 1916206.3897106487
935657.2528935317 1916206.396179454
935657.2493204962 1916206.4026482592
935657.2457474608 1916206.4091170642
935657.2421744253 1916206.4155858695
935657.2386013898 1916206.4220546747
935657.2350283543 1916206.42852348
935657.2314553189 1916206.434992285
935657.2278822834 1916206.4414610902
935657.2243092479 1916206.4479298955
935657.2207362126 1916206.4543987007
935657.2171631771 1916206.4608675058
935657.2135901416 1916206.467336311
935657.2100171061 1916206.4738051163
935657.2064440707 1916206.4802739215
935657.2028710352 1916206.4867427265
935657.1992979997 1916206.4932115318
935657.1957249643 1916206.499680337
935657.1921519288 1916206.506149142
935657.1885788933 1916206.5126179473
935657.1850058578 1916206.5190867526
935657.1814328224 1916206.5255555578
935657.1778597869 1916206.5320243628
935657.1742867515 1916206.538493168
935657.1707137161 1916206.5449619733
935657.1671406806 1916206.5514307786
935657.1635676451 1916206.5578995836
935657.1599946097 1916206.5643683888
935657.1564215742 1916206.570837194
935657.1528485387 1916206.5773059994
935657.1492755032 1916206.5837748044
935657.1457024678 1916206.5902436096
935657.1421294323 1916206.5967124149
935657.1385563968 1916206.6031812201
935657.1349833613 1916206.6096500251
935657.131410326 1916206.6161188304
935657.1278372905 1916206.6225876356
935657.124264255 1916206.6290564407
935657.1206912196 1916206.635525246
935657.1171181841 1916206.6419940512
935657.1135451486 1916206.6484628564
935657.1099721132 1916206.6549316614
935657.1063990777 1916206.6614004667
935657.1028260422 1916206.667869272
935657.0992530067 1916206.6743380772
935657.0956799713 1916206.6808068822
935657.0921069358 1916206.6872756875
935657.0885339003 1916206.6937444927
935657.084960865 1916206.700213298
935657.0813878295 1916206.706682103
935657.077814794 1916206.7131509082
935657.0742417586 1916206.7196197135
935657.0706687231 1916206.7260885187
935657.0670956876 1916206.7325573238
935657.0635226521 1916206.739026129
935657.0599496167 1916206.7454949343
935657.0563765812 1916206.7519637393
935657.0528035457 1916206.7584325445
935657.0492305103 1916206.7649013498
935657.0456574748 1916206.771370155
935657.0420844393 1916206.77783896
935657.038511404 1916206.7843077653
935657.0349383685 1916206.7907765706
935657.031365333 1916206.7972453758
935657.0277922975 1916206.8037141808
935657.0242192621 1916206.810182986
935657.0206462266 1916206.8166517913
935657.0170731911 1916206.8231205966
935657.0135001556 1916206.8295894016
935657.0099271202 1916206.8360582069
935657.0063540847 1916206.842527012
935657.0027810492 1916206.8489958174
935656.9992080138 1916206.8554646224
935656.9956349783 1916206.8619334276
935656.9920619429 1916206.8684022329
935656.9884889075 1916206.874871038
935656.984915872 1916206.8813398432
935656.9813428365 1916206.8878086484
935656.977769801 1916206.8942774537
935656.9741967656 1916206.9007462587
935656.9706237301 1916206.907215064
935656.9670506946 1916206.9136838692
935656.9634776592 1916206.9201526744
935656.9599046237 1916206.9266214794
935656.9563315882 1916206.9330902847
935656.9527585527 1916206.93955909
935656.9491855173 1916206.9460278952
935656.9456124819 1916206.9524967002
935656.9420394464 1916206.9589655055
935656.938466411 1916206.9654343107
935656.9348933755 1916206.971903116
935656.93132034 1916206.978371921
935656.9277473046 1916206.9848407262
935656.9241742691 1916206.9913095315
935656.9206012336 1916206.9977783368
935656.9170281981 1916207.0042471418
935656.9134551627 1916207.010715947
935656.9098821272 1916207.0171847523
935656.9063090917 1916207.0236535573
935656.9027360564 1916207.0301223625
935656.8991630209 1916207.0365911678
935656.8955899854 1916207.043059973
935656.89201695 1916207.049528778
935656.8884439145 1916207.0559975833
935656.884870879 1916207.0624663886
935656.8812978435 1916207.0689351938
935656.8777248081 1916207.0754039988
935656.8741517726 1916207.081872804
935656.8705787371 1916207.0883416093
935656.8670057016 1916207.0948104146
935656.8634326662 1916207.1012792196
935656.8598596307 1916207.1077480249
935656.8562865953 1916207.11421683
935656.8527135599 1916207.1206856354
935656.8491405244 1916207.1271544404
935656.8455674889 1916207.1336232456
935656.8419944535 1916207.140092051
935656.838421418 1916207.146560856
935656.8348483825 1916207.1530296612
935656.831275347 1916207.1594984664
935656.8277023116 1916207.1659672717
935656.8241292761 1916207.1724360767
935656.8205562406 1916207.178904882
935656.8169832051 1916207.1853736872
935656.8134101697 1916207.1918424924
935656.8098371343 1916207.1983112975
935656.8062640989 1916207.2047801027
935656.8026910634 1916207.211248908
935656.7991180279 1916207.2177177132
935656.7955449924 1916207.2241865182
935656.791971957 1916207.2306553235
935656.7883989215 1916207.2371241287
935656.784825886 1916207.243592934
935656.7812528505 1916207.250061739
935656.7776798151 1916207.2565305443
935656.7741067796 1916207.2629993495
935656.7705337441 1916207.2694681545
935656.7669607087 1916207.2759369598
935656.7633876733 1916207.282405765
935656.7598146378 1916207.2888745703
935656.7562416024 1916207.2953433753
935656.7526685669 1916207.3018121806
935656.7490955314 1916207.3082809858
935656.7455224959 1916207.314749791
935656.7419494605 1916207.321218596
935656.738376425 1916207.3276874013
935656.7348033895 1916207.3341562066
935656.731230354 1916207.3406250118
935656.7276573186 1916207.3470938168
935656.7240842831 1916207.353562622
935656.7205112476 1916207.3600314273
935656.7169382123 1916207.3665002326
935656.7133651768 1916207.3729690376
935656.7097921413 1916207.3794378429
935656.7062191059 1916207.3859066481
935656.7026460704 1916207.3923754531
935656.6990730349 1916207.3988442584
935656.6954999994 1916207.4053130636
935656.691926964 1916207.411781869
935656.6883539285 1916207.418250674
935656.684780893 1916207.4247194792
935656.6812078576 1916207.4311882844
935656.6776348221 1916207.4376570897
935656.6740617867 1916207.4441258947
935656.6704887513 1916207.4505947
935656.6669157158 1916207.4570635052
935656.6633426803 1916207.4635323104
935656.6597696448 1916207.4700011155
935656.6561966094 1916207.4764699207
935656.6526235739 1916207.482938726
935656.6490505384 1916207.4894075312
935656.645477503 1916207.4958763362
935656.6419044675 1916207.5023451415
935656.638331432 1916207.5088139467
935656.6347583965 1916207.515282752
935656.6311853611 1916207.521751557
935656.6276123257 1916207.5282203623
935656.6240392902 1916207.5346891675
935656.6204662548 1916207.5411579725
935656.6168932193 1916207.5476267778
935656.6133201838 1916207.554095583
935656.6097471484 1916207.5605643883
935656.6061741129 1916207.5670331933
935656.6026010774 1916207.5735019986
935656.5990280419 1916207.5799708038
935656.5954550065 1916207.586439609
935656.591881971 1916207.592908414
935656.5883089355 1916207.5993772193
935656.5847359 1916207.6058460246
935656.5811628647 1916207.6123148298
935656.5775898292 1916207.6187836349
935656.5740167937 1916207.62525244
935656.5704437583 1916207.6317212454
935656.5668707228 1916207.6381900506
935656.5632976873 1916207.6446588556
935656.5597246519 1916207.6511276609
935656.5561516164 1916207.6575964661
935656.5525785809 1916207.6640652712
935656.5490055454 1916207.6705340764
935656.54543251 1916207.6770028817
935656.5418594745 1916207.683471687
935656.538286439 1916207.689940492
935656.5347134037 1916207.6964092972
935656.5311403682 1916207.7028781024
935656.5275673327 1916207.7093469077
935656.5239942973 1916207.7158157127
935656.5204212618 1916207.722284518
935656.5168482263 1916207.7287533232
935656.5132751908 1916207.7352221285
935656.5097021554 1916207.7416909335
935656.5061291199 1916207.7481597387
935656.5025560844 1916207.754628544
935656.498983049 1916207.7610973492
935656.4954100135 1916207.7675661542
935656.491836978 1916207.7740349595
935656.4882639427 1916207.7805037647
935656.4846909072 1916207.7869725698
935656.4811178717 1916207.793441375
935656.4775448362 1916207.7999101803
935656.4739718008 1916207.8063789855
935656.4703987653 1916207.8128477905
935656.4668257298 1916207.8193165958
935656.4632526943 1916207.825785401
935656.4596796589 1916207.8322542063
935656.4561066234 1916207.8387230113
935656.4525335879 1916207.8451918166
935656.4489605525 1916207.8516606218
935656.4453875171 1916207.858129427
935656.4418144816 1916207.864598232
935656.4382414462 1916207.8710670373
935656.4346684107 1916207.8775358426
935656.4310953752 1916207.8840046478
935656.4275223397 1916207.8904734529
935656.4239493043 1916207.896942258
935656.4203762688 1916207.9034110634
935656.4168032333 1916207.9098798684
935656.4132301979 1916207.9163486736
935656.4096571624 1916207.922817479
935656.4060841269 1916207.9292862841
935656.4025110914 1916207.9357550892
935656.3989380561 1916207.9422238944
935656.3953650206 1916207.9486926997
935656.3917919851 1916207.955161505
935656.3882189497 1916207.96163031
935656.3846459142 1916207.9680991152
935656.3810728787 1916207.9745679204
935656.3774998432 1916207.9810367257
935656.3739268078 1916207.9875055307
935656.3703537723 1916207.993974336
935656.3667807368 1916208.0004431412
935656.3632077014 1916208.0069119465
935656.3596346659 1916208.0133807515
935656.3560616304 1916208.0198495567
935656.3524885951 1916208.026318362
935656.3489155596 1916208.0327871672
935656.3453425241 1916208.0392559723
935656.3417694886 1916208.0457247775
935656.3381964532 1916208.0521935828
935656.3346234177 1916208.0586623878
935656.3310503822 1916208.065131193
935656.3274773468 1916208.0715999983
935656.3239043113 1916208.0780688035
935656.3203312758 1916208.0845376085
935656.3167582403 1916208.0910064138
935656.3131852049 1916208.097475219
935656.3096121694 1916208.1039440243
935656.306039134 1916208.1104128293
935656.3024660986 1916208.1168816346
935656.2988930631 1916208.1233504398
935656.2953200276 1916208.129819245
935656.2917469922 1916208.13628805
935656.2881739567 1916208.1427568553
935656.2846009212 1916208.1492256606
935656.2810278857 1916208.1556944659
935656.2774548503 1916208.1621632709
935656.2738818148 1916208.1686320761
935656.2703087793 1916208.1751008814
935656.2667357438 1916208.1815696864
935656.2631627084 1916208.1880384916
935656.259589673 1916208.194507297
935656.2560166375 1916208.2009761021
935656.2524436021 1916208.2074449072
935656.2488705666 1916208.2139137124
935656.2452975311 1916208.2203825177
935656.2417244957 1916208.226851323
935656.2381514602 1916208.233320128
935656.2345784247 1916208.2397889332
935656.2310053892 1916208.2462577384
935656.2274323538 1916208.2527265437
935656.2238593183 1916208.2591953487
935656.2202862828 1916208.265664154
935656.2167132475 1916208.2721329592
935656.213140212 1916208.2786017645
935656.2095671765 1916208.2850705695
935656.205994141 1916208.2915393747
935656.2024211056 1916208.29800818
935656.1988480701 1916208.304476985
935656.1952750346 1916208.3109457903
935656.1917019992 1916208.3174145955
935656.1881289637 1916208.3238834008
935656.1845559282 1916208.3303522058
935656.1809828928 1916208.336821011
935656.1774098573 1916208.3432898163
935656.1738368218 1916208.3497586215
935656.1702637865 1916208.3562274266
935656.166690751 1916208.3626962318
935656.1631177155 1916208.369165037
935656.15954468 1916208.3756338423
935656.1559716446 1916208.3821026473
935656.1523986091 1916208.3885714526
935656.1488255736 1916208.3950402578
935656.1452525381 1916208.401509063
935656.1416795027 1916208.407977868
935656.1381064672 1916208.4144466734
935656.1345334317 1916208.4209154786
935656.1309603963 1916208.4273842836
935656.1273873608 1916208.4338530889
935656.1238143254 1916208.4403218941
935656.12024129 1916208.4467906994
935656.1166682545 1916208.4532595044
935656.113095219 1916208.4597283097
935656.1095221835 1916208.466197115
935656.1059491481 1916208.4726659202
935656.1023761126 1916208.4791347252
935656.0988030771 1916208.4856035304
935656.0952300417 1916208.4920723357
935656.0916570062 1916208.498541141
935656.0880839707 1916208.505009946
935656.0845109352 1916208.5114787512
935656.0809378998 1916208.5179475565
935656.0773648644 1916208.5244163617
935656.0737918289 1916208.5308851667
935656.0702187935 1916208.537353972
935656.066645758 1916208.5438227772
935656.0630727225 1916208.5502915825
935656.059499687 1916208.5567603875
935656.0559266516 1916208.5632291927
935656.0523536161 1916208.569697998
935656.0487805806 1916208.576166803
935656.0452075452 1916208.5826356083
935656.0416345097 1916208.5891044135
935656.0380614742 1916208.5955732188
935656.0344884387 1916208.6020420238
935656.0309154034 1916208.608510829
935656.0273423679 1916208.6149796343
935656.0237693324 1916208.6214484395
935656.020196297 1916208.6279172446
935656.0166232615 1916208.6343860498
935656.013050226 1916208.640854855
935656.0094771906 1916208.6473236603
935656.0059041551 1916208.6537924653
935656.0023311196 1916208.6602612706
935655.9987580841 1916208.6667300758
935655.9951850487 1916208.673198881
935655.9916120132 1916208.679667686
935655.9880389778 1916208.6861364914
935655.9844659424 1916208.6926052966
935655.9808929069 1916208.6990741016
935655.9773198714 1916208.705542907
935655.973746836 1916208.7120117121
935655.9701738005 1916208.7184805174
935655.966600765 1916208.7249493224
935655.9630277295 1916208.7314181277
935655.9594546941 1916208.737886933
935655.9558816586 1916208.7443557382
935655.9523086231 1916208.7508245432
935655.9487355876 1916208.7572933484
935655.9451625522 1916208.7637621537
935655.9415895168 1916208.770230959
935655.9380164813 1916208.776699764
935655.9344434459 1916208.7831685692
935655.9308704104 1916208.7896373745
935655.9272973749 1916208.7961061797
935655.9237243395 1916208.8025749847
935655.920151304 1916208.80904379
935655.920151304 1916208.80904379
935655.920688618 1916211.80214397
935655.92224119 1916214.79426054
935655.923524749 1916217.04659735
935656.501692631 1916219.98887264
935656.764447118 1916221.32363416
935658.002736251 1916224.05644081
935658.504036154 1916225.16305428
935660.442545976 1916227.42710687
935660.640821583 1916227.65818088
935663.089576978 1916229.39248541
935664.052469075 1916230.07454738
935666.892212748 1916230.98230281
935667.288090801 1916231.10854209
