935650.380376785 1916106.36029165
935650.381204987 1916106.3791788516
935650.3820505432 1916106.39806371
935650.3829134536 1916106.4169462246
935650.3837937183 1916106.4358263959
935650.384691337 1916106.4547042237
935650.3856063101 1916106.473579708
935650.3865386373 1916106.4924528487
935650.3874883188 1916106.5113236462
935650.3884553545 1916106.5301920997
935650.3894397443 1916106.5490582103
935650.3904414884 1916106.5679219773
935650.3914605866 1916106.5867834007
935650.392497039 1916106.6056424808
935650.3935508457 1916106.6244992171
935650.3946220067 1916106.6433536103
935650.3957105216 1916106.66220566
935650.3968163909 1916106.681055366
935650.3979396144 1916106.6999027287
935650.3990801921 1916106.7187477478
935650.400238124 1916106.7375904236
935650.40141341 1916106.7564307558
935650.4026060504 1916106.7752687447
935650.4038160448 1916106.7941043898
935650.4050433936 1916106.8129376918
935650.4062880964 1916106.83176865
935650.4075501534 1916106.8505972652
935650.4088295648 1916106.8694235364
935650.4101263303 1916106.8882474643
935650.4114404501 1916106.9070690486
935650.4127719239 1916106.9258882897
935650.4141207521 1916106.9447051873
935650.4154869344 1916106.9635197413
935650.4168704709 1916106.9823319518
935650.4182713617 1916107.0011418192
935650.4196896065 1916107.0199493428
935650.4211252058 1916107.038754523
935650.422578159 1916107.0575573596
935650.4240484666 1916107.076357853
935650.4255361283 1916107.0951560028
935650.4270411443 1916107.113951809
935650.4285635145 1916107.1327452718
935650.4301032388 1916107.1515363913
935650.4316603174 1916107.1703251672
935650.4332347501 1916107.1891115995
935650.4348265372 1916107.2078956882
935650.4364356783 1916107.2266774338
935650.4380621737 1916107.2454568357
935650.4397060232 1916107.2642338944
935650.4413672271 1916107.2830086094
935650.443045785 1916107.301780981
935650.4447416972 1916107.3205510092
935650.4464549636 1916107.3393186938
935650.4481855842 1916107.358084035
935650.449933559 1916107.3768470327
935650.451698888 1916107.395607687
935650.4534815712 1916107.4143659978
935650.4552816086 1916107.4331219653
935650.4570990001 1916107.451875589
935650.458933746 1916107.4706268695
935650.460785846 1916107.4893758062
935650.4626553003 1916107.5081223997
935650.4645421086 1916107.5268666497
935650.4664462713 1916107.545608556
935650.4683677881 1916107.564348119
935650.4703066592 1916107.5830853386
935650.4722628844 1916107.6018202147
935650.4742364638 1916107.6205527473
935650.4762273974 1916107.6392829365
935650.4782356853 1916107.658010782
935650.4802613273 1916107.6767362843
935650.4823043236 1916107.695459443
935650.4843646741 1916107.7141802583
935650.4864423787 1916107.73289873
935650.4885374375 1916107.7516148584
935650.4906498507 1916107.7703286433
935650.4927796179 1916107.7890400845
935650.4949267394 1916107.8077491825
935650.497091215 1916107.826455937
935650.499273045 1916107.8451603479
935650.501472229 1916107.8638624153
935650.5036887673 1916107.8825621393
935650.5059226598 1916107.9012595199
935650.5081739065 1916107.9199545567
935650.5104425075 1916107.9386472504
935650.5127284625 1916107.9573376006
935650.5150317719 1916107.9760256072
935650.5173524353 1916107.9947112706
935650.5196904531 1916108.0133945902
935650.5220458249 1916108.0320755665
935650.524418551 1916108.0507541993
935650.5268086314 1916108.0694304886
935650.5292160659 1916108.0881044345
935650.5316408547 1916108.1067760368
935650.5340829975 1916108.1254452958
935650.5365424947 1916108.1441122112
935650.539019346 1916108.162776783
935650.5415135516 1916108.1814390116
935650.5440251112 1916108.2000988966
935650.5465540251 1916108.218756438
935650.5491002934 1916108.2374116362
935650.5516639157 1916108.2560644906
935650.5542448923 1916108.274715002
935650.556843223 1916108.2933631695
935650.559458908 1916108.3120089937
935650.5620919472 1916108.3306524744
935650.5647423406 1916108.3492936117
935650.5674100881 1916108.3679324056
935650.5700951898 1916108.386568856
935650.5727976459 1916108.4052029627
935650.575517456 1916108.4238347262
935650.5782546204 1916108.442464146
935650.5810091391 1916108.4610912225
935650.5837810119 1916108.4797159554
935650.5865702388 1916108.498338345
935650.58937682 1916108.516958391
935650.5922007555 1916108.5355760935
935650.595042045 1916108.5541914525
935650.5979006889 1916108.572804468
935650.6007766868 1916108.5914151403
935650.6036700391 1916108.610023469
935650.6065807454 1916108.6286294542
935650.6095088061 1916108.647233096
935650.612454221 1916108.665834394
935650.6154169899 1916108.684433349
935650.6183971133 1916108.7030299604
935650.6213945906 1916108.7216242282
935650.6244094223 1916108.7402161525
935650.6274416081 1916108.7588057334
935650.6304911482 1916108.7773929709
935650.6335580425 1916108.7959778649
935650.6366422909 1916108.8145604155
935650.6397438935 1916108.8331406224
935650.6428628503 1916108.851718486
935650.6459991615 1916108.8702940058
935650.6491528268 1916108.8888671824
935650.6523238462 1916108.9074380156
935650.6555122199 1916108.9260065053
935650.6587179478 1916108.9445726515
935650.6619410298 1916108.9631364543
935650.665181466 1916108.9816979135
935650.6684392566 1916109.0002570294
935650.6717144012 1916109.0188138017
935650.6750069002 1916109.0373682305
935650.6783167532 1916109.055920316
935650.6816439606 1916109.0744700579
935650.6849885221 1916109.0930174564
935650.6883504378 1916109.1115625114
935650.6917297076 1916109.1301052228
935650.6951263318 1916109.148645591
935650.6985403101 1916109.1671836155
935650.7019716426 1916109.1857192966
935650.7054203294 1916109.204252634
935650.7088863703 1916109.2227836282
935650.7123697655 1916109.241312279
935650.7158705147 1916109.259838586
935650.7193886183 1916109.2783625498
935650.722924076 1916109.29688417
935650.7264768879 1916109.3154034468
935650.7300470541 1916109.33392038
935650.7336345745 1916109.35243497
935650.737239449 1916109.3709472164
935650.7408616778 1916109.3894571194
935650.7445012608 1916109.407964679
935650.7481581978 1916109.4264698948
935650.7518324893 1916109.4449727673
935650.7555241348 1916109.4634732965
935650.7592331346 1916109.481971482
935650.7629594887 1916109.5004673242
935650.7667031968 1916109.5189608226
935650.7704642592 1916109.5374519776
935650.7742426757 1916109.5559407894
935650.7780384464 1916109.5744272575
935650.7818515715 1916109.5929113822
935650.7856820506 1916109.6113931637
935650.7895298841 1916109.6298726015
935650.7933950716 1916109.6483496958
935650.7972776135 1916109.6668244465
935650.8011775095 1916109.685296854
935650.8050947598 1916109.703766918
935650.8090293641 1916109.7222346384
935650.8129813228 1916109.7407000153
935650.8169506356 1916109.7591630488
935650.8209373025 1916109.777623739
935650.8249413238 1916109.7960820855
935650.8289626993 1916109.8145380886
935650.833001429 1916109.8329917483
935650.8370575127 1916109.8514430644
935650.8411309508 1916109.869892037
935650.8452217431 1916109.8883386662
935650.8493298895 1916109.906782952
935650.8534553902 1916109.9252248942
935650.857598245 1916109.943664493
935650.8617584541 1916109.9621017484
935650.8659360174 1916109.9805366602
935650.8701309349 1916109.9989692287
935650.8743432065 1916110.0173994536
935650.8785728323 1916110.035827335
935650.8828198124 1916110.054252873
935650.8870841466 1916110.0726760675
935650.8913658352 1916110.0910969186
935650.8956648778 1916110.1095154262
935650.8999812749 1916110.1279315904
935650.9043150259 1916110.146345411
935650.9086661312 1916110.164756888
935650.9130345907 1916110.1831660215
935650.9174204043 1916110.201572812
935650.9218235723 1916110.2199772585
935650.9262440944 1916110.2383793618
935650.9306819707 1916110.2567791217
935650.9351372012 1916110.2751765382
935650.9396097859 1916110.293571611
935650.9440997249 1916110.3119643403
935650.9486070179 1916110.3303547262
935650.9531316654 1916110.3487427686
935650.9576736668 1916110.3671284677
935650.9622330226 1916110.3855118232
935650.9668097325 1916110.4038928354
935650.9714037967 1916110.4222715038
935650.976015215 1916110.440647829
935650.9806439877 1916110.4590218107
935650.9852901143 1916110.4773934488
935650.9899535952 1916110.4957627435
935650.9946344304 1916110.5141296946
935650.9993326197 1916110.5324943024
935651.0040481634 1916110.5508565665
935651.0087810612 1916110.5692164875
935651.0135313132 1916110.5875740647
935651.0182989193 1916110.6059292986
935651.0230838797 1916110.6242821892
935651.0278861943 1916110.6426327361
935651.032705863 1916110.6609809394
935651.037542886 1916110.6793267995
935651.0423972632 1916110.697670316
935651.0472689946 1916110.716011489
935651.0521580802 1916110.7343503186
935651.0570645201 1916110.7526868049
935651.061988314 1916110.7710209475
935651.0669294621 1916110.7893527467
935651.0718879646 1916110.8076822024
935651.0768638212 1916110.8260093145
935651.0818570321 1916110.8443340831
935651.0868675971 1916110.8626565083
935651.0918955164 1916110.8809765903
935651.0969407897 1916110.8992943286
935651.1020034174 1916110.9176097235
935651.1070833992 1916110.935922775
935651.1121807352 1916110.9542334827
935651.1172954255 1916110.9725418473
935651.1224274699 1916110.9908478684
935651.1275768686 1916111.0091515458
935651.1327436214 1916111.02745288
935651.1379277285 1916111.0457518704
935651.1431291898 1916111.0640485175
935651.1483480053 1916111.0823428214
935651.1535841749 1916111.1006347814
935651.1588376987 1916111.118924398
935651.1641085768 1916111.1372116713
935651.1693968092 1916111.155496601
935651.1747023956 1916111.1737791873
935651.1800253363 1916111.1920594303
935651.1853656311 1916111.2103373294
935651.1907232803 1916111.2286128853
935651.1960982835 1916111.2468860978
935651.201490641 1916111.2651569666
935651.2069003528 1916111.283425492
935651.2123274186 1916111.3016916742
935651.2177718388 1916111.3199555126
935651.2232336131 1916111.3382170077
935651.2287127416 1916111.3564761593
935651.2342092243 1916111.3747329675
935651.2397230612 1916111.392987432
935651.2452542523 1916111.4112395532
935651.2508027976 1916111.4294893309
935651.2563686972 1916111.4477367653
935651.261951951 1916111.465981856
935651.2675525588 1916111.4842246033
935651.273170521 1916111.5024650071
935651.2788058373 1916111.5207030675
935651.2844585079 1916111.5389387843
935651.2901285327 1916111.5571721578
935651.2958159116 1916111.5754031877
935651.3015206448 1916111.593631874
935651.307242732 1916111.6118582173
935651.3129821738 1916111.6300822166
935651.3187389694 1916111.6483038727
935651.3245131194 1916111.6665231853
935651.3303046236 1916111.6847401543
935651.3361134819 1916111.70295478
935651.3419396946 1916111.7211670624
935651.3477832613 1916111.7393770008
935651.3536441823 1916111.757584596
935651.3595224576 1916111.775789848
935651.3654180869 1916111.7939927562
935651.3713310705 1916111.8121933213
935651.3772614083 1916111.8303915425
935651.3832091003 1916111.8485874203
935651.3891741466 1916111.8667809549
935651.3951565468 1916111.8849721458
935651.4011563016 1916111.903160993
935651.4071734103 1916111.9213474973
935651.4132078734 1916111.9395316576
935651.4192596907 1916111.9577134748
935651.425328862 1916111.9758929485
935651.4314153877 1916111.9940700785
935651.4375192674 1916112.012244865
935651.4436405016 1916112.0304173084
935651.4497790897 1916112.048587408
935651.4559350322 1916112.0667551642
935651.4621083289 1916112.084920577
935651.4682989797 1916112.1030836462
935651.4745069848 1916112.121244372
935651.480732344 1916112.1394027546
935651.4869750575 1916112.1575587934
935651.4932351252 1916112.1757124886
935651.4995125469 1916112.1938638408
935651.5058073231 1916112.212012849
935651.5121194533 1916112.2301595144
935651.5184489378 1916112.2483038357
935651.5247957766 1916112.2664458137
935651.5311599694 1916112.2845854484
935651.5375415165 1916112.3027227395
935651.5439404177 1916112.3208576872
935651.5503566733 1916112.3389902913
935651.556790283 1916112.357120552
935651.5632412469 1916112.3752484692
935651.569709565 1916112.393374043
935651.5761952372 1916112.4114972735
935651.5826982638 1916112.4296181602
935651.5892186444 1916112.4477367036
935651.5957563794 1916112.4658529034
935651.6023114686 1916112.4839667599
935651.6088839119 1916112.5020782729
935651.6154737094 1916112.5201874422
935651.622080861 1916112.5382942683
935651.628705367 1916112.556398751
935651.6353472272 1916112.57450089
935651.6420064415 1916112.5926006855
935651.6486830101 1916112.6106981377
935651.6553769328 1916112.6287932463
935651.6620882098 1916112.6468860116
935651.668816841 1916112.6649764332
935651.6755628262 1916112.6830645115
935651.6823261658 1916112.7011502464
935651.6891068595 1916112.7192336374
935651.6959049075 1916112.7373146852
935651.7027203097 1916112.7553933898
935651.7095530661 1916112.7734697505
935651.7164031767 1916112.791543768
935651.7232706414 1916112.809615442
935651.7301554604 1916112.8276847724
935651.7370576337 1916112.8457517594
935651.743977161 1916112.863816403
935651.7509140427 1916112.8818787031
935651.7578682784 1916112.8999386595
935651.7648398684 1916112.917996273
935651.7718288125 1916112.9360515424
935651.7788351111 1916112.9541044687
935651.7858587636 1916112.9721550515
935651.7928997704 1916112.9902032907
935651.7999581315 1916113.0082491867
935651.8070338466 1916113.0262927387
935651.8141269161 1916113.0443339476
935651.8212373398 1916113.062372813
935651.8283651175 1916113.080409335
935651.8355102496 1916113.0984435133
935651.8426727358 1916113.1164753484
935651.8498525763 1916113.1345048398
935651.857049771 1916113.1525319878
935651.8642643198 1916113.1705567923
935651.8714962228 1916113.1885792534
935651.87874548 1916113.2065993708
935651.8860120915 1916113.2246171453
935651.8932960572 1916113.2426325758
935651.900597377 1916113.260645663
935651.9079160511 1916113.2786564068
935651.9152520794 1916113.296664807
935651.9226054619 1916113.3146708636
935651.9299761985 1916113.3326745771
935651.9373642894 1916113.3506759468
935651.9447697345 1916113.3686749735
935651.9521925338 1916113.3866716563
935651.9596326873 1916113.4046659956
935651.9670901949 1916113.4226579918
935651.9745650569 1916113.440647644
935651.982057273 1916113.458634953
935651.9895668433 1916113.4766199186
935651.9970937679 1916113.4946025407
935652.0046380465 1916113.5125828192
935652.0121996794 1916113.5305607545
935652.0197786666 1916113.548536346
935652.0273750079 1916113.5665095942
935652.0349887034 1916113.5844804992
935652.042619753 1916113.6024490602
935652.050268157 1916113.620415278
935652.0579339152 1916113.6383791524
935652.0656170275 1916113.656340683
935652.073317494 1916113.6742998706
935652.0810353147 1916113.6922567145
935652.0887704898 1916113.7102112148
935652.0965230188 1916113.7281633718
935652.1042929022 1916113.7461131855
935652.1120801398 1916113.7640606554
935652.1198847315 1916113.782005782
935652.1277066775 1916113.7999485652
935652.1355459776 1916113.8178890047
935652.1434026321 1916113.835827101
935652.1512766407 1916113.8537628534
935652.1591680034 1916113.8716962626
935652.1670767204 1916113.8896273286
935652.1750027916 1916113.9075560507
935652.1829462169 1916113.9254824293
935652.1909069966 1916113.9434064648
935652.1988851303 1916113.9613281565
935652.2068806184 1916113.9792475048
935652.2148934605 1916113.99716451
935652.2229236569 1916114.0150791714
935652.2309712076 1916114.0329914892
935652.2390361123 1916114.050901464
935652.2471183714 1916114.0688090948
935652.2552179846 1916114.0867143823
935652.2633349521 1916114.1046173265
935652.2714692736 1916114.122517927
935652.2796209494 1916114.1404161842
935652.2877899795 1916114.158312098
935652.2959763637 1916114.1762056681
935652.3041801022 1916114.194096895
935652.3124011947 1916114.211985778
935652.3206396416 1916114.229872318
935652.3288954428 1916114.2477565145
935652.337168598 1916114.265638367
935652.3454591074 1916114.2835178764
935652.353766971 1916114.3013950426
935652.3620921889 1916114.3192698648
935652.370434761 1916114.3371423436
935652.3787946872 1916114.3550124795
935652.3871719678 1916114.3728802714
935652.3955666024 1916114.39074572
935652.4039785913 1916114.408608825
935652.4124079344 1916114.4264695866
935652.4208546316 1916114.4443280047
935652.4293186831 1916114.4621840795
935652.4378000888 1916114.4800378105
935652.4462988487 1916114.4978891984
935652.4548149627 1916114.5157382428
935652.463348431 1916114.5335849435
935652.4718992537 1916114.5514293008
935652.4804674303 1916114.5692713147
935652.4890529612 1916114.587110985
935652.4976558463 1916114.604948312
935652.5062760856 1916114.6227832953
935652.5149136792 1916114.6406159352
935652.5235686268 1916114.6584462319
935652.5322409288 1916114.6762741848
935652.5409305849 1916114.6940997944
935652.5496375953 1916114.7119230607
935652.5583619599 1916114.7297439831
935652.5671036786 1916114.7475625623
935652.5758627516 1916114.7653787981
935652.5846391786 1916114.7831926902
935652.59343296 1916114.801004239
935652.6022440956 1916114.8188134443
935652.6110725853 1916114.836620306
935652.6199184293 1916114.8544248242
935652.6287816274 1916114.8722269994
935652.6376621798 1916114.8900268306
935652.6465600863 1916114.9078243184
935652.6554753472 1916114.925619463
935652.6644079621 1916114.9434122639
935652.6733579313 1916114.9612027216
935652.6823252547 1916114.9789908356
935652.6913099323 1916114.996776606
935652.700311964 1916115.0145600333
935652.70933135 1916115.0323411168
935652.7183680902 1916115.0501198568
935652.7274221847 1916115.0678962537
935652.7364936332 1916115.0856703068
935652.7455824361 1916115.1034420165
935652.7546885931 1916115.121211383
935652.7638121042 1916115.1389784056
935652.7729529698 1916115.156743085
935652.7821111893 1916115.174505421
935652.7912867632 1916115.1922654132
935652.8004796912 1916115.210023062
935652.8096899734 1916115.2277783677
935652.8189176099 1916115.2455313297
935652.8281626004 1916115.263281948
935652.8374249453 1916115.2810302232
935652.8467046443 1916115.2987761546
935652.8560016976 1916115.316519743
935652.8653161051 1916115.3342609876
935652.8746478667 1916115.3519998887
935652.8839969826 1916115.3697364465
935652.8933634526 1916115.3874706605
935652.9027472769 1916115.4052025313
935652.9121484554 1916115.4229320586
935652.921566988 1916115.4406592424
935652.931002875 1916115.4583840827
935652.940456116 1916115.4761065796
935652.9499267113 1916115.493826733
935652.9852558445 1916115.5795966617
935652.9970322223 1916115.608186638
935653.0088086001 1916115.6367766142
935653.0205849779 1916115.6653665907
935653.0323613556 1916115.693956567
935653.0441377334 1916115.7225465432
935653.0559141112 1916115.7511365195
935653.067690489 1916115.7797264957
935653.0794668668 1916115.808316472
935653.0912432446 1916115.8369064485
935653.1030196223 1916115.8654964247
935653.1147960001 1916115.894086401
935653.1265723779 1916115.9226763772
935653.1383487557 1916115.9512663535
935653.1501251335 1916115.97985633
935653.1619015113 1916116.0084463062
935653.1736778889 1916116.0370362825
935653.1854542667 1916116.0656262587
935653.1972306445 1916116.094216235
935653.2090070223 1916116.1228062112
935653.2207834001 1916116.1513961877
935653.2325597779 1916116.179986164
935653.2443361557 1916116.2085761402
935653.2561125334 1916116.2371661165
935653.2678889112 1916116.2657560927
935653.279665289 1916116.294346069
935653.2914416668 1916116.3229360455
935653.3032180446 1916116.3515260217
935653.3149944224 1916116.380115998
935653.3267708 1916116.4087059742
935653.3385471778 1916116.4372959505
935653.3503235556 1916116.4658859267
935653.3620999334 1916116.4944759032
935653.3738763112 1916116.5230658795
935653.385652689 1916116.5516558557
935653.3974290667 1916116.580245832
935653.4092054445 1916116.6088358082
935653.4209818223 1916116.6374257845
935653.4327582001 1916116.666015761
935653.4445345779 1916116.6946057372
935653.4563109557 1916116.7231957135
935653.4680873334 1916116.7517856897
935653.4798637112 1916116.780375666
935653.491640089 1916116.8089656422
935653.5034164668 1916116.8375556187
935653.5151928446 1916116.866145595
935653.5269692224 1916116.8947355712
935653.5387456001 1916116.9233255475
935653.5505219778 1916116.9519155237
935653.5622983556 1916116.9805055
935653.5740747334 1916117.0090954765
935653.5858511112 1916117.0376854527
935653.597627489 1916117.066275429
935653.6094038668 1916117.0948654052
935653.6211802445 1916117.1234553815
935653.6329566223 1916117.152045358
935653.6447330001 1916117.1806353342
935653.6565093779 1916117.2092253105
935653.6682857557 1916117.2378152867
935653.6800621335 1916117.266405263
935653.6918385111 1916117.2949952392
935653.703614889 1916117.3235852157
935653.7153912667 1916117.352175192
935653.7271676445 1916117.3807651682
935653.7389440223 1916117.4093551445
935653.7507204001 1916117.4379451207
935653.7624967778 1916117.466535097
935653.7742731556 1916117.4951250735
935653.7860495334 1916117.5237150497
935653.7978259112 1916117.552305026
935653.809602289 1916117.5808950022
935653.8213786668 1916117.6094849785
935653.8331550446 1916117.6380749547
935653.8449314223 1916117.6666649312
935653.8567078001 1916117.6952549075
935653.8684841779 1916117.7238448837
935653.8802605557 1916117.75243486
935653.8920369335 1916117.7810248362
935653.9038133112 1916117.8096148125
935653.9155896889 1916117.838204789
935653.9273660667 1916117.8667947652
935653.9391424445 1916117.8953847415
935653.9509188223 1916117.9239747177
935653.9626952001 1916117.952564694
935653.9744715779 1916117.9811546702
935653.9862479556 1916118.0097446467
935653.9980243334 1916118.038334623
935654.0098007112 1916118.0669245992
935654.021577089 1916118.0955145755
935654.0333534668 1916118.1241045517
935654.0451298446 1916118.152694528
935654.0569062222 1916118.1812845045
935654.0686826 1916118.2098744807
935654.0804589778 1916118.238464457
935654.0922353556 1916118.2670544332
935654.1040117334 1916118.2956444095
935654.1157881112 1916118.3242343857
935654.1275644889 1916118.3528243622
935654.1393408667 1916118.3814143385
935654.1511172445 1916118.4100043147
935654.1628936223 1916118.438594291
935654.1746700001 1916118.4671842672
935654.1864463779 1916118.4957742437
935654.1982227557 1916118.52436422
935654.2099991334 1916118.5529541962
935654.2217755112 1916118.5815441725
935654.233551889 1916118.6101341487
935654.2453282668 1916118.638724125
935654.2571046446 1916118.6673141015
935654.2688810223 1916118.6959040777
935654.2806574 1916118.724494054
935654.2924337778 1916118.7530840302
935654.3042101556 1916118.7816740065
935654.3159865334 1916118.8102639827
935654.3277629112 1916118.8388539592
935654.339539289 1916118.8674439355
935654.3513156667 1916118.8960339117
935654.3630920445 1916118.924623888
935654.3748684223 1916118.9532138642
935654.3866448001 1916118.9818038405
935654.3984211779 1916119.010393817
935654.4101975557 1916119.0389837932
935654.4219739333 1916119.0675737695
935654.4337503111 1916119.0961637457
935654.4455266889 1916119.124753722
935654.4573030667 1916119.1533436982
935654.4690794445 1916119.1819336747
935654.4808558223 1916119.210523651
935654.4926322001 1916119.2391136272
935654.5044085778 1916119.2677036035
935654.5161849556 1916119.2962935797
935654.5279613334 1916119.324883556
935654.5397377112 1916119.3534735325
935654.551514089 1916119.3820635087
935654.5632904668 1916119.410653485
935654.5750668445 1916119.4392434612
935654.5868432223 1916119.4678334375
935654.5986196001 1916119.4964234137
935654.6103959779 1916119.5250133902
935654.6221723557 1916119.5536033665
935654.6339487334 1916119.5821933427
935654.6457251111 1916119.610783319
935654.6575014889 1916119.6393732952
935654.6692778667 1916119.6679632715
935654.6810542445 1916119.696553248
935654.6928306223 1916119.7251432242
935654.7046070001 1916119.7537332005
935654.7163833778 1916119.7823231767
935654.7281597556 1916119.810913153
935654.7399361334 1916119.8395031295
935654.7517125112 1916119.8680931057
935654.763488889 1916119.896683082
935654.7752652668 1916119.9252730582
935654.7870416446 1916119.9538630345
935654.7988180222 1916119.9824530107
935654.8105944 1916120.0110429872
935654.8223707778 1916120.0396329635
935654.8341471556 1916120.0682229397
935654.8459235334 1916120.096812916
935654.8576999112 1916120.1254028922
935654.8694762889 1916120.1539928685
935654.8812526667 1916120.182582845
935654.8930290445 1916120.2111728212
935654.9048054223 1916120.2397627975
935654.9165818001 1916120.2683527737
935654.9283581779 1916120.29694275
935654.9401345556 1916120.3255327262
935654.9519109334 1916120.3541227027
935654.9636873112 1916120.382712679
935654.975463689 1916120.4113026552
935654.9872400668 1916120.4398926315
935654.9990164445 1916120.4684826077
935655.0107928222 1916120.497072584
935655.0225692 1916120.5256625605
935655.0343455778 1916120.5542525367
935655.0461219556 1916120.582842513
935655.0578983334 1916120.6114324892
935655.0696747112 1916120.6400224655
935655.081451089 1916120.6686124417
935655.0932274667 1916120.6972024182
935655.1050038445 1916120.7257923945
935655.1167802223 1916120.7543823707
935655.1285566001 1916120.782972347
935655.1403329779 1916120.8115623232
935655.1521093557 1916120.8401522995
935655.1638857333 1916120.868742276
935655.1756621111 1916120.8973322522
935655.1874384889 1916120.9259222285
935655.1992148667 1916120.9545122047
935655.2109912445 1916120.983102181
935655.2227676223 1916121.0116921572
935655.234544 1916121.0402821337
935655.2463203778 1916121.06887211
935655.2580967556 1916121.0974620862
935655.2698731334 1916121.1260520625
935655.2816495112 1916121.1546420387
935655.293425889 1916121.1832320152
935655.3052022667 1916121.2118219915
935655.3169786445 1916121.2404119677
935655.3287550223 1916121.269001944
935655.3405314 1916121.2975919202
935655.3523077779 1916121.3261818965
935655.3640841556 1916121.354771873
935655.3758605334 1916121.3833618492
935655.3876369111 1916121.4119518255
935655.3994132889 1916121.4405418017
935655.4111896667 1916121.469131778
935655.4229660445 1916121.4977217542
935655.4347424223 1916121.5263117307
935655.4465188001 1916121.554901707
935655.4582951778 1916121.5834916832
935655.4700715556 1916121.6120816595
935655.4818479334 1916121.6406716357
935655.4936243112 1916121.669261612
935655.505400689 1916121.6978515885
935655.5171770668 1916121.7264415647
935655.5289534444 1916121.755031541
935655.5407298222 1916121.7836215172
935655.5525062 1916121.8122114935
935655.5642825778 1916121.8408014697
935655.5760589556 1916121.8693914462
935655.5878353334 1916121.8979814225
935655.5996117111 1916121.9265713987
935655.6113880889 1916121.955161375
935655.6231644667 1916121.9837513512
935655.6349408445 1916122.0123413275
935655.6467172223 1916122.040931304
935655.6584936001 1916122.0695212802
935655.6702699778 1916122.0981112565
935655.6820463556 1916122.1267012327
935655.6938227334 1916122.155291209
935655.7055991112 1916122.1838811853
935655.717375489 1916122.2124711617
935655.7291518667 1916122.241061138
935655.7409282445 1916122.2696511142
935655.7527046222 1916122.2982410905
935655.764481 1916122.3268310667
935655.7762573778 1916122.3554210432
935655.7880337556 1916122.3840110195
935655.7998101334 1916122.4126009957
935655.8115865112 1916122.441190972
935655.8233628889 1916122.4697809482
935655.8351392667 1916122.4983709245
935655.8469156445 1916122.526960901
935655.8586920223 1916122.5555508772
935655.8704684001 1916122.5841408535
935655.8822447779 1916122.6127308297
935655.8940211555 1916122.641320806
935655.9057975333 1916122.6699107822
935655.9175739111 1916122.6985007587
935655.9293502889 1916122.727090735
935655.9411266667 1916122.7556807112
935655.9529030445 1916122.7842706875
935655.9646794222 1916122.8128606637
935655.9764558 1916122.84145064
935655.9882321778 1916122.8700406165
935656.0000085556 1916122.8986305927
935656.0117849334 1916122.927220569
935656.0235613112 1916122.9558105452
935656.035337689 1916122.9844005215
935656.0471140667 1916123.0129904978
935656.0588904445 1916123.0415804742
935656.0706668223 1916123.0701704505
935656.0824432 1916123.0987604267
935656.0942195778 1916123.127350403
935656.1059959556 1916123.1559403792
935656.1177723333 1916123.1845303555
935656.1295487111 1916123.213120332
935656.1413250889 1916123.2417103082
935656.1531014667 1916123.2703002845
935656.1648778445 1916123.2988902607
935656.1766542223 1916123.327480237
935656.1884306 1916123.3560702133
935656.2002069778 1916123.3846601897
935656.2119833556 1916123.413250166
935656.2237597334 1916123.4418401422
935656.2355361112 1916123.4704301185
935656.247312489 1916123.4990200948
935656.2590888666 1916123.527610071
935656.2708652444 1916123.5562000475
935656.2826416222 1916123.5847900237
935656.294418 1916123.61338
