935547.536075 1915874.83958 0
935550.531955 1915880.31955 0
935554.586218 1915887.32245 0
935557.836828 1915893.63256 0
935562.172938 1915901.53198 0
935566.017711 1915908.98028 0
935567.962099 1915912.68207 0
935567.962099 1915912.68207 0
935570.625005 1915917.5433 0
935573.919261 1915923.76432 0
935577.833781 1915931.05677 0
935581.964401 1915938.76916 0
935585.374203 1915945.02259 0
935589.182521 1915952.34914 0
935593.053262 1915959.71959 0
935597.812393 1915968.42569 0
935601.870149 1915975.89457 0
935603.604038 1915978.75479 0
935605.297682 1915980.99402 0
935607.911988 1915982.9932 0
935610.852026 1915983.5143 0
935613.393291 1915982.92898 0
935617.036379 1915981.43655 0
935620.977381 1915979.46477 0
935627.559199 1915976.00825 0
935633.980093 1915972.38654 0
935637.237965 1915970.39782 0
935640.144393 1915967.69063 0
935642.046418 1915964.71378 0
935642.746187 1915961.11374 0
935642.585933 1915957.56467 0
935641.585605 1915954.35489 0
935640.965314 1915950.96467 0
935638.1243 1915946.00494 0
935633.807214 1915938.26067 0
935628.714991 1915928.91362 0
935623.568518 1915919.43384 0
935619.994997 1915912.64911 0
935614.938988 1915903.40164 0
935610.149488 1915894.2076 0
935606.833636 1915889.79516 0
935606.851545 1915889.81721 0
935605.796232 1915888.69365 0
935602.889023 1915886.67453 0
935600.193136 1915885.60792 0
935599.073414 1915885.33914 0
935597.209394 1915885.17592 0
935595.799861 1915885.28659 0
935593.462148 1915885.81487 0
935591.737387 1915886.4605 0
935588.732291 1915887.87038 0
935581.140623 1915891.51219 0
935575.529836 1915894.36219 0
935570.547191 1915896.99657 0
935555.592618 1915905.18824 0
935551.053049 1915907.76376 0
935542.537752 1915912.41122 0
935533.66844 1915917.16125 0
935527.372999 1915920.94849 0
935527.275943 1915921.0158 0
935526.676717 1915921.53076 0
935525.515192 1915922.74899 0
935524.041853 1915924.94596 0
935523.10053 1915927.11665 0
935522.705128 1915928.76169 0
935522.413938 1915931.27132 0
935522.64189 1915933.23333 0
935523.134145 1915934.96032 0
935523.986216 1915937.33913 0
935525.574208 1915940.83285 0
935528.283183 1915945.9156 0
935532.261099 1915953.37397 0
935536.899114 1915961.31543 0
935540.624883 1915963.66109 0
935541.601659 1915963.79782 0
935543.330573 1915963.69579 0
935544.516391 1915963.33166 0
935546.29384 1915962.61905 0
935550.360543 1915960.84598 0
935560.246601 1915955.66656 0
935569.520829 1915950.51403 0
935571.797815 1915949.00988 0
935573.164197 1915947.90102 0
935574.908063 1915946.27891 0
935575.864225 1915944.88474 0
935576.492803 1915943.57075 0
935576.676362 1915942.06047 0
935576.571815 1915941.15151 0
935576.198453 1915939.88958 0
935575.871227 1915938.86028 0
935575.582033 1915938.16354 0
935574.887827 1915936.70437 0
935573.850016 1915934.39355 0
935569.807828 1915926.6472 0
935566.259939 1915919.74025 0
935561.743979 1915911.52047 0
935556.890888 1915902.13834 0
935552.545393 1915894.17243 0
935547.873595 1915885.29927 0
935542.787134 1915875.5639 0
935540.248888 1915870.7683 0
