931294.0271419307 1929820.549771803 0
931294.1614277285 1929820.7261885868 0
931294.3047510114 1929820.9247211523 0
931294.4838595156 1929821.1673397257 0
931294.6092901715 1929821.3438292951 0
931294.7525222503 1929821.5312675892 0
931294.9047918133 1929821.7408216672 0
931295.0571525493 1929821.9614700282 0
931295.2183684014 1929822.1820456125 0
931295.3885305489 1929822.4136427008 0
931295.5677301704 1929822.667355576 0
931295.7468386015 1929822.909974174 0
931295.9437484454 1929823.1635415005 0
931296.1407494589 1929823.428203111 0
931296.3466055802 1929823.6927919472 0
931296.5614079892 1929823.968402292 0
931296.7849743231 1929824.232845585 0
931296.9996855238 1929824.4973616593 0
931297.2143967111 1929824.7618777417 0
931297.429016705 1929825.0152995458 0
931297.6436366861 1929825.2687213575 0
931297.8494015362 1929825.5222159496 0
931298.0551663738 1929825.7757105483 0
931298.2520760817 1929826.029277927 0
931298.4488945992 1929826.2717510308 0
931298.6457131031 1929826.5142241374 0
931298.842531598 1929826.7566972482 0
931299.0393500817 1929826.999170366 0
931299.2273134377 1929827.241716262 0
931299.4152767829 1929827.4842621628 0
931299.612095231 1929827.7267352913 0
931299.8001497311 1929827.980375482 0
931299.9881130435 1929828.2229213943 0
931300.1761675214 1929828.4765615927 0
931300.3730771027 1929828.730129021 0
931300.5612227311 1929828.9948635087 0
931300.7581322889 1929829.2484309447 0
931300.9639881238 1929829.513019895 0
931301.1609888324 1929829.7776816215 0
931301.375699755 1929830.0421978077 0
931301.5815555514 1929830.3067867714 0
931301.7963576217 1929830.5823972481 0
931302.0110685041 1929830.846913452 0
931302.2347256587 1929831.122451167 0
931302.4583827987 1929831.39798889 0
931302.690895038 1929831.673453847 0
931302.9145521485 1929831.9489915806 0
931303.1471555278 1929832.2355508308 0
931303.3797588914 1929832.5221100862 0
931303.612453411 1929832.81976363 0
931303.854003024 1929833.1173444092 0
931304.0866975129 1929833.4149979656 0
931304.3282470923 1929833.7125787581 0
931304.5698878253 1929834.0212538387 0
931304.6863718012 1929834.1867220483 0
931304.9280125098 1929834.495397138 0
931305.1696531986 1929834.8040722355 0
931305.286137152 1929834.9695404517 0
931305.5278689835 1929835.2893098402 0
931305.6443529255 1929835.454778062 0
931305.8949398367 1929835.7744746932 0
931306.0114237627 1929835.9399429194 0
931306.127907684 1929836.1054111468 0
931306.3696394513 1929836.4251805595 0
931306.4949784651 1929836.5905760247 0
931306.7280374366 1929836.932606778 0
931306.853376436 1929837.0980022475 0
931306.9787154306 1929837.263397721 0
931307.0952904823 1929837.4399602434 0
931307.220629467 1929837.605355719 0
931307.453688379 1929837.9473864902 0
931307.5791185183 1929838.1238762522 0
931307.7044574835 1929838.2892717358 0
931307.821032506 1929838.4658342693 0
931307.9463714613 1929838.6312297557 0
931308.0718015779 1929838.807719525 0
931308.1971405256 1929838.9731150155 0
931308.3225706297 1929839.1496047894 0
931308.448000733 1929839.3260945636 0
931308.5733396634 1929839.491490059 0
931308.6987697543 1929839.667979839 0
931308.8241998398 1929839.8444696188 0
931308.9495387574 1929840.0098651205 0
931309.0838239351 1929840.18628214 0
931309.2091628404 1929840.3516776476 0
931309.4687869024 1929840.6934901797 0
931309.5941257948 1929840.8588856908 0
931309.7283197816 1929841.0242084395 0
931309.862604927 1929841.2006254704 0
931309.987943802 1929841.3660209887 0
931310.1221377731 1929841.5313437444 0
931310.2563317411 1929841.696666501 0
931310.3816706011 1929841.8620620235 0
931310.5159557194 1929842.0384790655 0
931310.650058509 1929842.1927075477 0
931310.7843436166 1929842.3691245948 0
931310.9096824562 1929842.5345201266 0
931311.0437852284 1929842.688748615 0
931311.178070322 1929842.8651656664 0
931311.3034091467 1929843.0305612052 0
931311.5629418802 1929843.3612795211 0
931311.6971357886 1929843.526602301 0
931311.8313296943 1929843.6919250824 0
931311.9656147533 1929843.8683421477 0
931312.0909535476 1929844.033737695 0
931312.2251474374 1929844.199060484 0
931312.3593413197 1929844.3643832754 0
931312.4935351966 1929844.529706068 0
931312.6189651311 1929844.7061959044 0
931312.7531589976 1929844.871518702 0
931312.8874440211 1929845.0479357818 0
931313.0216378769 1929845.2132585815 0
931313.1469766306 1929845.378654147 0
931313.281170476 1929845.5439769502 0
931313.4154554778 1929845.720394039 0
931313.5408853753 1929845.896883889 0
931313.6750792048 1929846.062206701 0
931313.8092730314 1929846.2275295139 0
931313.943558009 1929846.4039466092 0
931314.0777518227 1929846.5692694273 0
931314.2031816938 1929846.7457592878 0
931314.3373754969 1929846.9110821094 0
931314.4716604549 1929847.0874992153 0
931314.5970903102 1929847.2639890807 0
931314.7312840973 1929847.4293119088 0
931314.8655690366 1929847.6057290197 0
931314.9997628153 1929847.7710518525 0
931315.1251926494 1929847.9475417258 0
931315.2594775723 1929848.1239588438 0
931315.3936713352 1929848.289281681 0
931315.5191011511 1929848.465771562 0
931315.7876709605 1929848.8186058097 0
931315.9218646998 1929848.9839286583 0
931316.0472944968 1929849.1604185451 0
931316.1815793833 1929849.3368356777 0
931316.3157731066 1929849.5021585284 0
931316.4412028877 1929849.678648423 0
931316.5754877578 1929849.8550655614 0
931316.7010086833 1929850.0426497401 0
931316.8352023852 1929850.2079726006 0
931316.9694872365 1929850.3843897455 0
931317.0949169908 1929850.5608796484 0
931317.2292018334 1929850.7372967969 0
931317.3634866681 1929850.9137139465 0
931317.4977714971 1929851.0901310984 0
931317.6321474743 1929851.277642535 0
931317.9007171064 1929851.6304768503 0
931318.026146823 1929851.8069667695 0
931318.1693778692 1929851.9944054566 0
931318.3036626643 1929852.1708226213 0
931318.4379474538 1929852.3472397907 0
931318.5633771486 1929852.523729715 0
931318.7065170183 1929852.70007413 0
931318.8408929433 1929852.887585586 0
931318.9751777102 1929853.0640027625 0
931319.1094624716 1929853.2404199406 0
931319.2526023178 1929853.4167643676 0
931319.3868870677 1929853.59318155 0
931319.5212629634 1929853.7806930137 0
931319.6644027919 1929853.9570374477 0
931319.7986875247 1929854.1334546364 0
931319.94191849 1929854.320893356 0
931320.0761120629 1929854.4862162685 0
931320.2193430159 1929854.6736549917 0
931320.3536277259 1929854.8500721888 0
931320.4967675188 1929855.0264166363 0
931320.6310522172 1929855.2028338385 0
931320.7741919963 1929855.3791782896 0
931320.9174229188 1929855.5666170255 0
931321.0517076021 1929855.7430342347 0
931321.1948473632 1929855.919378693 0
931321.3379871183 1929856.0957231547 0
931321.4722717844 1929856.2721403711 0
931321.6155026763 1929856.4595791162 0
931321.7497873288 1929856.6359963361 0
931321.9017821469 1929856.8122680553 0
931322.0360667877 1929856.98868528 0
931322.3135822841 1929857.3525412662 0
931322.4567219939 1929857.5288857457 0
931322.5910977591 1929857.7163972603 0
931322.7343286041 1929857.903836026 0
931322.8774682933 1929858.0801805132 0
931323.0117528937 1929858.2565977522 0
931323.1549837202 1929858.4440365257 0
931323.2981233915 1929858.62038102 0
931323.4324991207 1929858.8078925475 0
931323.5757299263 1929858.9953313265 0
931323.7100144997 1929859.1717485783 0
931323.853245293 1929859.3591873639 0
931323.9876210005 1929859.546698899 0
931324.1307606358 1929859.7230434075 0
931324.2651363291 1929859.9105549483 0
931324.4083670976 1929860.0979937424 0
931324.5427427788 1929860.285505289 0
931324.6858823923 1929860.461849806 0
931324.8202580615 1929860.6493613545 0
931324.9634888074 1929860.8368001585 0
931325.0978644646 1929861.024311712 0
931325.2410951958 1929861.2117505204 0
931325.3843259228 1929861.399189332 0
931325.5186104182 1929861.5756066106 0
931325.6529860513 1929861.7631181742 0
931325.7873616809 1929861.9506297377 0
931325.930592381 1929862.1380685586 0
931326.0649679962 1929862.325580127 0
931326.1992524626 1929862.5019974178 0
931326.3424831444 1929862.6894362436 0
931326.4768587438 1929862.87694782 0
931326.7544650005 1929863.2518982321 0
931326.8976956572 1929863.4393370678 0
931327.0409263077 1929863.6267759057 0
931327.1752107331 1929863.8031932127 0
931327.3184413734 1929863.9906320556 0
931327.461580864 1929864.1669766193 0
931327.5959564131 1929864.3544882133 0
931327.7391870348 1929864.541927064 0
931327.8823265072 1929864.7182716355 0
931328.025465976 1929864.894616209 0
931328.1686965767 1929865.082055066 0
931328.3118360311 1929865.2583996453 0
931328.4549754818 1929865.434744226 0
931328.5893509887 1929865.6222558364 0
931328.7413455001 1929865.7985276773 0
931329.027624357 1929866.1512168576 0
931329.1619998398 1929866.3387284763 0
931329.3139943286 1929866.5150003273 0
931329.4482786608 1929866.691417669 0
931329.5914180612 1929866.8677622688 0
931329.734648596 1929867.0552011519 0
931329.8777879843 1929867.231545759 0
931330.0209273666 1929867.407890365 0
931330.1553028075 1929867.5954019993 0
931330.3072972528 1929867.77167387 0
931330.4416726816 1929867.9591855085 0
931330.5848120397 1929868.1355301253 0
931330.719096322 1929868.3119474868 0
931330.862326805 1929868.49938639 0
931331.0054661476 1929868.6757310138 0
931331.2829808748 1929869.039587294 0
931331.4261201994 1929869.215931925 0
931331.5604955803 1929869.4034435812 0
931331.7036348907 1929869.5797882157 0
931331.8380102621 1929869.767299877 0
931331.9811495605 1929869.9436445178 0
931332.1155249177 1929870.1311561812 0
931332.2586642064 1929870.3075008283 0
931332.3930395517 1929870.495012498 0
931332.527414891 1929870.6825241686 0
931332.670645294 1929870.8699631027 0
931332.8049294892 1929871.0463804975 0
931332.9481598798 1929871.233819436 0
931333.0825351952 1929871.4213311158 0
931333.2169105045 1929871.6088427997 0
931333.4945161759 1929871.9837934312 0
931333.6288914696 1929872.1713051193 0
931333.7632667549 1929872.3588168118 0
931333.9064971021 1929872.546255765 0
931334.0408723754 1929872.7337674617 0
931334.1841027101 1929872.92120642 0
931334.3184779736 1929873.1087181203 0
931334.4528532288 1929873.2962298219 0
931334.587228478 1929873.4837415256 0
931334.7216037215 1929873.6712532328 0
931334.8559789611 1929873.8587649409 0
931334.9993003901 1929874.057298196 0
931335.1248205493 1929874.244882646 0
931335.2679597057 1929874.421227342 0
931335.4024260499 1929874.6198333406 0
931335.6711764609 1929874.994856782 0
931335.8144067212 1929875.1822957678 0
931335.9487819105 1929875.3698074936 0
931336.083157096 1929875.5573192213 0
931336.2263873378 1929875.744758215 0
931336.3607625089 1929875.9322699485 0
931336.5040838699 1929876.1308032272 0
931336.6384590288 1929876.3183149635 0
931336.7815981163 1929876.4946596844 0
931336.9248283266 1929876.6820986916 0
931337.0592034697 1929876.8696104342 0
931337.2024336676 1929877.0570494435 0
931337.345572733 1929877.2333941744 0
931337.4799478558 1929877.4209059263 0
931337.6143229727 1929877.6084176775 0
931337.7664082102 1929877.7957839612 0
931337.900692187 1929877.9722014365 0
931338.04383122 1929878.148546181 0
931338.1870613744 1929878.3359852065 0
931338.3302003976 1929878.512329955 0
931338.4733394125 1929878.6886747042 0
931338.6165695483 1929878.8761137389 0
931338.7597085533 1929879.0524584923 0
931338.9028475501 1929879.2288032514 0
931339.045986541 1929879.4051480107 0
931339.1980717143 1929879.592514319 0
931339.3411195669 1929879.757764804 0
931339.4843496676 1929879.9452038521 0
931339.6186335745 1929880.1216213545 0
931339.7617725352 1929880.2979661273 0
931339.9138576766 1929880.4853324492 0
931340.048141566 1929880.6617499578 0
931340.2001355675 1929880.8380220055 0
931340.3345105698 1929881.0255338007 0
931340.486504561 1929881.2018058526 0
931340.6207884271 1929881.378223372 0
931340.7640184695 1929881.5656624408 0
931340.9071573842 1929881.7420072318 0
931341.0415323565 1929881.9295190389 0
931341.3278101536 1929882.2822086336 0
931341.4710401652 1929882.4696477137 0
931341.6054151156 1929882.6571595315 0
931341.748553992 1929882.833504336 0
931341.8917839848 1929883.0209434258 0
931342.0260677927 1929883.1973609652 0
931342.1692977755 1929883.3848000602 0
931342.4468115423 1929883.7486567036 0
931342.581095327 1929883.9250742528 0
931342.7154702275 1929884.112586086 0
931342.8587001774 1929884.300025191 0
931342.9930750681 1929884.4875370285 0
931343.1362138845 1929884.663881857 0
931343.2794438179 1929884.851320969 0
931343.4137275678 1929885.0277385323 0
931343.5481935528 1929885.2263446597 0
931343.691332345 1929885.402689498 0
931343.8257071977 1929885.5902013497 0
931343.9689371 1929885.7776404724 0
931344.1120758742 1929885.9539853171 0
931344.2553057619 1929886.1414244468 0
931344.3896805925 1929886.3289363063 0
931344.6761403388 1929886.7038145764 0
931344.8104240301 1929886.880232161 0
931344.9536538866 1929887.0676713013 0
931345.0967926206 1929887.2440161624 0
931345.2400224645 1929887.4314553097 0
931345.3831611843 1929887.607800177 0
931345.5175359643 1929887.7953120528 0
931345.6696208431 1929887.982678479 0
931345.8127595445 1929888.1590233536 0
931345.9559893593 1929888.3464625108 0
931346.0991280485 1929888.5228073895 0
931346.2423578487 1929888.7102465518 0
931346.3854965279 1929888.8865914363 0
931346.5287263156 1929889.0740306028 0
931346.6718649805 1929889.2503754909 0
931346.96708846 1929889.6140868317 0
931347.1102271088 1929889.790431726 0
931347.2622207985 1929889.9667039 0
931347.4054505484 1929890.1541430827 0
931347.548589179 1929890.3304879854 0
931347.6918189164 1929890.5179271726 0
931347.843812583 1929890.6941993563 0
931347.986951193 1929890.8705442662 0
931348.138944845 1929891.046816454 0
931348.282174557 1929891.234255653 0
931348.425313151 1929891.4106005693 0
931348.5685428506 1929891.5980397707 0
931348.7116814301 1929891.774384694 0
931348.8548200058 1929891.9507296188 0
931348.9979585756 1929892.1270745464 0
931349.1322420907 1929892.303492201 0
931349.2753806465 1929892.4798371324 0
931349.4096641501 1929892.6562547884 0
931349.543947648 1929892.8326724516 0
931349.6782311427 1929893.0090901118 0
931349.8125146294 1929893.1855077758 0
931349.9467981107 1929893.3619254422 0
931350.0722265433 1929893.5384158324 0
931350.2064189017 1929893.70373922 0
931350.3318473215 1929893.8802296151 0
931350.4571846246 1929894.0456257302 0
931350.5826130342 1929894.2221161288 0
931350.7080414408 1929894.3986065283 0
931350.8333787266 1929894.5640026475 0
931350.949952079 1929894.7405657733 0
931351.0752893573 1929894.905961897 0
931351.3171999663 1929895.2479211525 0
931351.4336821866 1929895.4133900024 0
931351.5414004695 1929895.5900258566 0
931351.6667377237 1929895.7554219894 0
931351.7832199326 1929895.9208908444 0
931351.8997932442 1929896.0974539807 0
931352.2491487134 1929896.5827662796 0
931352.3656308973 1929896.7482351423 0
931352.4821130767 1929896.9137040065 0
931352.7061312718 1929897.233620179 0
931352.9300583417 1929897.5424420736 0
931353.1449481385 1929897.8291481324 0
931353.3598379209 1929898.1158541965 0
931353.5569265009 1929898.3916114217 0
931353.7449778139 1929898.6452528068 0
931353.9329380086 1929898.887799913 0
931354.1120431509 1929899.1304197432 0
931354.2821110332 1929899.3509237329 0
931354.4432327613 1929899.5604061603 0
931354.6043544792 1929899.769888592 0
931354.7564389389 1929899.9572551802 0
931354.8907222119 1929900.1336729247 0
931355.0248232658 1929900.2879021089 0
931355.2039283495 1929900.530521961 0
931355.3738139624 1929900.728837409 0
931355.5706291014 1929900.9713118356 0
931355.7317507667 1929901.1807942893 0
931355.883835176 1929901.3681608972 0
931356.0358284764 1929901.5444332275 0
931356.1699294869 1929901.6986624291 0
931356.3130677368 1929901.8750074802 0
931356.482953299 1929902.0733229502 0
931356.6707311319 1929902.2936815552 0
931356.8763101272 1929902.5249890166 0
931357.0730340804 1929902.7563691963 0
931357.2696669179 1929902.9766550998 0
931357.4575358103 1929903.2081080046 0
931357.6363674556 1929903.4174450652 0
931357.8956232173 1929903.7148819524 0
931358.056653671 1929903.9132701673 0
931358.2175930133 1929904.100564105 0
931358.3695862156 1929904.2768364763 0
931358.5128154769 1929904.464275846 0
931358.6559536332 1929904.640620937 0
931358.7813817126 1929904.8171114556 0
931358.9156648243 1929904.993529264 0
931359.0410928953 1929905.1700197877 0
931359.1575748282 1929905.3354887425 0
931359.3188785216 1929905.5671598262 0
931359.4622899398 1929905.7767877749 0
931359.5967552193 1929905.9753941572 0
931359.722092162 1929906.140790409 0
931359.8385740706 1929906.3062593737 0
931359.9727660351 1929906.471582917 0