935650.633278 1916109.99156 3
935650.636934 1916110.19492 3
935650.641419 1916110.41233 3
935650.646226 1916110.65855 3
935650.64972 1916110.86448 3
935650.654701 1916111.11509 3
935650.658833 1916111.32115 3
935650.663616 1916111.56505 3
935650.668687 1916111.83018 3
935650.673233 1916112.06017 3
935650.677253 1916112.26366 3
935650.681553 1916112.48314 3
935650.68608 1916112.71337 3
935650.690692 1916112.94494 3
935650.695373 1916113.18176 3
935650.700574 1916113.45031 3
935650.70575 1916113.70886 3
935650.709442 1916113.90893 3
935650.714112 1916114.14746 3
935650.719346 1916114.40235 3
935650.723737 1916114.61036 3
935650.728876 1916114.85292 3
935650.733736 1916115.09194 3
935650.73944 1916115.37112 3
935650.743783 1916115.58499 3
935650.747961 1916115.79105 3
935650.752704 1916116.02202 3
935650.757099 1916116.23845 3
935650.761753 1916116.49333 3
935650.766681 1916116.73577 3
935650.771158 1916116.95086 3
935650.77559 1916117.16107 3
935650.780066 1916117.37043 3
935650.785164 1916117.62812 3
935650.790014 1916117.86873 3
935650.79436 1916118.08345 3
935650.799444 1916118.32662 3
935650.803778 1916118.53146 3
935650.808737 1916118.77097 3
935650.813022 1916118.98081 3
935650.818004 1916119.22472 3
935650.822176 1916119.46092 3
935650.827706 1916119.73753 3
935650.832619 1916119.96264 3
935650.836835 1916120.16919 3
935650.842417 1916120.42713 3
935650.847359 1916120.66481 3
935650.851922 1916120.886 3
935650.856405 1916121.10171 3
935650.860936 1916121.32107 3
935650.865072 1916121.52396 3
935650.869191 1916121.72696 3
935650.874155 1916121.97001 3
935650.884709 1916122.18667 3
935650.91834 1916122.39575 3
935650.954309 1916122.60073 3
935650.992828 1916122.81612 3
935651.039222 1916123.01491 3
935651.114931 1916123.24956 3
935651.186662 1916123.45511 3
935651.285304 1916123.64802 3
935651.379952 1916123.83879 3
935651.481435 1916124.03431 3
935651.610035 1916124.28115 3
935651.711609 1916124.46325 3
935651.810677 1916124.64177 3
935651.924557 1916124.84236 3
935652.052331 1916125.02292 3
935652.162584 1916125.19161 3
935652.279552 1916125.36297 3
935652.396211 1916125.53066 3
935652.536835 1916125.734 3
935652.678537 1916125.93761 3
935652.81041 1916126.12714 3
935652.956484 1916126.33691 3
935653.120158 1916126.57186 3
935653.235795 1916126.7377 3
935653.350141 1916126.90219 3
935653.490427 1916127.08929 3
935653.617645 1916127.26545 3
935653.755769 1916127.45423 3
935653.880925 1916127.61424 3
935654.005368 1916127.77596 3
935654.151607 1916127.96377 3
935654.309136 1916128.16298 3
935654.436573 1916128.32438 3
935654.565307 1916128.48775 3
935654.699494 1916128.6573 3
935654.829417 1916128.82167 3
935654.979906 1916129.01369 3
935655.124484 1916129.19659 3
935655.251011 1916129.35675 3
935655.377688 1916129.51704 3
935655.521882 1916129.70006 3
935655.663458 1916129.89719 3
935655.788144 1916130.06476 3
935655.905913 1916130.23174 3
935656.039164 1916130.41898 3
935656.154716 1916130.5825 3
935656.283126 1916130.76625 3
935656.401894 1916130.94435 3
935656.509306 1916131.12763 3
935656.625414 1916131.32534 3
935656.726501 1916131.50157 3
935656.836618 1916131.69613 3
935656.943789 1916131.886 3
935657.046099 1916132.06689 3
935657.150162 1916132.25074 3
935657.248891 1916132.42559 3
935657.348866 1916132.62096 3
935657.429454 1916132.81725 3
935657.514383 1916133.00433 3
935657.575733 1916133.20654 3
935657.640829 1916133.4265 3
935657.677833 1916133.62685 3
935657.71822 1916133.82445 3
935657.759516 1916134.03403 3
935657.800776 1916134.24397 3
935657.835141 1916134.46259 3
935657.860245 1916134.663 3
935657.885655 1916134.86915 3
935657.908325 1916135.07684 3
935657.931575 1916135.29223 3
935657.953262 1916135.50516 3
935657.97369 1916135.71001 3
935657.99443 1916135.9095 3
935658.021108 1916136.16656 3
935658.044525 1916136.39257 3
935658.069138 1916136.63361 3
935658.092014 1916136.85619 3
935658.114356 1916137.07303 3
935658.13585 1916137.28083 3
935658.158786 1916137.50354 3
935658.182261 1916137.73163 3
935658.205731 1916137.96008 3
935658.228241 1916138.17985 3
935658.252804 1916138.42016 3
935658.274832 1916138.63565 3
935658.296382 1916138.84565 3
935658.318749 1916139.06383 3
935658.342099 1916139.29216 3
935658.368473 1916139.54909 3
935658.391081 1916139.76935 3
935658.414857 1916140.00159 3
935658.436478 1916140.21293 3
935658.461837 1916140.46082 3
935658.486048 1916140.69831 3
935658.508349 1916140.92931 3
935658.532311 1916141.16326 3
935658.558096 1916141.41213 3
935658.579098 1916141.61443 3
935658.608725 1916141.90094 3
935658.633825 1916142.14394 3
935658.659048 1916142.39463 3
935658.681283 1916142.61245 3
935658.702948 1916142.82488 3
935658.727196 1916143.03114 3
935658.757641 1916143.25262 3
935658.785832 1916143.47773 3
935658.813058 1916143.68477 3
935658.835683 1916143.89722 3
935658.860324 1916144.09799 3
935658.885293 1916144.2973 3
935658.909879 1916144.50539 3
935658.935812 1916144.72668 3
935658.960708 1916144.93734 3
935658.985219 1916145.14628 3
935659.013026 1916145.38505 3
935659.037266 1916145.59375 3
935659.060501 1916145.79279 3
935659.08673 1916146.01652 3
935659.111626 1916146.23011 3
935659.136865 1916146.447 3
935659.159745 1916146.64628 3
935659.183464 1916146.8513 3
935659.208295 1916147.06318 3
935659.232515 1916147.27029 3
935659.255559 1916147.47176 3
935659.281309 1916147.68146 3
935659.305192 1916147.88673 3
935659.331857 1916148.11475 3
935659.361505 1916148.36819 3
935659.384339 1916148.57613 3
935659.408792 1916148.78105 3
935659.432888 1916148.98156 3
935659.460073 1916149.21239 3
935659.475971 1916149.4345 3
935659.496395 1916149.64045 3
935659.508205 1916149.85774 3
935659.521766 1916150.07712 3
935659.525289 1916150.28024 3
935659.52564 1916150.48136 3
935659.525105 1916150.68637 3
935659.523944 1916150.91162 3
935659.52201 1916151.1116 3
935659.52007 1916151.31769 3
935659.518074 1916151.54268 3
935659.515904 1916151.76426 3
935659.51388 1916151.99683 3
935659.512096 1916152.22488 3
935659.510129 1916152.44707 3
935659.508163 1916152.66926 3
935659.506346 1916152.8801 3
935659.504518 1916153.09546 3
935659.502677 1916153.31363 3
935659.500651 1916153.55303 3
935659.498356 1916153.80365 3
935659.496735 1916154.02523 3
935659.49535 1916154.22523 3
935659.493522 1916154.46658 3
935659.491503 1916154.66998 3
935659.489782 1916154.88729 3
935659.488006 1916155.11668 3
935659.486351 1916155.34327 3
935659.484586 1916155.55571 3
935659.482684 1916155.76325 3
935659.480922 1916155.96678 3
935659.47871 1916156.21313 3
935659.476737 1916156.41933 3
935659.474815 1916156.63396 3
935659.473 1916156.85432 3
935659.471069 1916157.07615 3
935659.468818 1916157.32982 3
935659.467008 1916157.54408 3
935659.465172 1916157.77823 3
935659.463309 1916158.02276 3
935659.461668 1916158.24178 3
935659.460139 1916158.4508 3
935659.459311 1916158.66276 3
935659.452139 1916158.8939 3
935659.446559 1916159.09578 3
935659.439752 1916159.31728 3
935659.431357 1916159.56207 3
935659.421056 1916159.80194 3
935659.413093 1916160.00598 3
935659.404355 1916160.25308 3
935659.396749 1916160.45578 3
935659.386218 1916160.70822 3
935659.375152 1916160.99348 3
935659.36646 1916161.22521 3
935659.356814 1916161.48535 3
935659.356058 1916161.7111 3
935659.350632 1916161.92921 3
935659.346101 1916162.1477 3
935659.342615 1916162.36181 3
935659.338858 1916162.58825 3
935659.33521 1916162.80102 3
935659.33169 1916163.00671 3
935659.328173 1916163.2113 3
935659.324094 1916163.44932 3
935659.319854 1916163.69467 3
935659.315652 1916163.93952 3
935659.311833 1916164.16119 3
935659.308971 1916164.39277 3
935659.307523 1916164.59666 3
935659.306723 1916164.79727 3
935659.306045 1916165.02571 3
935659.305447 1916165.27038 3
935659.304986 1916165.47648 3
935659.304447 1916165.69333 3
935659.303822 1916165.90212 3
935659.303152 1916166.11371 3
935659.302556 1916166.32067 3
935659.301961 1916166.52177 3
935659.301367 1916166.72861 3
935659.300827 1916166.93398 3
935659.300328 1916167.13484 3
935659.299747 1916167.34851 3
935659.299249 1916167.55023 3
935659.298425 1916167.7706 3
935659.297825 1916167.97207 3
935659.280859 1916168.19647 3
935659.245907 1916168.40752 3
935659.190236 1916168.60531 3
935659.103427 1916168.81492 3
935659.016859 1916168.99685 3
935658.918879 1916169.19811 3
935658.827378 1916169.37654 3
935658.711478 1916169.57276 3
935658.606834 1916169.75855 3
935658.497349 1916169.9456 3
935658.389905 1916170.12804 3
935658.283166 1916170.3083 3
935658.176498 1916170.49088 3
935658.066939 1916170.67781 3
935657.965749 1916170.85059 3
935657.87299 1916171.03815 3
935657.770031 1916171.23018 3
935657.671882 1916171.42095 3
935657.575041 1916171.61003 3
935657.471954 1916171.81207 3
935657.35965 1916172.0413 3
935657.274468 1916172.23776 3
935657.19455 1916172.43895 3
935657.123268 1916172.63234 3
935657.043605 1916172.85306 3
935656.970106 1916173.0602 3
935656.882266 1916173.24442 3
935656.778132 1916173.44132 3
935656.669034 1916173.60971 3
935656.551723 1916173.78333 3
935656.417414 1916173.97841 3
935656.290649 1916174.16335 3
935656.162273 1916174.35083 3
935656.045128 1916174.52165 3
935655.92022 1916174.70394 3
935655.80234 1916174.87597 3
935655.676946 1916175.05911 3
935655.555112 1916175.2351 3
935655.427617 1916175.42089 3
935655.307062 1916175.59703 3
935655.182435 1916175.77896 3
935655.055794 1916175.96183 3
935654.912904 1916176.16995 3
935654.780674 1916176.36286 3
935654.623636 1916176.5926 3
935654.478376 1916176.80496 3
935654.337877 1916177.00945 3
935654.223629 1916177.17556 3
935654.105163 1916177.34794 3
935653.96146 1916177.55825 3
935653.837687 1916177.74019 3
935653.735283 1916177.93284 3
935653.632595 1916178.11549 3
935653.53603 1916178.30543 3
935653.442134 1916178.49443 3
935653.352567 1916178.67789 3
935653.251749 1916178.8879 3
935653.156934 1916179.08385 3
935653.062691 1916179.26882 3
935652.965071 1916179.46277 3
935652.85103 1916179.68318 3
935652.735051 1916179.87477 3
935652.590716 1916180.11435 3
935652.459523 1916180.28995 3
935652.322978 1916180.45961 3
935652.171513 1916180.65344 3
935652.036071 1916180.81994 3
935651.870416 1916181.02074 3
935651.741877 1916181.17711 3
935651.563274 1916181.40467 3
935651.43207 1916181.59345 3
935651.308197 1916181.76819 3
935651.197493 1916181.94839 3
935651.094181 1916182.12041 3
935650.998897 1916182.31232 3
935650.911367 1916182.49813 3
935650.809376 1916182.71666 3
935650.700299 1916182.95497 3
935650.584914 1916183.22259 3
935650.500699 1916183.41773 3
935650.434001 1916183.63084 3
935650.373054 1916183.83428 3
935650.321977 1916184.04447 3
935650.272432 1916184.24357 3
935650.217713 1916184.47274 3
935650.169739 1916184.67577 3
935650.123225 1916184.87236 3
935650.072186 1916185.0878 3
935650.020892 1916185.30396 3
935649.966088 1916185.56156 3
935649.914756 1916185.87827 3
935649.874514 1916186.09681 3
935649.83903 1916186.29711 3
935649.80131 1916186.51727 3
935649.766941 1916186.71845 3
935649.724495 1916186.96538 3
935649.694391 1916187.17944 3
935649.674358 1916187.39524 3
935649.647719 1916187.62461 3
935649.626486 1916187.83624 3
935649.602811 1916188.07591 3
935649.584752 1916188.29613 3
935649.571074 1916188.51423 3
935649.558813 1916188.72186 3
935649.551829 1916188.92286 3
935649.54233 1916189.14774 3
935649.534101 1916189.35604 3
935649.524851 1916189.61144 3
935649.517351 1916189.81609 3
935649.510005 1916190.01867 3
935649.500381 1916190.25917 3
935649.492905 1916190.46614 3
935649.484257 1916190.70567 3
935649.48261 1916190.93373 3
935649.477528 1916191.1638 3
935649.47391 1916191.3651 3
935649.464841 1916191.57827 3
935649.458714 1916191.80796 3
935649.451816 1916192.02654 3
935649.444095 1916192.249 3
935649.436231 1916192.47757 3
935649.429001 1916192.69113 3
935649.422009 1916192.89933 3
935649.414232 1916193.11472 3
935649.407657 1916193.31683 3
935649.400493 1916193.52624 3
935649.39257 1916193.74126 3
935649.385176 1916193.96325 3
935649.377404 1916194.19657 3
935649.368448 1916194.46612 3
935649.361215 1916194.68567 3
935649.354576 1916194.88802 3
935649.346431 1916195.1333 3
935649.337806 1916195.3926 3
935649.328428 1916195.67338 3
935649.318589 1916195.96878 3
935649.30841 1916196.2731 3
935649.297614 1916196.59814 3
935649.290298 1916196.81903 3
935649.280488 1916197.11651 3
935649.273733 1916197.3213 3
935649.264481 1916197.59988 3
935649.254497 1916197.8987 3
935649.247575 1916198.10629 3
935649.239853 1916198.34035 3
935649.231612 1916198.58307 3
935649.220282 1916198.88882 3
935649.210488 1916199.17374 3
935649.203619 1916199.37413 3
935649.195195 1916199.62551 3
935649.187756 1916199.84749 3
935649.178514 1916200.13315 3
935649.170232 1916200.39099 3
935649.161387 1916200.65933 3
935649.154125 1916200.87777 3
935649.143947 1916201.18404 3
935649.133993 1916201.45491 3
935649.125455 1916201.69043 3
935649.116695 1916201.96205 3
935649.108398 1916202.22368 3
935649.099554 1916202.49678 3
935649.090686 1916202.76365 3
935649.082157 1916203.02161 3
935649.073418 1916203.26115 3
935649.065701 1916203.48813 3
935649.058526 1916203.70499 3
935649.051858 1916203.90526 3
935649.042622 1916204.18091 3
935649.0343 1916204.43644 3
935649.027291 1916204.65147 3
935649.018401 1916204.91687 3
935649.011123 1916205.13251 3
935649.004245 1916205.33449 3
935648.995965 1916205.55756 3
935648.988844 1916205.76234 3
935648.981905 1916205.97493 3
935648.974377 1916206.20826 3
935648.96628 1916206.45342 3
935648.958858 1916206.67626 3
935648.950556 1916206.90165 3
935648.942258 1916207.15376 3
935648.934566 1916207.37915 3
935648.926901 1916207.60003 3
935648.919527 1916207.81884 3
935648.911623 1916208.05278 3
935648.903339 1916208.29537 3
935648.896196 1916208.5054 3
935648.888339 1916208.73641 3
935648.881319 1916208.94058 3
935648.874029 1916209.15219 3
935648.866667 1916209.36258 3
935648.859229 1916209.57578 3
935648.852072 1916209.78092 3
935648.844523 1916209.99924 3
