99.0977020264 1252.94909668 0
99.1465454102 1253.03979492 0
99.1981964111 1253.13354492 0
99.2478027344 1253.22302246 0
99.3126220703 1253.33984375 0
99.3670349121 1253.43811035 0
99.4279403687 1253.54833984 0
99.4795913696 1253.6418457 0
99.5544967651 1253.77758789 0
99.6038970947 1253.8671875 0
99.6560211182 1253.96142578 0
99.722442627 1254.08178711 0
99.7761688232 1254.17907715 0
99.8333740234 1254.28259277 0
99.9081497192 1254.41809082 0
99.9794311523 1254.54760742 0
100.057594299 1254.68969727 0
100.131088257 1254.82336426 0
100.216110229 1254.9777832 0
100.29083252 1255.11352539 0
100.373352051 1255.26330566 0
100.441665649 1255.38708496 0
100.511779785 1255.5144043 0
100.577339172 1255.63330078 0
100.654373169 1255.77294922 0
100.737556458 1255.92407227 0
100.792098999 1256.02282715 0
100.890853882 1256.20202637 0
101.006401062 1256.41149902 0
101.099853516 1256.58081055 0
101.16733551 1256.70300293 0
101.267822266 1256.88500977 0
101.334289551 1257.00537109 0
101.437240601 1257.19152832 0
101.495864868 1257.29760742 0
101.619888306 1257.52197266 0
101.678344727 1257.62768555 0
101.728164673 1257.71789551 0
101.806610107 1257.85961914 0
101.869308472 1257.97290039 0
101.961601257 1258.13989258 0
102.063621521 1258.32434082 0
102.194999695 1258.56201172 0
102.259460449 1258.67858887 0
102.38129425 1258.89929199 0
102.468528748 1259.05725098 0
102.545074463 1259.19580078 0
102.605880737 1259.30603027 0
102.677429199 1259.43554688 0
102.755836487 1259.57763672 0
102.8204422 1259.69470215 0
102.896781921 1259.83288574 0
102.97543335 1259.97521973 0
103.120353699 1260.23742676 0
103.199966431 1260.3815918 0
103.371612549 1260.68786621 0
103.427032471 1260.78308105 0
103.59588623 1261.07397461 0
103.661048889 1261.1854248 0
103.82396698 1261.45544434 0
103.93397522 1261.63330078 0
104.086303711 1261.8762207 0
104.193595886 1262.04614258 0
104.33706665 1262.2722168 0
104.534942627 1262.58374023 0
104.6120224 1262.70495605 0
104.710502625 1262.85974121 0
104.79447937 1262.99169922 0
104.884384155 1263.13293457 0
104.980026245 1263.28320312 0
105.074073792 1263.4309082 0
105.159446716 1263.56494141 0
105.260620117 1263.72363281 0
105.362731934 1263.88293457 0
105.452110291 1264.0189209 0
105.545776367 1264.1583252 0
105.657592773 1264.3269043 0
105.739685059 1264.45068359 0
105.840499878 1264.59960938 0
105.952590942 1264.76208496 0
106.084442139 1264.94995117 0
106.159858704 1265.05627441 0
106.265228271 1265.20397949 0
106.39616394 1265.38635254 0
106.475997925 1265.49731445 0
106.577285767 1265.63769531 0
106.712875366 1265.82128906 0
106.79624939 1265.9317627 0
106.906097412 1266.07373047 0
107.023239136 1266.22558594 0
107.123245239 1266.35534668 0
107.300300598 1266.57592773 0
107.371665955 1266.66003418 0
107.557296753 1266.86914062 0
107.680236816 1267.00793457 0
107.818092346 1267.16137695 0
107.905990601 1267.25732422 0
108.026672363 1267.38671875 0
108.164741516 1267.53222656 0
108.277191162 1267.64892578 0
108.40688324 1267.78051758 0
108.693031311 1268.05993652 0
108.785385132 1268.1505127 0
108.907623291 1268.26843262 0
109.053955078 1268.40698242 0
109.170753479 1268.51538086 0
109.298233032 1268.63183594 0
109.445159912 1268.7644043 0
109.602798462 1268.90563965 0
109.70715332 1268.9987793 0
109.855278015 1269.13037109 0
109.994049072 1269.25341797 0
110.10559845 1269.35217285 0
110.275268555 1269.50219727 0
110.409568787 1269.62084961 0
110.497680664 1269.69873047 0
110.690475464 1269.86975098 0
110.840873718 1270.00634766 0
111.066558838 1270.21411133 0
111.395851135 1270.51721191 0
111.505813599 1270.62084961 0
111.682502747 1270.79248047 0
111.807594299 1270.91918945 0
111.891815186 1271.00732422 0
112.05809021 1271.18115234 0
112.180931091 1271.30895996 0
112.433319092 1271.57666016 0
112.564849854 1271.71887207 0
112.64150238 1271.80249023 0
112.80696106 1271.98486328 0
112.940254211 1272.13305664 0
113.012535095 1272.21362305 0
113.184539795 1272.40612793 0
113.321914673 1272.56237793 0
113.548721313 1272.8293457 0
113.679382324 1272.98681641 0
113.745643616 1273.0657959 0
113.938980103 1273.29882812 0
114.039840698 1273.42248535 0
114.310058594 1273.76000977 0
114.396453857 1273.86987305 0
114.508773804 1274.01672363 0
114.657485962 1274.21740723 0
114.803634644 1274.42407227 0
115.018112183 1274.72412109 0
115.12638855 1274.87805176 0
115.333099365 1275.1784668 0
115.446899414 1275.34692383 0
115.675460815 1275.69470215 0
115.754959106 1275.82055664 0
115.966461182 1276.17114258 0
116.145202637 1276.47045898 0
116.252670288 1276.65441895 0
116.326065063 1276.78198242 0
116.424438477 1276.95495605 0
116.507324219 1277.10229492 0
116.579627991 1277.23168945 0
116.695960999 1277.44116211 0
116.785202026 1277.6027832 0
116.881454468 1277.77758789 0
116.977279663 1277.95202637 0
117.064308167 1278.11096191 0
117.129722595 1278.23071289 0
117.253158569 1278.45678711 0
117.344436646 1278.62402344 0
117.441001892 1278.80566406 0
117.619033813 1279.14318848 0
117.71105957 1279.31713867 0
117.899261475 1279.67919922 0
117.974411011 1279.82641602 0
118.161804199 1280.19799805 0
118.25718689 1280.3885498 0
118.420722961 1280.7166748 0
118.526672363 1280.92956543 0
118.587928772 1281.05273438 0
118.6901474 1281.25817871 0
118.795219421 1281.46960449 0
118.85848999 1281.59692383 0
118.954452515 1281.78991699 0
119.058937073 1282.0 0
119.123214722 1282.12915039 0
119.221611023 1282.32666016 0
119.304405212 1282.49291992 0
119.380813599 1282.64624023 0
119.494438171 1282.87451172 0
119.585708618 1283.06286621 0
119.647361755 1283.19274902 0
119.753753662 1283.41772461 0
119.848381042 1283.61572266 0
119.902503967 1283.73059082 0
119.964500427 1283.8638916 0
120.194732666 1284.37329102 0
120.34261322 1284.70898438 0
120.416931152 1284.87963867 0
120.477256775 1285.01916504 0
120.582183838 1285.26281738 0
120.656509399 1285.43603516 0
120.697937012 1285.53283691 0
120.812164307 1285.79992676 0
120.904472351 1286.01599121 0
121.051513672 1286.36071777 0
121.137680054 1286.56274414 0
121.184951782 1286.67358398 0
121.295722961 1286.93322754 0
121.382484436 1287.13671875 0
121.426383972 1287.23974609 0
121.532798767 1287.48901367 0
121.619110107 1287.69140625 0
121.667495728 1287.8046875 0
121.77381897 1288.05407715 0
121.859420776 1288.25488281 0
121.904129028 1288.35961914 0
122.018951416 1288.62878418 0
122.10521698 1288.83093262 0
122.147903442 1288.93103027 0
122.282791138 1289.24707031 0
122.342247009 1289.38623047 0
122.474914551 1289.69677734 0
122.536605835 1289.84130859 0
122.61769104 1290.03125 0
122.690223694 1290.20117188 0
122.800804138 1290.46020508 0
122.858032227 1290.59423828 0
122.900421143 1290.69348145 0
123.040298462 1291.02148438 0
123.104042053 1291.17077637 0
123.144889832 1291.26660156 0
123.264350891 1291.54650879 0
123.339019775 1291.72143555 0
123.385681152 1291.83081055 0
123.516693115 1292.13793945 0
123.583511353 1292.29467773 0
123.626754761 1292.39624023 0
123.753845215 1292.69458008 0
123.852890015 1292.92724609 0
123.991607666 1293.25341797 0
124.089538574 1293.48364258 0
124.234512329 1293.82421875 0
124.313728333 1294.01025391 0
124.38142395 1294.16906738 0
124.438957214 1294.30419922 0
124.525085449 1294.50634766 0
124.618217468 1294.72497559 0
124.677597046 1294.86425781 0
124.769683838 1295.08044434 0
124.882423401 1295.3449707 0
124.940353394 1295.48095703 0
124.982154846 1295.57910156 0
125.119796753 1295.90209961 0
125.184837341 1296.05480957 0
125.270057678 1296.25476074 0
125.347549438 1296.43652344 0
125.420303345 1296.6072998 0
125.466026306 1296.71459961 0
125.598335266 1297.02490234 0
125.663818359 1297.17858887 0
125.704193115 1297.27319336 0
125.836585999 1297.58374023 0
125.930343628 1297.8034668 0
125.987640381 1297.93774414 0
126.078086853 1298.1496582 0
126.178268433 1298.38452148 0
126.318954468 1298.71398926 0
126.420852661 1298.95275879 0
126.562469482 1299.2845459 0
126.641998291 1299.4708252 0
126.70135498 1299.60998535 0
126.808036804 1299.86035156 0
126.891929626 1300.05700684 0
126.940933228 1300.17199707 0
127.051345825 1300.43103027 0
127.091323853 1300.52478027 0
127.135925293 1300.62939453 0
127.297782898 1301.00915527 0
127.384490967 1301.21264648 0
127.464988708 1301.40161133 0
127.544372559 1301.58789062 0
127.628417969 1301.78515625 0
127.700950623 1301.95532227 0
127.747497559 1302.0645752 0
127.872817993 1302.35839844 0
127.946960449 1302.5324707 0
128.029907227 1302.72729492 0
128.117523193 1302.93310547 0
128.188812256 1303.1003418 0
128.271148682 1303.29394531 0
128.362243652 1303.50805664 0
128.431854248 1303.67163086 0
128.513671875 1303.8638916 0
128.601516724 1304.0703125 0
128.700820923 1304.30371094 0
128.754196167 1304.42895508 0
128.840057373 1304.63061523 0
128.944488525 1304.87573242 0
128.998321533 1305.00219727 0
129.08392334 1305.20288086 0
129.189819336 1305.45153809 0
129.333251953 1305.78820801 0
129.430557251 1306.01660156 0
129.508224487 1306.19897461 0
129.550079346 1306.29711914 0
129.629516602 1306.48352051 0
129.711639404 1306.67626953 0
129.79473877 1306.87133789 0
129.870269775 1307.04870605 0
129.984054565 1307.31567383 0
130.041473389 1307.45056152 0
130.084518433 1307.55151367 0
130.225540161 1307.88256836 0
130.280502319 1308.01159668 0
130.327011108 1308.12084961 0
130.44619751 1308.40063477 0
130.540130615 1308.62121582 0
130.619537354 1308.80773926 0
130.694793701 1308.984375 0
130.789672852 1309.20690918 0
130.858322144 1309.36804199 0
130.93800354 1309.55493164 0
131.031890869 1309.77502441 0
131.109130859 1309.95605469 0
131.196029663 1310.15942383 0
131.273620605 1310.34094238 0
131.354797363 1310.53088379 0
131.539428711 1310.96276855 0
131.594726562 1311.09240723 0
131.680114746 1311.29272461 0
131.777801514 1311.52172852 0
131.914154053 1311.84191895 0
132.076141357 1312.22229004 0
132.151611328 1312.39941406 0
132.194000244 1312.49890137 0
132.322174072 1312.79980469 0
132.406494141 1312.99755859 0
132.487136841 1313.18676758 0
132.562011719 1313.36230469 0
132.649536133 1313.56750488 0
132.732513428 1313.76208496 0
132.808517456 1313.94018555 0
132.895385742 1314.14404297 0
132.971710205 1314.32885742 0
133.059631348 1314.55126953 0
133.120330811 1314.70458984 0
133.192749023 1314.88427734 0
133.233718872 1314.9864502 0
133.338165283 1315.24963379 0
133.418960571 1315.45605469 0
133.577697754 1315.8671875 0
133.630950928 1316.00646973 0
133.705230713 1316.20166016 0
133.788101196 1316.42016602 0
133.84602356 1316.57324219 0
133.883209229 1316.671875 0
133.996704102 1316.97314453 0
134.083053589 1317.20263672 0
134.137298584 1317.34692383 0
134.321380615 1317.83898926 0
134.3621521 1317.95178223 0
134.434326172 1318.14929199 0
134.547729492 1318.45751953 0
134.599517822 1318.59985352 0
134.637634277 1318.7052002 0
134.751190186 1319.02197266 0
134.842880249 1319.28051758 0
134.942443848 1319.5625 0
135.044067383 1319.85119629 0
135.14100647 1320.13366699 0
135.220397949 1320.37988281 0
135.330230713 1320.73022461 0
135.395797729 1320.93676758 0
135.474746704 1321.19055176 0
135.557907104 1321.46508789 0
135.600585938 1321.60876465 0
135.641601562 1321.74804688 0
135.728759766 1322.04870605 0
135.773284912 1322.2043457 0
135.812103271 1322.34082031 0
135.872192383 1322.5534668 0
135.93572998 1322.77954102 0
136.040328979 1323.15380859 0
136.117355347 1323.43041992 0
136.160812378 1323.58666992 0
136.221160889 1323.80407715 0
136.268493652 1323.97753906 0
136.317398071 1324.16479492 0
136.370864868 1324.37683105 0
136.420349121 1324.56848145 0
136.466812134 1324.75 0
136.517333984 1324.95227051 0
136.564193726 1325.1451416 0
136.655838013 1325.53552246 0
136.706695557 1325.75830078 0
136.757247925 1325.98352051 0
136.790466309 1326.13305664 0
136.838241577 1326.34985352 0
136.8777771 1326.53051758 0
136.918914795 1326.71875 0
136.963745117 1326.92492676 0
137.008605957 1327.1315918 0
137.048980713 1327.31799316 0
137.096557617 1327.53747559 0
137.137084961 1327.72424316 0
137.189285278 1327.96508789 0
137.222320557 1328.11767578 0
137.271240234 1328.34326172 0
137.309143066 1328.51818848 0
137.381881714 1328.8536377 0
137.429321289 1329.07250977 0
137.453384399 1329.18359375 0
137.513168335 1329.45935059 0
137.561950684 1329.68444824 0
137.598709106 1329.85400391 0
137.643997192 1330.06286621 0
137.688415527 1330.26757812 0
137.71434021 1330.38696289 0
137.773086548 1330.65771484 0
137.820053101 1330.87402344 0
137.844329834 1330.98583984 0
137.916152954 1331.31677246 0
137.949752808 1331.47155762 0
137.974182129 1331.58398438 0
138.047149658 1331.92004395 0
138.080963135 1332.07568359 0
138.129486084 1332.29907227 0
138.177825928 1332.52172852 0
138.210021973 1332.6697998 0
138.260345459 1332.90124512 0
138.311859131 1333.13806152 0
138.34161377 1333.27490234 0
138.364837646 1333.38378906 0
138.425689697 1333.6887207 0
138.459365845 1333.87658691 0
138.477340698 1333.9765625 0
138.533737183 1334.2767334 0
138.580688477 1334.53063965 0
138.650177002 1334.92138672 0
138.69090271 1335.15820312 0
138.728103638 1335.37915039 0
138.756225586 1335.5489502 0
138.79788208 1335.80419922 0
138.822952271 1335.95959473 0
138.859191895 1336.18603516 0
138.896530151 1336.42114258 0
138.919570923 1336.56689453 0
138.954803467 1336.79064941 0
138.991790771 1337.02587891 0
139.014831543 1337.17419434 0
139.045440674 1337.38598633 0
139.075241089 1337.61096191 0
139.097183228 1337.7722168 0
139.125610352 1337.9786377 0
139.149612427 1338.15942383 0
139.175415039 1338.36218262 0
139.199127197 1338.55712891 0
139.226348877 1338.7902832 0
139.244125366 1338.94702148 0
139.268325806 1339.16625977 0
139.292480469 1339.39086914 0
139.316726685 1339.62011719 0
139.331253052 1339.7590332 0
139.354431152 1339.98266602 0
139.377319336 1340.21020508 0
139.390777588 1340.35986328 0
139.424499512 1340.85192871 0
139.432312012 1341.01464844 0
139.444274902 1341.22924805 0
139.453033447 1341.39709473 0
139.461837769 1341.59387207 0
139.469314575 1341.80151367 0
139.473693848 1341.96154785 0
139.477386475 1342.19458008 0
139.478439331 1342.3302002 0
139.479751587 1342.52246094 0
139.480758667 1342.6763916 0
139.4818573 1342.83190918 0
139.483139038 1343.00292969 0
139.484313965 1343.15771484 0
139.485839844 1343.36181641 0
139.486572266 1343.46533203 0
139.488998413 1343.78955078 0
139.491470337 1343.90270996 0
139.498382568 1344.20080566 0
139.500930786 1344.3692627 0
139.503616333 1344.5435791 0
139.505783081 1344.66870117 0
139.509780884 1344.88989258 0
139.515213013 1345.20996094 0
139.518249512 1345.40600586 0
139.521102905 1345.61206055 0
139.528274536 1345.77880859 0
139.532775879 1345.94030762 0
139.537719727 1346.11706543 0
139.541778564 1346.2512207 0
139.546676636 1346.40234375 0
139.5521698 1346.56518555 0
139.558303833 1346.74291992 0
139.564300537 1346.90686035 0
139.568389893 1347.00695801 0
139.5753479 1347.20703125 0
139.581054688 1347.38208008 0
139.584503174 1347.48681641 0
139.590682983 1347.67041016 0
139.598892212 1347.91418457 0
139.605453491 1348.10888672 0
139.61114502 1348.27783203 0
139.615921021 1348.41918945 0
139.620269775 1348.54589844 0
139.625579834 1348.69873047 0
139.631668091 1348.87304688 0
139.636947632 1349.02282715 0
139.645477295 1349.24389648 0
139.652923584 1349.37670898 0
139.66192627 1349.59619141 0
139.667098999 1349.70959473 0
139.679641724 1349.95507812 0
139.685638428 1350.06640625 0
139.698440552 1350.29589844 0
139.706512451 1350.42724609 0
139.713058472 1350.53479004 0
139.724639893 1350.73132324 0
139.733901978 1350.8918457 0
139.740310669 1351.00231934 0
139.752807617 1351.21533203 0
139.759185791 1351.32189941 0
139.766784668 1351.44824219 0
139.774276733 1351.57324219 0
139.781341553 1351.69177246 0
139.790328979 1351.84680176 0
139.799713135 1352.01025391 0
139.807250977 1352.1418457 0
139.81477356 1352.27246094 0
139.822280884 1352.40307617 0
139.828567505 1352.51660156 0
