98.3316650391 1251.40319824 0
98.4382781982 1251.59570312 0
98.5468063354 1251.78869629 0
98.6683120728 1252.0045166 0
98.7716522217 1252.18847656 0
98.878578186 1252.37878418 0
99.0011749268 1252.5970459 0
99.1332015991 1252.83203125 0
99.2347335815 1253.01269531 0
99.333770752 1253.18896484 0
99.4518737793 1253.39953613 0
99.5805664062 1253.62878418 0
99.7157974243 1253.87036133 0
99.816986084 1254.05078125 0
99.9167404175 1254.2286377 0
100.041343689 1254.45092773 0
100.153511047 1254.65136719 0
100.265281677 1254.85119629 0
100.429077148 1255.1439209 0
100.535522461 1255.33398438 0
100.713020325 1255.65087891 0
100.899909973 1255.98425293 0
101.028839111 1256.21435547 0
101.168235779 1256.46313477 0
101.322593689 1256.73815918 0
101.429901123 1256.92944336 0
101.529289246 1257.10644531 0
101.652603149 1257.32617188 0
101.797546387 1257.58422852 0
101.92691803 1257.8145752 0
102.061935425 1258.05322266 0
102.23122406 1258.33569336 0
102.365188599 1258.55883789 0
102.520187378 1258.80859375 0
102.686973572 1259.06567383 0
102.858581543 1259.32397461 0
103.002624512 1259.53833008 0
103.117202759 1259.70825195 0
103.270103455 1259.9342041 0
103.387649536 1260.10766602 0
103.588127136 1260.40332031 0
103.704299927 1260.57458496 0
103.924621582 1260.88989258 0
104.127120972 1261.18066406 0
104.310470581 1261.43725586 0
104.54132843 1261.75415039 0
104.719085693 1261.99597168 0
104.841590881 1262.16223145 0
105.0284729 1262.4152832 0
105.228034973 1262.6854248 0
105.450775146 1262.98681641 0
105.584701538 1263.16772461 0
105.774345398 1263.42431641 0
105.991195679 1263.71362305 0
106.305099487 1264.12060547 0
106.439888 1264.29394531 0
106.677192688 1264.59094238 0
106.891983032 1264.85375977 0
107.030540466 1265.02172852 0
107.244941711 1265.28015137 0
107.389602661 1265.45385742 0
107.604705811 1265.71166992 0
107.760101318 1265.89794922 0
107.971954346 1266.15112305 0
108.180297852 1266.40039062 0
108.341995239 1266.59387207 0
108.541732788 1266.83251953 0
108.716018677 1267.04077148 0
108.900497437 1267.26098633 0
109.079376221 1267.4744873 0
109.222389221 1267.64099121 0
109.50579834 1267.96948242 0
109.66431427 1268.1529541 0
109.860801697 1268.37719727 0
110.045761108 1268.5847168 0
110.251701355 1268.81420898 0
110.558525085 1269.15344238 0
110.721221924 1269.33276367 0
111.066413879 1269.71252441 0
111.227088928 1269.88916016 0
111.545379639 1270.24755859 0
111.776344299 1270.52197266 0
111.973213196 1270.75537109 0
112.216400146 1271.04785156 0
112.351715088 1271.21337891 0
112.592086792 1271.51159668 0
112.726272583 1271.6796875 0
112.962905884 1271.98071289 0
113.093437195 1272.15246582 0
113.307182312 1272.44824219 0
113.428497314 1272.61572266 0
113.647003174 1272.91955566 0
113.862487793 1273.22631836 0
113.994689941 1273.41748047 0
114.122962952 1273.6048584 0
114.327911377 1273.90698242 0
114.451019287 1274.08947754 0
114.658218384 1274.39746094 0
114.778778076 1274.5802002 0
115.005233765 1274.93530273 0
115.205413818 1275.24987793 0
115.320159912 1275.43383789 0
115.510108948 1275.74743652 0
115.623641968 1275.93945312 0
115.813369751 1276.26501465 0
115.919654846 1276.44970703 0
116.116127014 1276.79394531 0
116.294090271 1277.10791016 0
116.40020752 1277.29602051 0
116.504447937 1277.48083496 0
116.687416077 1277.8157959 0
116.801223755 1278.02404785 0
116.971008301 1278.33569336 0
117.183448792 1278.73339844 0
117.304977417 1278.96411133 0
117.458053589 1279.25732422 0
117.634368896 1279.59741211 0
117.809646606 1279.93676758 0
117.906021118 1280.12402344 0
118.111572266 1280.52319336 0
118.289848328 1280.86950684 0
118.394508362 1281.07263184 0
118.55821228 1281.39001465 0
118.676269531 1281.6192627 0
118.838020325 1281.94055176 0
119.010986328 1282.28100586 0
119.113166809 1282.48425293 0
119.209320068 1282.67687988 0
119.382522583 1283.02697754 0
119.611091614 1283.49267578 0
119.785140991 1283.84863281 0
119.904266357 1284.0925293 0
120.071426392 1284.43518066 0
120.236282349 1284.77319336 0
120.333328247 1284.97216797 0
120.432678223 1285.17590332 0
120.603820801 1285.5267334 0
120.701766968 1285.72753906 0
120.868728638 1286.06970215 0
120.967582703 1286.27246094 0
121.140655518 1286.62719727 0
121.240341187 1286.83154297 0
121.411056519 1287.18139648 0
121.510414124 1287.38500977 0
121.682952881 1287.73840332 0
121.779144287 1287.9354248 0
121.949188232 1288.28808594 0
122.127708435 1288.65661621 0
122.238746643 1288.88720703 0
122.40133667 1289.22570801 0
122.575698853 1289.58935547 0
122.759536743 1289.97387695 0
122.889549255 1290.24584961 0
123.021530151 1290.5222168 0
123.135665894 1290.76135254 0
123.292732239 1291.09716797 0
123.446411133 1291.43566895 0
123.536399841 1291.63037109 0
123.630393982 1291.83496094 0
123.793571472 1292.19311523 0
123.882324219 1292.38964844 0
124.044967651 1292.75195312 0
124.132164001 1292.94702148 0
124.29209137 1293.30541992 0
124.381561279 1293.50610352 0
124.609848022 1294.01904297 0
124.775382996 1294.39099121 0
124.872840881 1294.60998535 0
125.025238037 1294.95239258 0
125.116928101 1295.15844727 0
125.279388428 1295.52355957 0
125.365341187 1295.71679688 0
125.552856445 1296.13793945 0
125.659263611 1296.37695312 0
125.80153656 1296.6965332 0
125.914390564 1296.9498291 0
126.031555176 1297.21264648 0
126.156173706 1297.49243164 0
126.292831421 1297.79907227 0
126.411125183 1298.0645752 0
126.547805786 1298.37109375 0
126.658584595 1298.61950684 0
126.796386719 1298.92858887 0
126.89138031 1299.14160156 0
127.191963196 1299.81616211 0
127.345352173 1300.16040039 0
127.482833862 1300.46899414 0
127.594467163 1300.72119141 0
127.725723267 1301.03112793 0
127.830535889 1301.2755127 0
127.914146423 1301.47070312 0
128.068771362 1301.83544922 0
128.151672363 1302.03283691 0
128.303741455 1302.39770508 0
128.384063721 1302.59130859 0
128.492095947 1302.8527832 0
128.619232178 1303.16125488 0
128.76423645 1303.51416016 0
128.84362793 1303.70751953 0
128.996688843 1304.08056641 0
129.082565308 1304.28967285 0
129.227600098 1304.64282227 0
129.314422607 1304.85400391 0
129.470703125 1305.23413086 0
129.619277954 1305.59533691 0
129.697158813 1305.78466797 0
129.850540161 1306.15771484 0
129.932250977 1306.35656738 0
130.088027954 1306.73522949 0
130.167175293 1306.93310547 0
130.313720703 1307.31005859 0
130.420013428 1307.57946777 0
130.526138306 1307.85058594 0
130.61428833 1308.07788086 0
130.743087769 1308.41223145 0
130.827758789 1308.6328125 0
130.961242676 1308.98181152 0
131.047042847 1309.20654297 0
131.198806763 1309.60412598 0
131.340240479 1309.97460938 0
131.417739868 1310.17773438 0
131.644638062 1310.77270508 0
131.780426025 1311.12915039 0
131.915328979 1311.48364258 0
131.993438721 1311.68920898 0
132.132324219 1312.0546875 0
132.211517334 1312.26306152 0
132.283355713 1312.45202637 0
132.427185059 1312.83349609 0
132.505157471 1313.05200195 0
132.63470459 1313.40808105 0
132.708877563 1313.61279297 0
132.790557861 1313.84033203 0
132.909255981 1314.17504883 0
132.993682861 1314.4152832 0
133.111358643 1314.7520752 0
133.191085815 1314.98132324 0
133.313201904 1315.33337402 0
133.380172729 1315.52685547 0
133.507766724 1315.90344238 0
133.576934814 1316.1151123 0
133.665496826 1316.38098145 0
133.811569214 1316.83105469 0
133.918563843 1317.17089844 0
134.056732178 1317.61938477 0
134.132751465 1317.86901855 0
134.233276367 1318.20092773 0
134.307647705 1318.44750977 0
134.395904541 1318.74035645 0
134.480560303 1319.02124023 0
134.571533203 1319.32275391 0
134.662658691 1319.62487793 0
134.758331299 1319.94165039 0
134.857315063 1320.26904297 0
134.93309021 1320.51953125 0
134.997589111 1320.73303223 0
135.109222412 1321.10253906 0
135.174728394 1321.31933594 0
135.287628174 1321.69348145 0
135.351593018 1321.90576172 0
135.397491455 1322.1295166 0
135.452392578 1322.33496094 0
135.51473999 1322.5333252 0
135.598419189 1322.80493164 0
135.659408569 1323.00341797 0
135.724685669 1323.21679688 0
135.800872803 1323.46630859 0
135.866653442 1323.6809082 0
135.925964355 1323.87390137 0
135.98588562 1324.0690918 0
136.060684204 1324.31274414 0
136.14755249 1324.5949707 0
136.230545044 1324.86450195 0
136.296325684 1325.07885742 0
136.378143311 1325.36938477 0
136.468475342 1325.68383789 0
136.560317993 1326.0234375 0
136.649871826 1326.3605957 0
136.701782227 1326.55737305 0
136.753417969 1326.75305176 0
136.875564575 1327.21643066 0
136.945266724 1327.48120117 0
137.049911499 1327.87878418 0
137.158096313 1328.28967285 0
137.217651367 1328.51586914 0
137.300170898 1328.8293457 0
137.375335693 1329.11474609 0
137.44102478 1329.36401367 0
137.493118286 1329.56188965 0
137.548950195 1329.77563477 0
137.601348877 1329.9921875 0
137.653900146 1330.21240234 0
137.708358765 1330.43798828 0
137.761505127 1330.67285156 0
137.808074951 1330.88928223 0
137.876327515 1331.21850586 0
137.942932129 1331.54711914 0
138.00289917 1331.8458252 0
138.068969727 1332.17626953 0
138.109924316 1332.38134766 0
138.169891357 1332.68164062 0
138.234100342 1333.00341797 0
138.302078247 1333.34362793 0
138.371017456 1333.68774414 0
138.438461304 1334.02441406 0
138.514221191 1334.40270996 0
138.582641602 1334.74414062 0
138.653244019 1335.12316895 0
138.704818726 1335.45092773 0
138.741149902 1335.68310547 0
138.778335571 1335.93200684 0
138.817810059 1336.22119141 0
138.84942627 1336.46826172 0
138.885299683 1336.7611084 0
138.913787842 1337.00012207 0
138.945129395 1337.26782227 0
138.976348877 1337.5378418 0
139.001403809 1337.75622559 0
139.039489746 1338.08947754 0
139.062469482 1338.29174805 0
139.104125977 1338.65844727 0
139.138305664 1338.95922852 0
139.171691895 1339.25292969 0
139.201202393 1339.51184082 0
139.237213135 1339.82727051 0
139.267654419 1340.09375 0
139.303100586 1340.40356445 0
139.333221436 1340.66723633 0
139.365829468 1340.95263672 0
139.389083862 1341.15649414 0
139.441162109 1341.61364746 0
139.469467163 1341.86254883 0
139.495300293 1342.08959961 0
139.53729248 1342.45922852 0
139.561599731 1342.67297363 0
139.604949951 1343.05432129 0
139.628311157 1343.27392578 0
139.661392212 1343.64794922 0
139.678192139 1343.85766602 0
139.709823608 1344.24572754 0
139.737014771 1344.63012695 0
139.75302124 1344.88659668 0
139.772796631 1345.23840332 0
139.784866333 1345.46948242 0
139.803527832 1345.84606934 0
139.814178467 1346.06982422 0
139.831390381 1346.44067383 0
139.845718384 1346.83032227 0
139.858337402 1347.22644043 0
139.865814209 1347.47436523 0
139.873947144 1347.84033203 0
139.8775177 1348.06665039 0
139.881866455 1348.44104004 0
139.884643555 1348.77600098 0
139.886016846 1349.01220703 0
139.888137817 1349.35791016 0
139.89151001 1349.5625 0
139.895385742 1349.79980469 0
139.901275635 1350.22338867 0
139.904556274 1350.51367188 0
139.908004761 1350.80749512 0
139.911590576 1351.09851074 0
139.914855957 1351.35522461 0
139.917739868 1351.56762695 0
139.921875 1351.87939453 0
139.923706055 1352.08007812 0
139.922973633 1352.31665039 0
