98.5683898926 1252.26245117 0
98.6101226807 1252.33569336 0
98.6475219727 1252.3996582 0
98.6865615845 1252.46606445 0
98.7302398682 1252.54016113 0
98.7802200317 1252.62487793 0
98.8371887207 1252.72155762 0
98.8765945435 1252.78833008 0
98.9441146851 1252.90332031 0
98.9828720093 1252.96923828 0
99.0189056396 1253.03051758 0
99.0605621338 1253.10144043 0
99.0967254639 1253.16308594 0
99.1425323486 1253.24133301 0
99.1836624146 1253.3112793 0
99.2218475342 1253.37646484 0
99.2795028687 1253.47473145 0
99.3372955322 1253.57312012 0
99.3765640259 1253.64001465 0
99.4455947876 1253.75732422 0
99.4828948975 1253.82092285 0
99.5282745361 1253.89831543 0
99.598526001 1254.01794434 0
99.6420669556 1254.09204102 0
99.6792602539 1254.15539551 0
99.7266616821 1254.23620605 0
99.8112182617 1254.38037109 0
99.8529586792 1254.45153809 0
99.9578323364 1254.63061523 0
100.039230347 1254.76965332 0
100.097740173 1254.86962891 0
100.134300232 1254.93212891 0
100.184318542 1255.0177002 0
100.24659729 1255.12402344 0
100.286239624 1255.19165039 0
100.336547852 1255.27734375 0
100.389205933 1255.36730957 0
100.443077087 1255.45922852 0
100.496147156 1255.54956055 0
100.549255371 1255.64025879 0
100.701919556 1255.90063477 0
100.807914734 1256.08166504 0
100.881278992 1256.20678711 0
100.925094604 1256.28137207 0
100.987663269 1256.38793945 0
101.065078735 1256.52001953 0
101.105133057 1256.58825684 0
101.176498413 1256.7097168 0
101.251983643 1256.83837891 0
101.296386719 1256.91394043 0
101.367919922 1257.03564453 0
101.425048828 1257.1328125 0
101.478759766 1257.22424316 0
101.561408997 1257.36499023 0
101.634902954 1257.48999023 0
101.678222656 1257.5637207 0
101.768981934 1257.71813965 0
101.839630127 1257.83825684 0
101.875282288 1257.89880371 0
101.942474365 1258.01318359 0
102.018707275 1258.14294434 0
102.090438843 1258.26489258 0
102.150627136 1258.36499023 0
102.241653442 1258.51171875 0
102.314590454 1258.6328125 0
102.375106812 1258.73327637 0
102.468414307 1258.88525391 0
102.552230835 1259.01953125 0
102.647506714 1259.17016602 0
102.731536865 1259.30200195 0
102.820144653 1259.44030762 0
102.886474609 1259.54345703 0
102.973815918 1259.67895508 0
103.018058777 1259.74755859 0
103.166870117 1259.9777832 0
103.227508545 1260.07177734 0
103.312294006 1260.20263672 0
103.361358643 1260.27856445 0
103.450744629 1260.41662598 0
103.536170959 1260.54858398 0
103.630722046 1260.69140625 0
103.725120544 1260.83032227 0
103.812210083 1260.95532227 0
103.859779358 1261.02441406 0
103.998435974 1261.22583008 0
104.094238281 1261.36096191 0
104.192024231 1261.49560547 0
104.272125244 1261.60388184 0
104.393997192 1261.76672363 0
104.492355347 1261.89697266 0
104.575309753 1262.00622559 0
104.699966431 1262.16967773 0
104.806228638 1262.30847168 0
104.885559082 1262.4119873 0
105.015213013 1262.57836914 0
105.247039795 1262.87524414 0
105.439155579 1263.1192627 0
105.535324097 1263.23999023 0
105.624389648 1263.35131836 0
105.754066467 1263.51293945 0
105.867401123 1263.65368652 0
105.987594604 1263.80273438 0
106.221740723 1264.09240723 0
106.321388245 1264.21557617 0
106.437675476 1264.35925293 0
106.557388306 1264.50708008 0
106.697128296 1264.67590332 0
106.781410217 1264.77575684 0
106.901954651 1264.91809082 0
107.028366089 1265.06884766 0
107.116928101 1265.17321777 0
107.245361328 1265.32214355 0
107.373725891 1265.46850586 0
107.519210815 1265.63171387 0
107.605560303 1265.7277832 0
107.732093811 1265.86816406 0
107.874641418 1266.02514648 0
107.97668457 1266.13720703 0
108.107299805 1266.28039551 0
108.232284546 1266.41711426 0
108.29675293 1266.48754883 0
108.431716919 1266.63500977 0
108.483169556 1266.69104004 0
108.62122345 1266.8416748 0
108.907287598 1267.15344238 0
108.963157654 1267.21435547 0
109.152801514 1267.42102051 0
109.267379761 1267.54577637 0
109.374458313 1267.66247559 0
109.531265259 1267.83325195 0
109.663330078 1267.97729492 0
109.768959045 1268.09240723 0
109.933670044 1268.27209473 0
110.075042725 1268.42614746 0
110.167572021 1268.52697754 0
110.323287964 1268.69677734 0
110.477050781 1268.86743164 0
110.556686401 1268.95751953 0
110.718528748 1269.14550781 0
110.853713989 1269.30249023 0
110.903549194 1269.35998535 0
111.093467712 1269.58105469 0
111.225860596 1269.73718262 0
111.299499512 1269.82495117 0
111.465797424 1270.02429199 0
111.599029541 1270.18554688 0
111.671028137 1270.27319336 0
111.834396362 1270.47265625 0
111.972259521 1270.6418457 0
112.035568237 1270.71972656 0
112.214508057 1270.94018555 0
112.280433655 1271.02148438 0
112.460548401 1271.24365234 0
112.537246704 1271.33837891 0
112.713607788 1271.55859375 0
112.838279724 1271.71838379 0
112.906837463 1271.80725098 0
113.069137573 1272.0201416 0
113.19744873 1272.18737793 0
113.261383057 1272.27148438 0
113.420898438 1272.484375 0
113.551864624 1272.66210938 0
113.602859497 1272.73193359 0
113.808151245 1273.01586914 0
113.893760681 1273.13537598 0
113.949897766 1273.21411133 0
114.146881104 1273.49243164 0
114.231735229 1273.61437988 0
114.289154053 1273.69848633 0
114.458091736 1273.95385742 0
114.587478638 1274.15600586 0
114.769821167 1274.43713379 0
114.878845215 1274.60778809 0
114.958259583 1274.73413086 0
115.083526611 1274.93579102 0
115.190544128 1275.11047363 0
115.265922546 1275.23486328 0
115.397125244 1275.45300293 0
115.493423462 1275.61425781 0
115.624084473 1275.8347168 0
115.826675415 1276.18615723 0
115.95111084 1276.41064453 0
116.113975525 1276.70141602 0
116.237594604 1276.92504883 0
116.353088379 1277.13745117 0
116.450942993 1277.3190918 0
116.554931641 1277.51391602 0
116.648773193 1277.6907959 0
116.740142822 1277.86376953 0
116.84312439 1278.05957031 0
116.933425903 1278.23168945 0
117.026313782 1278.40930176 0
117.116912842 1278.58276367 0
117.217498779 1278.7755127 0
117.305763245 1278.94482422 0
117.421401978 1279.16674805 0
117.498016357 1279.3137207 0
117.5884552 1279.48754883 0
117.690605164 1279.68371582 0
117.771461487 1279.83911133 0
117.869140625 1280.02856445 0
117.965156555 1280.22021484 0
118.069854736 1280.42773438 0
118.133033752 1280.55212402 0
118.230728149 1280.74633789 0
118.391845703 1281.07177734 0
118.461219788 1281.21386719 0
118.55178833 1281.40039062 0
118.637451172 1281.57836914 0
118.748168945 1281.8092041 0
118.813903809 1281.9465332 0
118.913993835 1282.15661621 0
119.007301331 1282.35266113 0
119.074737549 1282.49438477 0
119.167724609 1282.68994141 0
119.270530701 1282.90637207 0
119.33833313 1283.04919434 0
119.432785034 1283.2479248 0
119.537765503 1283.46887207 0
119.602584839 1283.60522461 0
119.698562622 1283.80712891 0
119.80116272 1284.02282715 0
119.866127014 1284.15942383 0
119.961227417 1284.359375 0
120.040710449 1284.52648926 0
120.133209229 1284.72094727 0
120.223846436 1284.91162109 0
120.316841125 1285.10717773 0
120.392288208 1285.26599121 0
120.443069458 1285.37268066 0
120.578048706 1285.65661621 0
120.682136536 1285.87561035 0
120.752204895 1286.02294922 0
120.884918213 1286.30212402 0
120.980262756 1286.50268555 0
121.071044922 1286.69335938 0
121.159622192 1286.8795166 0
121.242416382 1287.0534668 0
121.290458679 1287.15527344 0
121.415298462 1287.43115234 0
121.518867493 1287.65869141 0
121.58039856 1287.79272461 0
121.669914246 1287.98803711 0
121.772636414 1288.21337891 0
121.832839966 1288.34619141 0
121.922637939 1288.54443359 0
122.004211426 1288.7253418 0
122.08354187 1288.90136719 0
122.17527771 1289.10510254 0
122.266021729 1289.30700684 0
122.3334198 1289.45715332 0
122.421669006 1289.65393066 0
122.515884399 1289.86401367 0
122.608894348 1290.0715332 0
122.673194885 1290.21533203 0
122.760391235 1290.41015625 0
122.857711792 1290.62768555 0
122.92527771 1290.77880859 0
123.012763977 1290.97460938 0
123.092185974 1291.15222168 0
123.171478271 1291.32946777 0
123.216819763 1291.43078613 0
123.342102051 1291.71081543 0
123.390365601 1291.81872559 0
123.554573059 1292.18615723 0
123.634117126 1292.36413574 0
123.759025574 1292.6439209 0
123.849868774 1292.84753418 0
123.896903992 1292.95300293 0
124.010772705 1293.20825195 0
124.09853363 1293.40490723 0
124.148048401 1293.51599121 0
124.284317017 1293.82116699 0
124.352844238 1293.97460938 0
124.390991211 1294.05993652 0
124.538536072 1294.39013672 0
124.600128174 1294.52807617 0
124.639381409 1294.6159668 0
124.786140442 1294.94433594 0
124.853210449 1295.09436035 0
124.895965576 1295.18994141 0
125.037368774 1295.5065918 0
125.103485107 1295.65478516 0
125.148643494 1295.75598145 0
125.271347046 1296.03076172 0
125.350151062 1296.20727539 0
125.400260925 1296.31945801 0
125.535171509 1296.62145996 0
125.605072021 1296.7779541 0
125.688552856 1296.96472168 0
125.734420776 1297.06738281 0
125.919433594 1297.48120117 0
125.987831116 1297.63415527 0
126.08303833 1297.8470459 0
126.160972595 1298.02124023 0
126.237785339 1298.19299316 0
126.328315735 1298.39526367 0
126.412231445 1298.58288574 0
126.515029907 1298.81262207 0
126.575836182 1298.94848633 0
126.665710449 1299.1496582 0
126.764732361 1299.37109375 0
126.830657959 1299.51855469 0
126.915878296 1299.70922852 0
126.995925903 1299.88830566 0
127.075622559 1300.06665039 0
127.168830872 1300.27514648 0
127.25843811 1300.47558594 0
127.321731567 1300.61730957 0
127.43119812 1300.86230469 0
127.519874573 1301.06079102 0
127.585456848 1301.20751953 0
127.678482056 1301.41577148 0
127.77419281 1301.62988281 0
127.839050293 1301.77514648 0
127.934837341 1301.98950195 0
128.023468018 1302.18786621 0
128.05871582 1302.26855469 0
128.25769043 1302.72619629 0
128.309188843 1302.84375 0
128.4246521 1303.109375 0
128.509246826 1303.30541992 0
128.656509399 1303.64941406 0
128.744873047 1303.85717773 0
128.791671753 1303.96728516 0
128.919143677 1304.26757812 0
128.980194092 1304.41162109 0
129.024002075 1304.51501465 0
129.140045166 1304.7890625 0
129.214492798 1304.96484375 0
129.258468628 1305.06884766 0
129.390884399 1305.38171387 0
129.460174561 1305.54516602 0
129.499572754 1305.63830566 0
129.630828857 1305.95288086 0
129.69052124 1306.10168457 0
129.731231689 1306.20605469 0
129.852386475 1306.51123047 0
129.934341431 1306.7175293 0
130.069793701 1307.06469727 0
130.153381348 1307.28259277 0
130.283752441 1307.62670898 0
130.321014404 1307.72595215 0
130.400665283 1307.93908691 0
130.491699219 1308.18383789 0
130.56552124 1308.38305664 0
130.62890625 1308.55444336 0
130.696151733 1308.73632812 0
130.774246216 1308.94799805 0
130.836242676 1309.11621094 0
130.929534912 1309.36914062 0
130.981506348 1309.5098877 0
131.056976318 1309.71435547 0
131.139266968 1309.93725586 0
131.192214966 1310.08044434 0
131.232620239 1310.18969727 0
131.352340698 1310.5135498 0
131.406921387 1310.66101074 0
131.448257446 1310.77282715 0
131.548568726 1311.04418945 0
131.620040894 1311.23754883 0
131.653839111 1311.32910156 0
131.77116394 1311.64709473 0
131.832946777 1311.81469727 0
131.866470337 1311.90551758 0
131.985336304 1312.22802734 0
132.042114258 1312.38208008 0
132.119934082 1312.59313965 0
132.198867798 1312.80712891 0
132.275192261 1313.01403809 0
132.332641602 1313.16967773 0
132.405059814 1313.36572266 0
132.445465088 1313.47509766 0
132.57383728 1313.82299805 0
132.666000366 1314.07250977 0
132.732452393 1314.25244141 0
132.807418823 1314.45556641 0
132.87852478 1314.64831543 0
132.964797974 1314.88208008 0
133.01864624 1315.02807617 0
133.097412109 1315.24157715 0
133.177658081 1315.45898438 0
133.231674194 1315.60546875 0
133.305892944 1315.8067627 0
133.391174316 1316.03771973 0
133.4425354 1316.17700195 0
133.52142334 1316.39074707 0
133.591918945 1316.58166504 0
133.65612793 1316.75561523 0
133.732681274 1316.96325684 0
133.805511475 1317.16809082 0
133.863494873 1317.33837891 0
133.934143066 1317.54736328 0
134.001037598 1317.74121094 0
134.059509277 1317.91186523 0
134.12663269 1318.10998535 0
134.191345215 1318.30334473 0
134.26940918 1318.53930664 0
134.318893433 1318.69030762 0
134.379425049 1318.87597656 0
134.448577881 1319.08911133 0
134.545928955 1319.39050293 0
134.613143921 1319.59924316 0
134.690933228 1319.84143066 0
134.733154297 1319.97290039 0
134.799911499 1320.1809082 0
134.873580933 1320.41064453 0
134.921875 1320.5612793 0
134.990402222 1320.77526855 0
135.052429199 1320.96899414 0
135.110687256 1321.15112305 0
135.180404663 1321.36901855 0
135.240356445 1321.55639648 0
135.292068481 1321.71801758 0
135.367996216 1321.95544434 0
135.431945801 1322.15551758 0
135.501296997 1322.37243652 0
135.566436768 1322.57617188 0
135.631790161 1322.78051758 0
135.691589355 1322.9675293 0
135.756057739 1323.16943359 0
135.818771362 1323.36572266 0
135.894973755 1323.60449219 0
135.941040039 1323.7487793 0
136.00453186 1323.94763184 0
136.074859619 1324.16809082 0
136.128952026 1324.33764648 0
136.193435669 1324.53991699 0
136.226287842 1324.64282227 0
136.255935669 1324.73583984 0
136.375579834 1325.11413574 0
136.409347534 1325.22546387 0
136.501434326 1325.54504395 0
136.563995361 1325.75732422 0
136.666229248 1326.10595703 0
136.734039307 1326.34094238 0
136.835876465 1326.69946289 0
136.896942139 1326.91638184 0
136.997955322 1327.27783203 0
137.061065674 1327.50488281 0
137.160125732 1327.86230469 0
137.214279175 1328.05810547 0
137.252182007 1328.1953125 0
137.32258606 1328.45239258 0
137.377197266 1328.66186523 0
137.40725708 1328.78173828 0
137.46572876 1329.03173828 0
137.514953613 1329.24536133 0
137.541687012 1329.35888672 0
137.598831177 1329.60668945 0
137.647689819 1329.82641602 0
137.671691895 1329.93713379 0
137.724365234 1330.18725586 0
137.769775391 1330.40905762 0
137.852355957 1330.82617188 0
137.879150391 1330.96447754 0
137.928237915 1331.22045898 0
137.953735352 1331.35437012 0
137.995010376 1331.57275391 0
138.038391113 1331.80334473 0
138.065170288 1331.94604492 0
138.106552124 1332.16674805 0
138.142105103 1332.35681152 0
138.169433594 1332.50268555 0
138.219314575 1332.76928711 0
138.25680542 1332.96923828 0
138.280731201 1333.09692383 0
138.328552246 1333.35803223 0
138.361679077 1333.55285645 0
138.38142395 1333.6763916 0
138.42640686 1333.94763184 0
138.459136963 1334.14501953 0
138.479675293 1334.27197266 0
138.522155762 1334.5435791 0
138.550842285 1334.73352051 0
138.567214966 1334.84423828 0
138.608673096 1335.13024902 0
138.638458252 1335.34130859 0
138.653884888 1335.4519043 0
138.692977905 1335.73571777 0
138.722000122 1335.94897461 0
138.735595703 1336.04956055 0
138.775421143 1336.34545898 0
138.844345093 1336.86108398 0
138.853683472 1336.93115234 0
138.893829346 1337.23205566 0
138.917892456 1337.41247559 0
138.937057495 1337.5559082 0
138.973403931 1337.82836914 0
139.002700806 1338.04760742 0
139.018798828 1338.16821289 0
139.053512573 1338.42822266 0
139.083145142 1338.65002441 0
139.093994141 1338.7310791 0
139.135665894 1339.04272461 0
139.166229248 1339.27111816 0
139.175888062 1339.34313965 0
139.217437744 1339.65490723 0
139.244644165 1339.87915039 0
139.253616333 1339.95910645 0
139.282089233 1340.25 0
139.304855347 1340.4699707 0
139.313018799 1340.5480957 0
139.342208862 1340.83654785 0
139.362670898 1341.05041504 0
139.373794556 1341.17126465 0
139.396728516 1341.43029785 0
139.415740967 1341.65490723 0
139.423843384 1341.75341797 0
139.447021484 1342.04223633 0
139.464187622 1342.26196289 0
139.49520874 1342.66821289 0
139.500839233 1342.74267578 0
139.525787354 1343.07666016 0
139.538604736 1343.24890137 0
139.549407959 1343.39453125 0
139.56867981 1343.65454102 0
139.583526611 1343.85461426 0
139.602798462 1344.11474609 0
139.613327026 1344.26293945 0
139.627655029 1344.49243164 0
139.63319397 1344.57580566 0
139.652404785 1344.8659668 0
139.66494751 1345.08398438 0
139.668731689 1345.15405273 0
139.682861328 1345.41748047 0
139.693908691 1345.61682129 0
139.699935913 1345.72497559 0
139.712905884 1345.953125 0
139.722869873 1346.12792969 0
139.72819519 1346.22070312 0
139.743606567 1346.48974609 0
139.712631226 1346.61853027 0
139.687744141 1346.7565918 0
139.684890747 1346.84460449 0
139.693389893 1346.94311523 0
139.704360962 1347.02441406 0
139.717193604 1347.09777832 0
139.730911255 1347.18359375 0
139.745864868 1347.28942871 0
139.760375977 1347.39953613 0
139.769622803 1347.49609375 0
139.77243042 1347.58129883 0
139.780090332 1347.66210938 0
139.788574219 1347.74487305 0
139.797622681 1347.83789062 0
139.806732178 1347.93701172 0
139.814834595 1348.02160645 0
139.821456909 1348.10180664 0
139.828048706 1348.18591309 0
139.836135864 1348.29016113 0
139.843841553 1348.38842773 0
139.852935791 1348.5020752 0
139.861602783 1348.6081543 0
139.870941162 1348.72106934 0
139.881011963 1348.8449707 0
139.886856079 1348.97399902 0
139.897476196 1349.11364746 0
139.905334473 1349.24108887 0
139.911712646 1349.35693359 0
139.916656494 1349.45056152 0
139.921859741 1349.55078125 0
139.92918396 1349.69506836 0
139.933044434 1349.7722168 0
139.937835693 1349.86950684 0
139.94229126 1349.96020508 0
139.945968628 1350.03625488 0
139.950942993 1350.14038086 0
139.954589844 1350.2175293 0
139.959777832 1350.33068848 0
139.963409424 1350.41308594 0
139.968505859 1350.52246094 0
139.972122192 1350.59924316 0
139.976760864 1350.70019531 0
139.980255127 1350.77526855 0
139.984863281 1350.87268066 0
139.98828125 1350.94384766 0
139.992263794 1351.02624512 0
139.99597168 1351.10400391 0
139.999740601 1351.18481445 0
140.006698608 1351.33898926 0
140.010513306 1351.42407227 0
140.01411438 1351.50439453 0
140.018173218 1351.59423828 0
140.021591187 1351.66845703 0
140.028137207 1351.80847168 0
140.032287598 1351.89648438 0
140.037353516 1352.00341797 0
140.041137695 1352.08374023 0
140.045181274 1352.16931152 0
140.049789429 1352.26660156 0
140.053543091 1352.34655762 0
140.059417725 1352.47290039 0
140.065292358 1352.60119629 0
140.070907593 1352.72387695 0
140.076583862 1352.84765625 0
140.08203125 1352.96630859 0
140.08807373 1353.09716797 0
