935641.462977 1916218.30814 7
935641.468555 1916218.10736 7
935641.473209 1916217.90425 7
935641.478705 1916217.67015 7
935641.484623 1916217.42862 7
935641.490317 1916217.19746 7
935641.495625 1916216.97227 7
935641.501543 1916216.74233 7
935641.508266 1916216.45969 7
935641.513226 1916216.25267 7
935641.518036 1916216.05127 7
935641.523108 1916215.8439 7
935641.528108 1916215.64201 7
935641.534874 1916215.41343 7
935641.541004 1916215.15665 7
935641.545804 1916214.94719 7
935641.550858 1916214.72749 7
935641.556336 1916214.48973 7
935641.562182 1916214.24027 7
935641.57323 1916213.76463 7
935641.579492 1916213.50724 7
935641.584743 1916213.29145 7
935641.590123 1916213.06468 7
935641.594979 1916212.86035 7
935641.601059 1916212.60674 7
935641.605903 1916212.40216 7
935641.610843 1916212.19064 7
935641.615983 1916211.96361 7
935641.62118 1916211.7272 7
935641.626846 1916211.47272 7
935641.632541 1916211.21545 7
935641.637932 1916210.97256 7
935641.642725 1916210.76164 7
935641.647842 1916210.54084 7
935641.652753 1916210.31382 7
935641.642928 1916210.10315 7
935641.638354 1916209.88269 7
935641.605547 1916209.66776 7
935641.573835 1916209.46273 7
935641.537942 1916209.24042 7
935641.499393 1916209.03272 7
935641.452862 1916208.82526 7
935641.408525 1916208.62271 7
935641.359701 1916208.41168 7
935641.301251 1916208.21037 7
935641.244702 1916208.00361 7
935641.183373 1916207.80006 7
935641.119435 1916207.60135 7
935641.052212 1916207.39527 7
935640.987714 1916207.19924 7
935640.92523 1916207.00787 7
935640.854198 1916206.78904 7
935640.781713 1916206.56372 7
935640.720401 1916206.362 7
935640.660678 1916206.16104 7
935640.600118 1916205.96288 7
935640.539292 1916205.75653 7
935640.481415 1916205.56036 7
935640.433005 1916205.36556 7
935640.380538 1916205.17265 7
935640.337109 1916204.97256 7
935640.290536 1916204.77058 7
935640.243761 1916204.56019 7
935640.205408 1916204.36225 7
935640.164049 1916204.15853 7
935640.129844 1916203.96066 7
935640.094938 1916203.75985 7
935640.066373 1916203.56122 7
935640.041664 1916203.36094 7
935640.016645 1916203.14552 7
935639.997669 1916202.928 7
935639.976382 1916202.71532 7
935639.96377 1916202.5145 7
935639.951606 1916202.30514 7
935639.945842 1916202.10296 7
935639.943224 1916201.88851 7
935639.941233 1916201.66626 7
935639.944172 1916201.42309 7
935639.94706 1916201.19615 7
935639.949833 1916200.98032 7
935639.953013 1916200.77975 7
935639.956174 1916200.57698 7
935639.95966 1916200.3431 7
935639.962165 1916200.09944 7
935639.963264 1916199.8959 7
935639.963844 1916199.68321 7
935639.963837 1916199.47917 7
935639.964093 1916199.26769 7
935639.964903 1916199.05109 7
935639.965104 1916198.81179 7
935639.965188 1916198.53758 7
935639.96526 1916198.29535 7
935639.965701 1916198.06544 7
935639.965926 1916197.82992 7
935639.966166 1916197.57329 7
935639.966423 1916197.33618 7
935639.966705 1916197.11921 7
935639.96692 1916196.91176 7
935639.966947 1916196.70894 7
935639.967055 1916196.47073 7
935639.967342 1916196.23802 7
935639.974274 1916196.02689 7
935639.977599 1916195.8085 7
935639.980803 1916195.60683 7
935639.985611 1916195.39543 7
935639.990512 1916195.17865 7
935639.995353 1916194.95748 7
935640.000387 1916194.72655 7
935640.004958 1916194.51612 7
935640.010078 1916194.27591 7
935640.015039 1916194.04523 7
935640.019363 1916193.84223 7
935640.024075 1916193.6268 7
935640.030482 1916193.39003 7
935640.034934 1916193.17557 7
935640.039109 1916192.96513 7
935640.043608 1916192.73907 7
935640.047829 1916192.53009 7
935640.05234 1916192.30904 7
935640.05664 1916192.09836 7
935640.062405 1916191.8661 7
935640.067237 1916191.64981 7
935640.071637 1916191.44779 7
935640.077188 1916191.19283 7
935640.081642 1916190.98935 7
935640.086458 1916190.76684 7
935640.091652 1916190.52676 7
935640.095938 1916190.32425 7
935640.100477 1916190.11638 7
935640.105535 1916189.8863 7
935640.110758 1916189.65306 7
935640.115614 1916189.44007 7
935640.120662 1916189.21927 7
935640.126347 1916188.96126 7
935640.131062 1916188.74655 7
935640.136349 1916188.5083 7
935640.141339 1916188.28299 7
935640.148745 1916187.93897 7
935640.153564 1916187.71536 7
935640.157909 1916187.51298 7
935640.163313 1916187.26155 7
935640.167933 1916187.04904 7
935640.172559 1916186.838 7
935640.177949 1916186.59133 7
935640.182998 1916186.36809 7
935640.187509 1916186.16486 7
935640.192059 1916185.95052 7
935640.196656 1916185.72495 7
935640.200828 1916185.52342 7
935640.205202 1916185.3153 7
935640.212147 1916184.98738 7
935640.216956 1916184.76536 7
935640.221935 1916184.54602 7
935640.226806 1916184.334 7
935640.23208 1916184.11101 7
935640.23712 1916183.89558 7
935640.243185 1916183.63282 7
935640.248272 1916183.41873 7
935640.253636 1916183.19342 7
935640.258319 1916182.99275 7
935640.263208 1916182.78879 7
935640.268652 1916182.57287 7
935640.27346 1916182.37013 7
935640.278527 1916182.14957 7
935640.283219 1916181.94695 7
935640.287601 1916181.70759 7
935640.29276 1916181.50046 7
935640.297832 1916181.29601 7
935640.303499 1916181.05155 7
935640.309346 1916180.78573 7
935640.316924 1916180.44001 7
935640.322688 1916180.18078 7
935640.328223 1916179.93314 7
935640.333636 1916179.69221 7
935640.339816 1916179.41114 7
935640.346298 1916179.123 7
935640.350751 1916178.92099 7
935640.355751 1916178.68932 7
935640.36274 1916178.36776 7
935640.369523 1916178.05387 7
935640.376332 1916177.76244 7
935640.381935 1916177.51724 7
935640.387456 1916177.26375 7
935640.392491 1916177.02891 7
935640.397453 1916176.79139 7
935640.403004 1916176.52447 7
935640.407991 1916176.28256 7
935640.412533 1916176.06871 7
935640.41817 1916175.80789 7
935640.422881 1916175.59294 7
935640.428604 1916175.33395 7
935640.432425 1916175.11021 7
935640.437469 1916174.86903 7
935640.441749 1916174.65676 7
935640.446086 1916174.43704 7
935640.451 1916174.18293 7
935640.455315 1916173.94344 7
935640.452514 1916173.72655 7
935640.45421 1916173.49202 7
935640.455602 1916173.28923 7
935640.460458 1916173.08636 7
935640.463912 1916172.86029 7
935640.467697 1916172.64948 7
935640.47287 1916172.43283 7
935640.477685 1916172.21568 7
935640.482167 1916172.01477 7
935640.487416 1916171.77505 7
935640.492147 1916171.55169 7
935640.499571 1916171.19303 7
935640.504164 1916170.97258 7
935640.502432 1916170.75949 7
935640.502927 1916170.52812 7
935640.504388 1916170.32337 7
935640.5062 1916170.08397 7
935640.508047 1916169.87215 7
935640.510533 1916169.67108 7
935640.512612 1916169.45719 7
935640.515348 1916169.25283 7
935640.518653 1916169.0237 7
935640.521817 1916168.813 7
935640.525271 1916168.58741 7
935640.528467 1916168.3733 7
935640.538069 1916168.1727 7
935640.544327 1916167.96657 7
935640.554378 1916167.67604 7
935640.558364 1916167.4756 7
935640.564437 1916167.24066 7
935640.569842 1916167.00266 7
935640.574808 1916166.79236 7
935640.581313 1916166.55425 7
935640.587529 1916166.28246 7
935640.592211 1916166.0525 7
935640.596844 1916165.82571 7
935640.602045 1916165.58612 7
935640.607565 1916165.34861 7
935640.612467 1916165.13171 7
935640.617197 1916164.92092 7
935640.62227 1916164.70292 7
935640.627879 1916164.46261 7
935640.63443 1916164.19082 7
935640.63941 1916163.971 7
935640.645886 1916163.68566 7
935640.650728 1916163.47255 7
935640.65599 1916163.23784 7
935640.661394 1916162.99508 7
935640.66713 1916162.73621 7
935640.673776 1916162.43624 7
935640.680089 1916162.14871 7
935640.685739 1916161.88752 7
935640.691209 1916161.65794 7
935640.696596 1916161.42299 7
935640.701364 1916161.205 7
935640.709145 1916160.85659 7
935640.714321 1916160.62725 7
935640.719774 1916160.38815 7
935640.724888 1916160.16369 7
935640.72957 1916159.9607 7
935640.734415 1916159.75418 7
935640.739292 1916159.54948 7
935640.744904 1916159.30904 7
935640.749999 1916159.08678 7
935640.755057 1916158.87355 7
935640.760823 1916158.63104 7
935640.764574 1916158.43096 7
935640.769507 1916158.19966 7
935640.773771 1916157.96921 7
935640.777703 1916157.75291 7
935640.781542 1916157.53477 7
935640.785177 1916157.32567 7
935640.78888 1916157.10558 7
935640.792485 1916156.87719 7
935640.79604 1916156.65966 7
935640.8001 1916156.41224 7
935640.803609 1916156.19373 7
935640.807601 1916155.93997 7
935640.811199 1916155.71011 7
935640.814352 1916155.50161 7
935640.818302 1916155.24089 7
935640.8224 1916154.9737 7
935640.826201 1916154.72432 7
935640.830126 1916154.48923 7
935640.833374 1916154.28146 7
935640.836772 1916154.06039 7
935640.840633 1916153.81199 7
935640.84432 1916153.57652 7
935640.84803 1916153.34826 7
935640.852067 1916153.10706 7
935640.85582 1916152.88477 7
935640.859762 1916152.64858 7
935640.86317 1916152.43459 7
935640.867017 1916152.19864 7
935640.871158 1916151.95476 7
935640.874962 1916151.73308 7
935640.878866 1916151.50409 7
935640.88277 1916151.25301 7
935640.88652 1916151.01644 7
935640.890539 1916150.76292 7
935640.893804 1916150.55796 7
935640.897584 1916150.32042 7
935640.901385 1916150.07971 7
935640.905153 1916149.83717 7
935640.909332 1916149.56876 7
935640.914268 1916149.24008 7
935640.917336 1916149.02437 7
935640.920419 1916148.81355 7
935640.924002 1916148.54904 7
935640.927435 1916148.30747 7
935640.930837 1916148.08225 7
935640.934412 1916147.83946 7
935640.938526 1916147.56068 7
935640.942412 1916147.31362 7
935640.946504 1916147.05546 7
935640.950161 1916146.82476 7
935640.958023 1916146.58191 7
935640.964486 1916146.3089 7
935640.969849 1916146.08127 7
935640.975724 1916145.86561 7
935640.98153 1916145.66386 7
935640.988635 1916145.41393 7
935640.995932 1916145.15277 7
935641.001681 1916144.93638 7
935641.007486 1916144.72413 7
935641.013804 1916144.49591 7
935641.020163 1916144.26414 7
935641.025896 1916144.05836 7
935641.032496 1916143.82294 7
935641.040467 1916143.53373 7
935641.047318 1916143.30649 7
935641.054131 1916143.06436 7
935641.06089 1916142.81796 7
935641.067002 1916142.59596 7
935641.073624 1916142.35724 7
935641.07952 1916142.1489 7
935641.086605 1916141.89726 7
935641.092809 1916141.67819 7
935641.094701 1916141.45197 7
935641.099786 1916141.22263 7
935641.104557 1916141.00634 7
935641.108406 1916140.79626 7
935641.112677 1916140.55189 7
935641.116204 1916140.34474 7
935641.119888 1916140.12294 7
935641.12361 1916139.90261 7
935641.127719 1916139.64628 7
935641.132136 1916139.36958 7
935641.135904 1916139.13094 7
935641.140313 1916138.87779 7
935641.144252 1916138.64758 7
935641.147612 1916138.44237 7
935641.150916 1916138.23875 7
935641.155054 1916137.99218 7
935641.158542 1916137.78466 7
935641.16256 1916137.5514 7
935641.167126 1916137.29605 7
935641.171723 1916137.04266 7
935641.176206 1916136.79928 7
935641.180695 1916136.55748 7
935641.184973 1916136.32227 7
935641.189086 1916136.09267 7
935641.193551 1916135.84464 7
935641.197689 1916135.61443 7
935641.201353 1916135.41118 7
935641.205172 1916135.19817 7
935641.208979 1916134.98687 7
935641.212619 1916134.78423 7
935641.216231 1916134.58232 7
935641.220749 1916134.3387 7
935641.225508 1916134.0847 7
935641.22962 1916133.86474 7
935641.233973 1916133.63441 7
935641.237857 1916133.42213 7
935641.241941 1916133.20107 7
935641.245861 1916132.98843 7
935641.249947 1916132.75663 7
935641.253527 1916132.54911 7
935641.257144 1916132.34208 7
935641.26075 1916132.13675 7
935641.265223 1916131.88922 7
935641.268864 1916131.6817 7
