935556.92244 1915902.835 9
935556.822369 1915902.64683 9
935556.725151 1915902.46517 9
935556.627388 1915902.28203 9
935556.533413 1915902.10555 9
935556.428044 1915901.90814 9
935556.330589 1915901.725 9
935556.230376 1915901.53744 9
935556.131734 1915901.35636 9
935556.016993 1915901.166 9
935555.909751 1915900.98809 9
935555.804715 1915900.81484 9
935555.69117 1915900.63732 9
935555.577035 1915900.4588 9
935555.46251 1915900.28992 9
935555.343487 1915900.11975 9
935555.214204 1915899.93624 9
935555.084678 1915899.75455 9
935554.957499 1915899.57754 9
935554.834182 1915899.40523 9
935554.711466 1915899.23317 9
935554.583495 1915899.05468 9
935554.465207 1915898.8894 9
935554.348258 1915898.72598 9
935554.201196 1915898.53791 9
935554.069285 1915898.36205 9
935553.933965 1915898.18576 9
935553.785672 1915897.99328 9
935553.653465 1915897.82095 9
935553.526075 1915897.65492 9
935553.381153 1915897.46627 9
935553.246694 1915897.29147 9
935553.120198 1915897.1274 9
935552.985293 1915896.95259 9
935552.855567 1915896.77175 9
935552.715375 1915896.58355 9
935552.587852 1915896.40897 9
935552.463629 1915896.23896 9
935552.345485 1915896.06747 9
935552.228803 1915895.90307 9
935552.11036 1915895.73364 9
935551.986452 1915895.55619 9
935551.863086 1915895.37924 9
935551.741932 1915895.20159 9
935551.628347 1915895.03529 9
935551.518209 1915894.86416 9
935551.377017 1915894.64763 9
935551.260629 1915894.46396 9
935551.159098 1915894.28882 9
935551.05703 1915894.11257 9
935550.955197 1915893.93193 9
935550.857997 1915893.75418 9
935550.758493 1915893.57138 9
935550.662081 1915893.39425 9
935550.565793 1915893.21358 9
935550.4688 1915893.02972 9
935550.372224 1915892.84099 9
935550.275326 1915892.65836 9
935550.175002 1915892.46932 9
935550.075018 1915892.27981 9
935549.976864 1915892.0913 9
935549.878768 1915891.9034 9
935549.812731 1915891.71466 9
935549.716016 1915891.53948 9
935549.618193 1915891.36061 9
935549.518422 1915891.18001 9
935549.419897 1915890.99418 9
935549.320099 1915890.81125 9
935549.214518 1915890.62641 9
935549.116003 1915890.43874 9
935549.018348 1915890.25891 9
935548.916516 1915890.07095 9
935548.813554 1915889.87516 9
935548.711723 1915889.68317 9
935548.605396 1915889.48013 9
935548.503024 1915889.28436 9
935548.40489 1915889.09731 9
935548.308391 1915888.91493 9
935548.213334 1915888.73684 9
935548.109466 1915888.53786 9
935548.007624 1915888.34673 9
935547.907658 1915888.15929 9
935547.805105 1915887.96546 9
935547.693528 1915887.75331 9
935547.600055 1915887.57451 9
935547.490599 1915887.36654 9
935547.386419 1915887.16854 9
935547.290815 1915886.98678 9
935547.183398 1915886.78153 9
935547.081478 1915886.58844 9
935546.970611 1915886.37764 9
935546.876006 1915886.19736 9
935546.781683 1915886.01855 9
935546.685898 1915885.83813 9
935546.591381 1915885.65932 9
935546.498127 1915885.48224 9
935546.392079 1915885.28079 9
935546.295012 1915885.09644 9
935546.194649 1915884.90534 9
935546.095743 1915884.71754 9
935545.996516 1915884.52902 9
935545.898271 1915884.34197 9
935545.795063 1915884.14581 9
935545.697828 1915883.96171 9
935545.595294 1915883.76752 9
935545.494367 1915883.57664 9
935545.394325 1915883.38773 9
935545.294943 1915883.19994 9
935545.198847 1915883.01817 9
935545.102279 1915882.83566 9
935545.004903 1915882.65205 9
935544.904991 1915882.46302 9
935544.810552 1915882.28458 9
935544.716198 1915882.10711 9
935544.619999 1915881.92741 9
935544.514256 1915881.72963 9
935544.415373 1915881.54392 9
935544.310388 1915881.34651 9
935544.214611 1915881.16634 9
935544.120001 1915880.9885 9
935544.024184 1915880.80698 9
935543.92908 1915880.62657 9
935543.833585 1915880.44616 9
935543.727821 1915880.2463 9
935543.632109 1915880.0649 9
935543.528609 1915879.87814 9
935543.424109 1915879.6866 9
935543.320677 1915879.5013 9
935543.215989 1915879.31317 9
935543.117202 1915879.13515 9
935543.018575 1915878.94553 9
935542.921627 1915878.7629 9
935542.826062 1915878.5815 9
935542.725965 1915878.39125 9
935542.61496 1915878.18009 9
935542.519229 1915877.99857 9
935542.420088 1915877.8109 9
935542.317766 1915877.61683 9
935542.219293 1915877.43002 9
935542.117821 1915877.23621 9
935542.014835 1915877.03981 9
935541.902096 1915876.8252 9
935541.806485 1915876.64308 9
935541.71233 1915876.46366 9
935541.6167 1915876.28092 9
935541.520967 1915876.09782 9
935541.423188 1915875.91102 9
935541.316878 1915875.7075 9
935541.215724 1915875.5132 9
935541.104288 1915875.30007 9
935541.00898 1915875.11759 9
935540.906346 1915874.92095 9
935540.813759 1915874.74376 9
935540.70992 1915874.55479 9
935540.609624 1915874.37076 9
935540.50495 1915874.18141 9
935540.39943 1915873.99144 9
935540.291143 1915873.79691 9
935540.193881 1915873.62221 9
935540.09129 1915873.43814 9
935539.988081 1915873.25285 9
935539.877984 1915873.05512 9
935539.777879 1915872.87487 9
935539.677668 1915872.69414 9
935539.579386 1915872.51844 9
935539.474939 1915872.33105 9
935539.381006 1915872.15444 9
935539.279603 1915871.96832 9
935539.182289 1915871.77714 9
935539.081347 1915871.5826 9
935538.986054 1915871.3967 9
935538.887891 1915871.21112 9
935538.789809 1915871.02359 9
935538.694993 1915870.83757 9
935538.600067 1915870.65399 9
935538.505571 1915870.47432 9
935538.405321 1915870.28468 9
935538.29822 1915870.08297 9
935538.192732 1915869.88409 9
935538.090645 1915869.69442 9
935537.995119 1915869.51486 9
935537.895431 1915869.32974 9
935537.791064 1915869.13491 9
935537.677977 1915868.92383 9
935537.575658 1915868.73269 9
935537.466907 1915868.52949 9
935537.361734 1915868.33269 9
935537.250299 1915868.1242 9
935537.145219 1915867.92765 9
935537.044331 1915867.73885 9
935536.944559 1915867.55215 9
935536.846051 1915867.36766 9
935536.745658 1915867.17984 9
935536.631253 1915866.96581 9
935536.536312 1915866.78797 9
935536.434254 1915866.59659 9
935536.330853 1915866.40275 9
935536.228351 1915866.21051 9
935536.122789 1915866.01224 9
935536.020849 1915865.82086 9
935535.912665 1915865.61743 9
935535.818309 1915865.44008 9
935535.717231 1915865.25006 9
935535.616524 1915865.06078 9
935535.50958 1915864.85968 9
935535.410405 1915864.6731 9
935535.310369 1915864.48481 9
935535.212883 1915864.30082 9
935535.116391 1915864.11905 9
935535.020676 1915863.93973 9
935534.919514 1915863.74958 9
935534.824821 1915863.57138 9
935534.723611 1915863.38123 9
935534.628093 1915863.20143 9
935534.527729 1915863.01227 9
935534.4334 1915862.83468 9
935534.334904 1915862.64885 9
935534.232844 1915862.45686 9
935534.133296 1915862.2687 9
935534.032763 1915862.07929 9
935533.934066 1915861.89248 9
935533.830484 1915861.70535 9
935533.731485 1915861.52549 9
935533.632656 1915861.34612 9
935533.535046 1915861.16921 9
935533.432589 1915860.97905 9
935533.335281 1915860.79921 9
935533.24005 1915860.62161 9
935533.142565 1915860.44019 9
935533.035677 1915860.23567 9
935532.934612 1915860.04309 9
935532.83838 1915859.85913 9
935532.740003 1915859.6711 9
935532.624991 1915859.4534 9
935532.531203 1915859.27582 9
935532.405031 1915859.0372 9
935532.286761 1915858.81041 9
935532.167157 1915858.58471 9
935532.067683 1915858.39715 9
935531.973135 1915858.2181 9
935531.862812 1915858.00926 9
935531.761287 1915857.81703 9
935531.653122 1915857.61274 9
935531.556406 1915857.42999 9
935531.460024 1915857.24798 9
935531.3651 1915857.06891 9
935531.247602 1915856.84727 9
935531.142381 1915856.64888 9
935531.043704 1915856.46256 9
935530.950331 1915856.28572 9
935530.856584 1915856.10814 9
935530.744756 1915855.89659 9
935530.647241 1915855.71175 9
935530.541172 1915855.51067 9
935530.444115 1915855.32657 9
935530.319795 1915855.0909 9
935530.216445 1915854.89474 9
935530.120177 1915854.71822 9
935530.023968 1915854.54121 9
935529.923778 1915854.35828 9
935529.820699 1915854.17177 9
935529.716383 1915853.98255 9
935529.617184 1915853.80281 9
935529.516557 1915853.62097 9
935529.405029 1915853.41895 9
935529.306883 1915853.24142 9
935529.19897 1915853.04568 9
935529.095026 1915852.85695 9
935528.99713 1915852.67955 9
935528.893393 1915852.49132 9
935528.794001 1915852.31084 9
935528.688919 1915852.1199 9
935528.581261 1915851.92563 9
935528.476477 1915851.73652 9
935528.358726 1915851.52354 9
935528.256839 1915851.33997 9
935528.158586 1915851.16257 9
935528.046906 1915850.96115 9
935527.935531 1915850.7601 9
935527.832373 1915850.57383 9
935527.728509 1915850.38669 9
935527.630157 1915850.20904 9
935527.526381 1915850.02142 9
935527.421366 1915849.83194 9
935527.318102 1915849.64518 9
935527.218863 1915849.46581 9
935527.118695 1915849.28508 9
935527.014407 1915849.09683 9
935526.914717 1915848.91623 9
935526.804432 1915848.71715 9
935526.689273 1915848.51129 9
935526.581735 1915848.31714 9
935526.482093 1915848.13873 9
935526.379159 1915847.95405 9
935526.278684 1915847.77307 9
935526.180577 1915847.59664 9
935526.071955 1915847.38405 9
935525.972638 1915847.19405 9
935525.872649 1915846.99917 9
935525.776691 1915846.81777 9
935525.683587 1915846.64044 9
935525.585418 1915846.45474 9
935525.488598 1915846.27284 9
935525.385622 1915846.07913 9
935525.282284 1915845.88516 9
935525.18568 1915845.70473 9
935525.090123 1915845.52627 9
935524.989593 1915845.34138 9
935524.872094 1915845.12584 9
935524.768465 1915844.93675 9
935524.667819 1915844.75321 9
935524.548288 1915844.53482 9
935524.449548 1915844.35692 9
935524.352198 1915844.17965 9
935524.247148 1915843.99066 9
935524.149217 1915843.81363 9
935524.040625 1915843.61751 9
935523.938453 1915843.43296 9
935523.837736 1915843.25137 9
935523.715309 1915843.02989 9
935523.607563 1915842.83524 9
935523.503526 1915842.64725 9
935523.405868 1915842.47095 9
935523.305999 1915842.29035 9
935523.192915 1915842.08622 9
935523.093582 1915841.90697 9
935522.989521 1915841.71922 9
935522.883312 1915841.52741 9
935522.778837 1915841.33879 9
935522.67119 1915841.14452 9
935522.569789 1915840.96157 9
935522.469206 1915840.77998 9
935522.369138 1915840.599 9
935522.267862 1915840.41642 9
935522.164533 1915840.23003 9
935522.058047 1915840.03736 9
935521.959328 1915839.85823 9
935521.858948 1915839.67603 9
935521.759672 1915839.49617 9
935521.626855 1915839.25634 9
935521.527164 1915839.07659 9
935521.427532 1915838.89611 9
935521.33034 1915838.71994 9
935521.230986 1915838.54044 9
935521.118368 1915838.33706 9
935521.017145 1915838.1546 9
935520.916041 1915837.97117 9
935520.813706 1915837.7854 9
935520.712207 1915837.60098 9
935520.610663 1915837.41669 9
935520.509325 1915837.2324 9
935520.40791 1915837.04982 9
935520.306546 1915836.86675 9
935520.205516 1915836.68405 9
935520.100858 1915836.49397 9
935520.001373 1915836.31349 9
935519.902847 1915836.13547 9
935519.801945 1915835.95253 9
935519.702785 1915835.77304 9
935519.599229 1915835.58541 9
935519.500762 1915835.40691 9
935519.402751 1915835.2295 9
935519.305603 1915835.0537 9
935519.20895 1915834.87815 9
935519.101293 1915834.68265 9
935518.997649 1915834.49442 9
935518.892043 1915834.30311 9
935518.790455 1915834.11881 9
935518.688449 1915833.93317 9
935518.58652 1915833.74777 9
935518.4876 1915833.56791 9
935518.389048 1915833.38904 9
935518.291409 1915833.21176 9
935518.187873 1915833.02402 9
935518.088574 1915832.83879 9
935517.990756 1915832.65711 9
935517.895674 1915832.47768 9
935517.797652 1915832.29271 9
935517.709703 1915832.11095 9
935517.612653 1915831.92405 9
935517.512435 1915831.72891 9
935517.415084 1915831.5392 9
935517.312085 1915831.34231 9
935517.2098 1915831.14592 9
935517.116784 1915830.96677 9
935517.02371 1915830.78578 9
935516.915535 1915830.57649 9
935516.800872 1915830.35696 9
935516.695457 1915830.15443 9
935516.591612 1915829.95484 9
935516.490058 1915829.75944 9
935516.391822 1915829.57069 9
935516.292984 1915829.38034 9
935516.186711 1915829.17583 9
935516.079916 1915828.96998 9
935515.981422 1915828.76694 9
935515.904208 1915828.55545 9
935515.824118 1915828.36027 9
935515.7485 1915828.15943 9
935515.685351 1915827.96085 9
935515.61717 1915827.76086 9
935515.549199 1915827.55416 9
935515.481518 1915827.35075 9
935515.415537 1915827.1525 9
935515.349705 1915826.93766 9
935515.291099 1915826.73745 9
935515.240153 1915826.53943 9
935515.198462 1915826.34315 9
935515.161371 1915826.14255 9
935515.1224 1915825.93069 9
935515.078564 1915825.69618 9
935515.02728 1915825.48218 9
935514.96679 1915825.26644 9
935514.913525 1915825.06754 9
935514.854796 1915824.86171 9
935514.79275 1915824.64839 9
935514.728982 1915824.45091 9
935514.65594 1915824.2329 9
935514.576848 1915824.03151 9
935514.502708 1915823.84167 9
935514.427332 1915823.65437 9
935514.352019 1915823.45585 9
935514.259768 1915823.24828 9
935514.170707 1915823.05112 9
935514.084628 1915822.85902 9
935513.997156 1915822.67532 9
935513.906696 1915822.48607 9
935513.813706 1915822.30497 9
935513.71985 1915822.12128 9
935513.619246 1915821.93042 9
935513.524924 1915821.75148 9
935513.431285 1915821.57281 9
935513.319351 1915821.35992 9
935513.216674 1915821.16279 9
935513.117731 1915820.97317 9
935513.021504 1915820.78994 9
