935641.223594 1916218.98651 3
935641.231643 1916218.7588 3
935641.238105 1916218.54364 3
935641.245493 1916218.31043 3
935641.252122 1916218.10783 3
935641.258779 1916217.90244 3
935641.265288 1916217.7007 3
935641.273163 1916217.45602 3
935641.279921 1916217.2433 3
935641.287738 1916216.99655 3
935641.295127 1916216.76139 3
935641.302222 1916216.53806 3
935641.308707 1916216.33583 3
935641.315703 1916216.11775 3
935641.324649 1916215.85076 3
935641.333927 1916215.57535 3
935641.343865 1916215.25347 3
935641.35271 1916214.96109 3
935641.361227 1916214.67884 3
935641.368373 1916214.44551 3
935641.376007 1916214.19204 3
935641.382816 1916213.96651 3
935641.391836 1916213.67463 3
935641.398232 1916213.47228 3
935641.406039 1916213.22516 3
935641.413546 1916212.98451 3
935641.420661 1916212.75508 3
935641.42728 1916212.54052 3
935641.434487 1916212.30145 3
935641.44121 1916212.06884 3
935641.448126 1916211.83465 3
935641.454472 1916211.61912 3
935641.461853 1916211.36614 3
935641.461243 1916211.15159 3
935641.440133 1916210.92818 3
935641.423425 1916210.68312 3
935641.404911 1916210.46731 3
935641.38044 1916210.22884 3
935641.339698 1916210.00548 3
935641.306326 1916209.782 3
935641.270139 1916209.56189 3
935641.23237 1916209.36176 3
935641.190536 1916209.15242 3
935641.142245 1916208.90393 3
935641.094989 1916208.70561 3
935641.047447 1916208.49935 3
935640.996587 1916208.28877 3
935640.94433 1916208.07011 3
935640.889955 1916207.84166 3
935640.830126 1916207.59066 3
935640.782663 1916207.39197 3
935640.734655 1916207.1901 3
935640.679891 1916206.95444 3
935640.624915 1916206.72061 3
935640.565635 1916206.47438 3
935640.519042 1916206.27949 3
935640.470173 1916206.07321 3
935640.412731 1916205.8314 3
935640.356853 1916205.5967 3
935640.308024 1916205.39177 3
935640.260905 1916205.19442 3
935640.210688 1916204.98373 3
935640.163647 1916204.78627 3
935640.120448 1916204.58032 3
935640.07277 1916204.36918 3
935640.027772 1916204.16894 3
935639.983902 1916203.96677 3
935639.9367 1916203.75063 3
935639.891394 1916203.5438 3
935639.844255 1916203.32754 3
935639.812653 1916203.12276 3
935639.775814 1916202.92265 3
935639.739591 1916202.71206 3
935639.703207 1916202.50195 3
935639.667953 1916202.28893 3
935639.634654 1916202.08778 3
935639.602004 1916201.88749 3
935639.569223 1916201.68684 3
935639.536781 1916201.48839 3
935639.508836 1916201.27573 3
935639.489037 1916201.07406 3
935639.477291 1916200.85373 3
935639.46747 1916200.65099 3
935639.458134 1916200.4451 3
935639.448437 1916200.23505 3
935639.438842 1916200.0272 3
935639.429088 1916199.81495 3
935639.422866 1916199.60507 3
935639.418841 1916199.39804 3
935639.415002 1916199.18942 3
935639.414792 1916198.97367 3
935639.414131 1916198.77047 3
935639.415288 1916198.56852 3
935639.416452 1916198.36084 3
935639.417844 1916198.14889 3
935639.419285 1916197.9334 3
935639.420748 1916197.73049 3
935639.422323 1916197.5272 3
935639.424137 1916197.30977 3
935639.425737 1916197.10588 3
935639.427222 1916196.89869 3
935639.429076 1916196.6898 3
935639.431178 1916196.48311 3
935639.433311 1916196.25909 3
935639.435389 1916196.04239 3
935639.437792 1916195.82728 3
935639.440343 1916195.61584 3
935639.442824 1916195.40928 3
935639.445222 1916195.20796 3
935639.448088 1916194.99493 3
935639.451702 1916194.74678 3
935639.454555 1916194.53839 3
935639.457313 1916194.33842 3
935639.470176 1916194.1236 3
935639.47788 1916193.90516 3
935639.484841 1916193.6883 3
935639.491532 1916193.47936 3
935639.498037 1916193.26151 3
935639.505452 1916193.02757 3
935639.512165 1916192.81436 3
935639.51919 1916192.59542 3
935639.525532 1916192.37769 3
935639.530909 1916192.14726 3
935639.53573 1916191.94268 3
935639.540341 1916191.72932 3
935639.545349 1916191.50815 3
935639.550177 1916191.29504 3
935639.55466 1916191.094 3
935639.559176 1916190.8871 3
935639.563634 1916190.68094 3
935639.568067 1916190.47733 3
935639.572596 1916190.26861 3
935639.577148 1916190.04877 3
935639.581403 1916189.83235 3
935639.585538 1916189.62155 3
935639.589971 1916189.39769 3
935639.594096 1916189.19042 3
935639.598159 1916188.97839 3
935639.602715 1916188.73574 3
935639.606781 1916188.51821 3
935639.611162 1916188.29862 3
935639.615604 1916188.08099 3
935639.619809 1916187.86383 3
935639.625324 1916187.58422 3
935639.629693 1916187.36829 3
935639.634375 1916187.1437 3
935639.638936 1916186.91801 3
935639.642614 1916186.7072 3
935639.647564 1916186.44112 3
935639.652326 1916186.20519 3
935639.656511 1916185.99316 3
935639.660873 1916185.77479 3
935639.665553 1916185.54446 3
935639.670741 1916185.30097 3
935639.675892 1916185.06552 3
935639.680821 1916184.83301 3
935639.686058 1916184.59403 3
935639.691205 1916184.36847 3
935639.695827 1916184.16353 3
935639.700751 1916183.93809 3
935639.705906 1916183.70911 3
935639.711129 1916183.48978 3
935639.715835 1916183.28533 3
935639.721689 1916183.04977 3
935639.72666 1916182.84545 3
935639.731695 1916182.64039 3
935639.737706 1916182.41375 3
935639.743166 1916182.20784 3
935639.748203 1916181.99692 3
935639.752992 1916181.79491 3
935639.758129 1916181.58534 3
935639.762302 1916181.38417 3
935639.76566 1916181.17811 3
935639.768736 1916180.97449 3
935639.772451 1916180.76563 3
935639.775517 1916180.55395 3
935639.777584 1916180.34176 3
935639.77929 1916180.13311 3
935639.780809 1916179.93142 3
935639.782405 1916179.72106 3
935639.78321 1916179.5163 3
935639.785808 1916179.30913 3
935639.788326 1916179.10793 3
935639.79147 1916178.90285 3
935639.794271 1916178.70117 3
935639.798262 1916178.49561 3
935639.801075 1916178.25366 3
935639.806301 1916178.03176 3
935639.81084 1916177.83109 3
935639.816298 1916177.59504 3
935639.821551 1916177.37095 3
935639.826491 1916177.14112 3
935639.832411 1916176.91875 3
935639.843821 1916176.69841 3
935639.852392 1916176.45314 3
935639.861278 1916176.23948 3
935639.87051 1916176.02228 3
935639.876014 1916175.81077 3
935639.880479 1916175.59935 3
935639.886195 1916175.39272 3
935639.890892 1916175.16813 3
935639.895078 1916174.96757 3
935639.899446 1916174.76519 3
935639.904524 1916174.53914 3
935639.910016 1916174.31103 3
935639.914629 1916174.10523 3
935639.919939 1916173.81744 3
935639.925436 1916173.58224 3
935639.930603 1916173.36023 3
935639.935267 1916173.15455 3
935639.940195 1916172.93704 3
935639.945047 1916172.7243 3
935639.950022 1916172.51582 3
935639.955221 1916172.30283 3
935639.960328 1916172.09277 3
935639.965724 1916171.87027 3
935639.97062 1916171.66631 3
935639.976093 1916171.44283 3
935639.977752 1916171.23711 3
935639.979189 1916170.97183 3
935639.980498 1916170.75353 3
935639.980895 1916170.54425 3
935639.981368 1916170.34071 3
935639.981708 1916170.13692 3
935639.982017 1916169.93361 3
935639.982353 1916169.71469 3
935639.982704 1916169.51456 3
935639.983416 1916169.28003 3
935639.98407 1916169.06465 3
935639.984112 1916168.86378 3
935639.985058 1916168.6323 3
935639.985483 1916168.40105 3
935639.986129 1916168.16493 3
935639.987018 1916167.9376 3
935639.98744 1916167.72478 3
935639.987766 1916167.51415 3
935639.988207 1916167.3006 3
935639.990934 1916167.09294 3
935639.992761 1916166.8738 3
935639.995895 1916166.65688 3
935639.999521 1916166.44691 3
935640.00301 1916166.24024 3
935640.006462 1916166.03309 3
935640.011052 1916165.80081 3
935640.015324 1916165.58854 3
935640.019052 1916165.37357 3
935640.023538 1916165.14544 3
935640.028006 1916164.92952 3
935640.032578 1916164.6998 3
935640.037141 1916164.47545 3
935640.04153 1916164.26404 3
935640.045228 1916164.06347 3
935640.049273 1916163.8617 3
935640.054227 1916163.61417 3
935640.058405 1916163.40068 3
935640.062444 1916163.18193 3
935640.066549 1916162.9793 3
935640.070561 1916162.77289 3
935640.075263 1916162.52194 3
935640.079206 1916162.31943 3
935640.083526 1916162.1085 3
935640.087492 1916161.90257 3
935640.091465 1916161.70006 3
935640.097483 1916161.49843 3
935640.103033 1916161.29655 3
935640.109502 1916161.09628 3
935640.116643 1916160.89028 3
935640.123762 1916160.68367 3
935640.130854 1916160.47974 3
935640.138612 1916160.25691 3
935640.146193 1916160.03749 3
935640.153136 1916159.83478 3
935640.161652 1916159.58438 3
935640.169099 1916159.36911 3
935640.176116 1916159.16555 3
935640.183183 1916158.95747 3
935640.188997 1916158.7567 3
935640.195406 1916158.55349 3
935640.201067 1916158.34893 3
935640.206426 1916158.14461 3
935640.211789 1916157.93382 3
935640.216914 1916157.72937 3
935640.222553 1916157.50785 3
935640.22762 1916157.30706 3
935640.232617 1916157.09627 3
935640.237684 1916156.88584 3
935640.242979 1916156.67835 3
935640.248217 1916156.46146 3
935640.253468 1916156.23993 3
935640.258666 1916156.02511 3
935640.263502 1916155.82346 3
935640.268534 1916155.61426 3
935640.274359 1916155.39457 3
935640.280003 1916155.18378 3
935640.285345 1916154.97958 3
935640.290946 1916154.76441 3
935640.296307 1916154.56045 3
935640.302414 1916154.32917 3
935640.307804 1916154.11326 3
935640.31308 1916153.89881 3
935640.319796 1916153.64789 3
935640.325905 1916153.42125 3
935640.331494 1916153.19814 3
935640.337441 1916152.95673 3
935640.344194 1916152.69191 3
935640.351596 1916152.40927 3
935640.356492 1916152.17309 3
935640.361066 1916151.95143 3
935640.36699 1916151.67439 3
935640.371687 1916151.45029 3
935640.376112 1916151.239 3
935640.380582 1916151.03161 3
935640.384931 1916150.82605 3
935640.389172 1916150.62391 3
935640.393522 1916150.41884 3
935640.398058 1916150.20194 3
935640.402888 1916149.96991 3
935640.407127 1916149.76313 3
935640.411412 1916149.55586 3
935640.415546 1916149.35567 3
935640.419857 1916149.14633 3
935640.42391 1916148.94309 3
935640.428355 1916148.72423 3
935640.43237 1916148.52391 3
935640.437051 1916148.29164 3
935640.441462 1916148.074 3
935640.445669 1916147.86539 3
935640.450012 1916147.64531 3
935640.454447 1916147.42279 3
935640.458674 1916147.21199 3
935640.463017 1916146.99764 3
935640.467316 1916146.78903 3
935640.471495 1916146.58555 3
935640.475741 1916146.37828 3
935640.480616 1916146.14442 3
935640.484838 1916145.94301 3
935640.489032 1916145.74099 3
935640.49388 1916145.51213 3
935640.498109 1916145.30889 3
935640.502977 1916145.07833 3
935640.5077 1916144.86167 3
935640.512285 1916144.65038 3
935640.517078 1916144.42067 3
935640.521258 1916144.20705 3
935640.52531 1916143.99856 3
935640.53132 1916143.73446 3
935640.536152 1916143.52732 3
935640.540782 1916143.30017 3
935640.54567 1916143.06594 3
935640.550329 1916142.84855 3
935640.555465 1916142.60921 3
935640.559968 1916142.40023 3
935640.566306 1916142.10001 3
935640.570715 1916141.89018 3
935640.572151 1916141.66152 3
935640.573795 1916141.45482 3
935640.574543 1916141.22528 3
935640.573928 1916141.02062 3
935640.573437 1916140.80913 3
935640.581418 1916140.59485 3
935640.583847 1916140.38963 3
935640.588217 1916140.18663 3
935640.593532 1916139.93313 3
935640.596789 1916139.71804 3
935640.600151 1916139.4944 3
935640.602908 1916139.29358 3
935640.605943 1916139.07128 3
935640.609581 1916138.8274 3
935640.613334 1916138.60938 3
935640.616461 1916138.40539 3
935640.61996 1916138.17407 3
935640.623512 1916137.938 3
935640.626757 1916137.7251 3
935640.631056 1916137.44815 3
935640.633222 1916137.24317 3
935640.637109 1916137.00039 3
935640.640851 1916136.75662 3
935640.644459 1916136.51701 3
935640.647631 1916136.29813 3
935640.650913 1916136.08389 3
935640.655846 1916135.87517 3
935640.66033 1916135.67462 3
935640.665555 1916135.44125 3
935640.671645 1916135.18361 3
935640.676704 1916134.97319 3
935640.681918 1916134.75642 3
935640.687037 1916134.54221 3
935640.692402 1916134.3197 3
935640.698026 1916134.08622 3
935640.703082 1916133.87116 3
935640.708313 1916133.64511 3
935640.713098 1916133.44237 3
935640.717876 1916133.24011 3
935640.72302 1916133.01614 3
935640.728098 1916132.79253 3
935640.733087 1916132.58076 3
935640.737993 1916132.37619 3
935640.743159 1916132.15759 3
935640.749484 1916131.91448 3
935640.754723 1916131.69515 3
935640.759904 1916131.46934 3
