95.7285842896 1254.33679199 0
95.7632293701 1254.40795898 0
95.802444458 1254.47973633 0
95.8411560059 1254.55480957 0
95.8820037842 1254.63476562 0
95.9227600098 1254.71435547 0
95.9562835693 1254.77929688 0
95.9947280884 1254.85339355 0
96.0321807861 1254.92578125 0
96.0804138184 1255.0189209 0
96.1175765991 1255.09082031 0
96.1621856689 1255.17663574 0
96.2173919678 1255.28283691 0
96.2680435181 1255.38024902 0
96.3203201294 1255.48083496 0
96.3769989014 1255.58984375 0
96.4160461426 1255.66503906 0
96.4747848511 1255.77832031 0
96.5098724365 1255.8458252 0
96.5757293701 1255.97265625 0
96.6080322266 1256.03491211 0
96.678314209 1256.17016602 0
96.7162780762 1256.24316406 0
96.7585372925 1256.32458496 0
96.8334960938 1256.46862793 0
96.9086151123 1256.61279297 0
96.9830780029 1256.75561523 0
97.0202178955 1256.82702637 0
97.0684280396 1256.91967773 0
97.1084289551 1256.99658203 0
97.1616744995 1257.09887695 0
97.2529754639 1257.27441406 0
97.2919006348 1257.34936523 0
97.3273391724 1257.4173584 0
97.3884887695 1257.53491211 0
97.4392852783 1257.63256836 0
97.4726638794 1257.69665527 0
97.5387573242 1257.82385254 0
97.5897293091 1257.921875 0
97.6940155029 1258.12219238 0
97.7456588745 1258.22131348 0
97.8076477051 1258.34020996 0
97.8517532349 1258.42480469 0
97.9146347046 1258.54577637 0
98.0199966431 1258.74804688 0
98.0792541504 1258.86193848 0
98.1894454956 1259.07348633 0
98.3255462646 1259.33447266 0
98.3832397461 1259.44519043 0
98.5023193359 1259.67346191 0
98.5664520264 1259.79650879 0
98.5991668701 1259.85913086 0
98.6915893555 1260.03637695 0
98.7544403076 1260.15710449 0
98.7894821167 1260.22424316 0
98.8843231201 1260.40625 0
98.9649505615 1260.56079102 0
99.0953521729 1260.81103516 0
99.1656265259 1260.94580078 0
99.294052124 1261.19226074 0
99.3689956665 1261.33618164 0
99.5094604492 1261.60559082 0
99.5684280396 1261.71875 0
99.6217803955 1261.82104492 0
99.7196807861 1262.0090332 0
99.7883911133 1262.14074707 0
99.8397216797 1262.23913574 0
99.9367599487 1262.42529297 0
100.008361816 1262.5625 0
100.051261902 1262.64477539 0
100.169395447 1262.86523438 0
100.309234619 1263.11474609 0
100.359558105 1263.20593262 0
100.448326111 1263.36560059 0
100.493041992 1263.44421387 0
100.628616333 1263.67541504 0
100.69140625 1263.77978516 0
100.734207153 1263.85021973 0
100.879173279 1264.08581543 0
100.957618713 1264.21191406 0
100.997146606 1264.27526855 0
101.146591187 1264.51391602 0
101.222511292 1264.6348877 0
101.265739441 1264.70361328 0
101.402000427 1264.92016602 0
101.498512268 1265.07336426 0
101.536712646 1265.13378906 0
101.684059143 1265.36779785 0
101.765579224 1265.49707031 0
101.819839478 1265.58312988 0
101.965637207 1265.81445312 0
102.073822021 1265.98608398 0
102.262588501 1266.28918457 0
102.343414307 1266.4230957 0
102.404098511 1266.52172852 0
102.527809143 1266.72302246 0
102.577651978 1266.80517578 0
102.777648926 1267.14001465 0
102.822067261 1267.21533203 0
102.959564209 1267.44970703 0
103.065055847 1267.6307373 0
103.13760376 1267.75537109 0
103.248092651 1267.94555664 0
103.342651367 1268.10876465 0
103.41368103 1268.23132324 0
103.529632568 1268.43151855 0
103.624450684 1268.59533691 0
103.699615479 1268.72521973 0
103.809631348 1268.91601562 0
103.910980225 1269.09667969 0
103.974868774 1269.2121582 0
104.085388184 1269.40783691 0
104.166488647 1269.55249023 0
104.227310181 1269.66223145 0
104.351753235 1269.88989258 0
104.439834595 1270.05310059 0
104.496551514 1270.15869141 0
104.625358582 1270.39990234 0
104.704864502 1270.54931641 0
104.75327301 1270.640625 0
104.891357422 1270.90124512 0
104.985221863 1271.07873535 0
105.115661621 1271.32568359 0
105.289093018 1271.6541748 0
105.38458252 1271.83508301 0
105.564941406 1272.17675781 0
105.656105042 1272.3494873 0
105.694313049 1272.421875 0
105.834770203 1272.68774414 0
105.940696716 1272.88842773 0
106.117622375 1273.22338867 0
106.215766907 1273.40930176 0
106.250473022 1273.47509766 0
106.40297699 1273.76391602 0
106.489318848 1273.92724609 0
106.546173096 1274.03503418 0
106.673370361 1274.27575684 0
106.766395569 1274.4519043 0
106.81036377 1274.53515625 0
106.965042114 1274.82800293 0
107.064399719 1275.01611328 0
107.24949646 1275.36669922 0
107.336776733 1275.53186035 0
107.384498596 1275.62231445 0
107.455032349 1275.75598145 0
107.627037048 1276.08178711 0
107.706855774 1276.23278809 0
107.796012878 1276.4017334 0
107.838821411 1276.48266602 0
107.990722656 1276.77050781 0
108.098251343 1276.97387695 0
108.172210693 1277.11401367 0
108.323982239 1277.40124512 0
108.388816833 1277.52392578 0
108.460845947 1277.66027832 0
108.570411682 1277.86755371 0
108.672187805 1278.06018066 0
108.745323181 1278.1986084 0
108.861961365 1278.41918945 0
108.951255798 1278.58813477 0
109.012748718 1278.70446777 0
109.203308105 1279.06518555 0
109.282241821 1279.21447754 0
109.433914185 1279.50158691 0
109.535499573 1279.69396973 0
109.573097229 1279.76513672 0
109.767425537 1280.13305664 0
109.826690674 1280.24523926 0
109.923110962 1280.4276123 0
110.147438049 1280.85229492 0
110.201278687 1280.9543457 0
110.339675903 1281.21630859 0
110.45375061 1281.43225098 0
110.536773682 1281.58935547 0
110.633781433 1281.77294922 0
110.729217529 1281.95361328 0
110.822692871 1282.13037109 0
110.936546326 1282.34570312 0
110.975646973 1282.41955566 0
111.124404907 1282.70092773 0
111.304985046 1283.04248047 0
111.354095459 1283.13525391 0
111.497879028 1283.40734863 0
111.615234375 1283.62927246 0
111.800544739 1283.97998047 0
111.833312988 1284.04211426 0
111.98236084 1284.32421875 0
112.079788208 1284.50866699 0
112.17489624 1284.6887207 0
112.29221344 1284.91064453 0
112.37348175 1285.06433105 0
112.480285645 1285.26635742 0
112.565948486 1285.42834473 0
112.626190186 1285.5423584 0
112.860534668 1285.98571777 0
112.908714294 1286.07678223 0
113.055831909 1286.35510254 0
113.136199951 1286.50720215 0
113.188407898 1286.60595703 0
113.330116272 1286.87414551 0
113.438812256 1287.07995605 0
113.624633789 1287.43164062 0
113.717300415 1287.60693359 0
113.777305603 1287.72045898 0
113.928543091 1288.00683594 0
114.011535645 1288.16381836 0
114.055984497 1288.24804688 0
114.217666626 1288.55407715 0
114.29322052 1288.70007324 0
114.340553284 1288.79296875 0
114.481048584 1289.06347656 0
114.576629639 1289.2479248 0
114.625198364 1289.34204102 0
114.756645203 1289.59887695 0
114.8697052 1289.82128906 0
115.044128418 1290.16674805 0
115.134658813 1290.34692383 0
115.189086914 1290.45532227 0
115.292572021 1290.66162109 0
115.52557373 1291.12731934 0
115.60710907 1291.29040527 0
115.698699951 1291.47814941 0
115.781181335 1291.65075684 0
115.863883972 1291.82092285 0
115.957519531 1292.01379395 0
116.045166016 1292.19628906 0
116.144500732 1292.40612793 0
116.206840515 1292.53930664 0
116.313934326 1292.76989746 0
116.400718689 1292.95837402 0
116.465072632 1293.09887695 0
116.566375732 1293.32128906 0
116.641784668 1293.48730469 0
116.719535828 1293.65893555 0
116.812835693 1293.86547852 0
116.8932724 1294.0435791 0
116.998939514 1294.2779541 0
117.066917419 1294.42883301 0
117.155227661 1294.62487793 0
117.241569519 1294.81652832 0
117.313980103 1294.97729492 0
117.408226013 1295.18652344 0
117.480361938 1295.34667969 0
117.572036743 1295.5501709 0
117.681800842 1295.79370117 0
117.747001648 1295.93847656 0
117.834381104 1296.13232422 0
117.909912109 1296.29992676 0
118.000679016 1296.50109863 0
118.10585022 1296.734375 0
118.163986206 1296.86340332 0
118.265022278 1297.08740234 0
118.357955933 1297.29345703 0
118.417831421 1297.42626953 0
118.518051147 1297.64831543 0
118.592903137 1297.81420898 0
118.669204712 1297.98327637 0
118.76499939 1298.19555664 0
118.845733643 1298.37451172 0
118.940727234 1298.58520508 0
119.014938354 1298.74975586 0
119.112258911 1298.96557617 0
119.181167603 1299.1184082 0
119.274131775 1299.32458496 0
119.358039856 1299.51074219 0
119.436912537 1299.68554688 0
119.52456665 1299.87988281 0
119.609519958 1300.0682373 0
119.689842224 1300.24633789 0
119.792770386 1300.47436523 0
119.830734253 1300.55859375 0
119.935325623 1300.79052734 0
120.014518738 1300.96594238 0
120.092094421 1301.13793945 0
120.185745239 1301.34545898 0
120.268028259 1301.5279541 0
120.366912842 1301.74719238 0
120.432411194 1301.89257812 0
120.535583496 1302.12133789 0
120.6067276 1302.27905273 0
120.692359924 1302.47436523 0
120.77331543 1302.66479492 0
120.847366333 1302.83581543 0
120.946090698 1303.06359863 0
121.015350342 1303.22460938 0
121.098274231 1303.41870117 0
121.182617188 1303.61743164 0
121.255599976 1303.79064941 0
121.295799255 1303.88647461 0
121.404067993 1304.14501953 0
121.489425659 1304.34960938 0
121.564033508 1304.52868652 0
121.644477844 1304.72192383 0
121.726867676 1304.92016602 0
121.766525269 1305.01550293 0
121.881347656 1305.29187012 0
122.080863953 1305.7722168 0
122.119506836 1305.86523438 0
122.166046143 1305.97729492 0
122.273674011 1306.23669434 0
122.356323242 1306.43579102 0
122.404899597 1306.55285645 0
122.512825012 1306.81298828 0
122.58706665 1306.99182129 0
122.624465942 1307.08178711 0
122.744567871 1307.37060547 0
122.840881348 1307.60205078 0
122.985931396 1307.95068359 0
123.068016052 1308.14819336 0
123.105682373 1308.23901367 0
123.221511841 1308.51831055 0
123.308380127 1308.72827148 0
123.335494995 1308.79394531 0
123.457321167 1309.08874512 0
123.545379639 1309.30371094 0
123.695320129 1309.69445801 0
123.748626709 1309.83813477 0
123.790603638 1309.94812012 0
123.891372681 1310.2109375 0
123.96685791 1310.41015625 0
123.997756958 1310.49243164 0
124.161941528 1310.93713379 0
124.244804382 1311.16577148 0
124.325546265 1311.39038086 0
124.378517151 1311.53869629 0
124.447479248 1311.73254395 0
124.518783569 1311.93359375 0
124.586402893 1312.12451172 0
124.655105591 1312.31896973 0
124.725105286 1312.51708984 0
124.787994385 1312.69555664 0
124.871871948 1312.93359375 0
124.925605774 1313.08642578 0
125.002288818 1313.30432129 0
125.066192627 1313.48596191 0
125.128410339 1313.6628418 0
125.201263428 1313.86999512 0
125.269813538 1314.06481934 0
125.349899292 1314.2923584 0
125.39616394 1314.42382812 0
125.483703613 1314.67236328 0
125.541412354 1314.83618164 0
125.602615356 1315.0098877 0
125.680358887 1315.23046875 0
125.744384766 1315.41223145 0
125.819366455 1315.625 0
125.85043335 1315.71313477 0
125.883972168 1315.80834961 0
125.994476318 1316.1217041 0
126.098693848 1316.4173584 0
126.176361084 1316.63757324 0
126.250747681 1316.84851074 0
126.386726379 1317.23425293 0
126.445526123 1317.40112305 0
126.495635986 1317.54333496 0
126.582885742 1317.79089355 0
126.654167175 1317.99304199 0
126.699050903 1318.12036133 0
126.790840149 1318.38061523 0
126.858848572 1318.57324219 0
126.894706726 1318.67492676 0
126.99747467 1318.96594238 0
127.073387146 1319.18066406 0
127.097473145 1319.2487793 0
127.203567505 1319.54870605 0
127.270576477 1319.73803711 0
127.313461304 1319.85925293 0
127.40802002 1320.1262207 0
127.47718811 1320.3215332 0
127.520431519 1320.44360352 0
127.611038208 1320.69946289 0
127.653816223 1320.82043457 0
127.68409729 1320.90612793 0
127.852363586 1321.38330078 0
127.931587219 1321.60839844 0
127.993682861 1321.78515625 0
128.075088501 1322.01708984 0
128.100234985 1322.08874512 0
128.205078125 1322.38720703 0
128.287475586 1322.62145996 0
128.414871216 1322.98364258 0
128.481506348 1323.17272949 0
128.521881104 1323.28735352 0
128.61491394 1323.55126953 0
128.683166504 1323.74462891 0
128.761169434 1323.97094727 0
128.81022644 1324.11865234 0
128.881164551 1324.33679199 0
128.905853271 1324.4152832 0
128.994140625 1324.70874023 0
129.056365967 1324.91210938 0
129.079238892 1324.98754883 0
129.162384033 1325.26818848 0
129.220504761 1325.47094727 0
129.271957397 1325.65478516 0
129.332946777 1325.87878418 0
129.374816895 1326.03466797 0
129.402496338 1326.13842773 0
129.532409668 1326.63110352 0
129.587295532 1326.84069824 0
129.631698608 1327.01037598 0
129.692474365 1327.24291992 0
129.737976074 1327.41711426 0
129.790588379 1327.6184082 0
129.839675903 1327.80639648 0
129.887924194 1327.99108887 0
129.940551758 1328.19250488 0
129.993377686 1328.39453125 0
130.051834106 1328.61804199 0
130.092071533 1328.77172852 0
130.153625488 1329.00683594 0
130.197998047 1329.17626953 0
130.245880127 1329.35913086 0
130.304122925 1329.58154297 0
130.356140137 1329.78076172 0
130.401580811 1329.96276855 0
130.449066162 1330.16247559 0
130.493301392 1330.35168457 0
130.54737854 1330.57727051 0
130.588684082 1330.75244141 0
130.640594482 1330.97705078 0
130.673492432 1331.12207031 0
130.729141235 1331.37121582 0
130.765350342 1331.53588867 0
130.794189453 1331.66845703 0
130.856964111 1331.95922852 0
130.878753662 1332.06079102 0
130.941299438 1332.35424805 0
130.988739014 1332.57775879 0
131.003890991 1332.64929199 0
131.047851562 1332.8572998 0
131.107879639 1333.1418457 0
131.152679443 1333.35693359 0
131.169586182 1333.44165039 0
131.227386475 1333.72949219 0
131.277648926 1333.97619629 0
131.310516357 1334.14001465 0
131.350830078 1334.34436035 0
131.387329102 1334.53198242 0
131.414901733 1334.67529297 0
131.463546753 1334.93066406 0
131.503540039 1335.14208984 0
131.529052734 1335.27758789 0
131.577728271 1335.53649902 0
131.613861084 1335.72900391 0
131.632568359 1335.82897949 0
131.688995361 1336.13024902 0
131.732269287 1336.36169434 0
131.745300293 1336.43139648 0
131.771179199 1336.56982422 0
131.823059082 1336.8605957 0
131.855880737 1337.05957031 0
131.885879517 1337.24316406 0
131.922103882 1337.45996094 0
131.952987671 1337.64978027 0
131.990112305 1337.88708496 0
132.016052246 1338.05859375 0
132.048690796 1338.28051758 0
132.077224731 1338.47949219 0
132.103149414 1338.66369629 0
132.129898071 1338.85717773 0
132.156661987 1339.05322266 0
132.184661865 1339.2598877 0
132.212783813 1339.46899414 0
132.238174438 1339.65869141 0
132.266830444 1339.8737793 0
132.293014526 1340.07055664 0
132.319198608 1340.26806641 0
132.346405029 1340.47338867 0
132.373718262 1340.68005371 0
132.400665283 1340.88391113 0
132.427154541 1341.08447266 0
132.456558228 1341.30700684 0
132.48059082 1341.4888916 0
132.512832642 1341.73291016 0
132.532836914 1341.88391113 0
132.54989624 1342.01293945 0
132.618057251 1342.52758789 0
132.646514893 1342.74230957 0
132.672485352 1342.93835449 0
132.703430176 1343.17150879 0
132.728179932 1343.35839844 0
132.756881714 1343.57470703 0
132.784912109 1343.78588867 0
132.810333252 1343.97766113 0
132.839752197 1344.19946289 0
132.86706543 1344.40539551 0
132.889785767 1344.57653809 0
132.920181274 1344.80566406 0
132.943496704 1344.98181152 0
132.961639404 1345.11877441 0
132.999069214 1345.40112305 0
133.024688721 1345.59423828 0
133.036651611 1345.68444824 0
133.076217651 1346.00793457 0
133.098937988 1346.2277832 0
133.119049072 1346.43701172 0
133.136657715 1346.60522461 0
133.158004761 1346.81176758 0
133.177078247 1347.00598145 0
133.194824219 1347.19592285 0
133.204742432 1347.30688477 0
133.22605896 1347.5559082 0
133.243728638 1347.77282715 0
133.279586792 1348.24145508 0
133.287475586 1348.34875488 0
133.297698975 1348.48913574 0
133.317398071 1348.76501465 0
133.330841064 1348.95581055 0
133.340423584 1349.09228516 0
133.359909058 1349.37219238 0
133.373321533 1349.56542969 0
133.381744385 1349.69677734 0
133.39654541 1349.97473145 0
133.407531738 1350.16516113 0
133.424179077 1350.45703125 0
133.430038452 1350.56933594 0
133.441452026 1350.80773926 0
133.444854736 1350.88464355 0
133.45703125 1351.18151855 0
133.465286255 1351.40454102 0
133.467803955 1351.47607422 0
133.478393555 1351.79333496 0
133.484695435 1351.99243164 0
133.488616943 1352.11889648 0
133.497894287 1352.42407227 0
133.504806519 1352.65673828 0
133.509460449 1352.81420898 0
133.516433716 1353.05200195 0
133.520858765 1353.20263672 0
133.524536133 1353.32873535 0
133.53326416 1353.6270752 0
133.539230347 1353.8314209 0
133.541809082 1353.92004395 0
133.551452637 1354.24829102 0
133.557312012 1354.44921875 0
133.560180664 1354.54785156 0
133.568908691 1354.84729004 0
133.577697754 1355.15869141 0
133.585968018 1355.45410156 0
133.591369629 1355.64428711 0
133.598358154 1355.8894043 0
133.601364136 1355.99450684 0
133.606521606 1356.17199707 0
133.613449097 1356.40942383 0
133.618041992 1356.56347656 0
133.622390747 1356.70581055 0
133.629882812 1356.95776367 0
133.631881714 1357.0300293 0
133.634094238 1357.11083984 0
133.637695312 1357.24365234 0
133.642150879 1357.40844727 0
133.644683838 1357.49475098 0
133.647888184 1357.58789062 0
