935556.736593 1915902.4651 9
935556.639396 1915902.28857 9
935556.535282 1915902.10192 9
935556.430452 1915901.91159 9
935556.324547 1915901.72967 9
935556.209691 1915901.55066 9
935556.097889 1915901.37218 9
935555.978381 1915901.18162 9
935555.856166 1915901.0064 9
935555.734351 1915900.83142 9
935555.610644 1915900.6541 9
935555.492736 1915900.48431 9
935555.36878 1915900.30638 9
935555.238092 1915900.12028 9
935555.102938 1915899.93997 9
935554.981455 1915899.77122 9
935554.862603 1915899.60667 9
935554.742322 1915899.44148 9
935554.621093 1915899.2753 9
935554.494851 1915899.10197 9
935554.35236 1915898.90629 9
935554.222196 1915898.72752 9
935554.096814 1915898.55481 9
935553.943992 1915898.34395 9
935553.795532 1915898.14061 9
935553.670749 1915897.96815 9
935553.542922 1915897.79284 9
935553.425845 1915897.61318 9
935553.312282 1915897.43516 9
935553.202706 1915897.26636 9
935553.094273 1915897.09331 9
935552.986662 1915896.92039 9
935552.875155 1915896.74155 9
935552.761308 1915896.55951 9
935552.660645 1915896.3806 9
935552.550602 1915896.19605 9
935552.444992 1915896.01474 9
935552.329653 1915895.81595 9
935552.224186 1915895.62732 9
935552.11666 1915895.43647 9
935552.016224 1915895.25597 9
935551.912366 1915895.06884 9
935551.801831 1915894.86866 9
935551.686885 1915894.66328 9
935551.546648 1915894.41199 9
935551.446563 1915894.23224 9
935551.340038 1915894.04054 9
935551.233493 1915893.84946 9
935551.129814 1915893.6633 9
935550.999905 1915893.43023 9
935550.874941 1915893.20395 9
935550.770127 1915893.01619 9
935550.644305 1915892.79332 9
935550.506539 1915892.54926 9
935550.407528 1915892.37294 9
935550.290743 1915892.1662 9
935550.190217 1915891.98778 9
935550.056723 1915891.74867 9
935549.954185 1915891.56461 9
935549.845371 1915891.34969 9
935549.730163 1915891.13663 9
935549.62454 1915890.94653 9
935549.523586 1915890.76261 9
935549.420275 1915890.57244 9
935549.315632 1915890.38016 9
935549.186084 1915890.14454 9
935549.070445 1915889.93219 9
935548.943517 1915889.69869 9
935548.841882 1915889.51207 9
935548.73097 1915889.3092 9
935548.613758 1915889.09452 9
935548.483322 1915888.85595 9
935548.338969 1915888.59129 9
935548.230346 1915888.3898 9
935548.128941 1915888.20356 9
935548.005832 1915887.97731 9
935547.875257 1915887.73886 9
935547.762088 1915887.53254 9
935547.661948 1915887.34912 9
935547.566244 1915887.17322 9
935547.455777 1915886.96999 9
935547.34868 1915886.77353 9
935547.233204 1915886.56192 9
935547.129723 1915886.3726 9
935547.015058 1915886.16784 9
935546.908134 1915885.97626 9
935546.800656 1915885.78565 9
935546.69022 1915885.5917 9
935546.589311 1915885.41327 9
935546.487279 1915885.23226 9
935546.368879 1915885.02208 9
935546.261472 1915884.83159 9
935546.157392 1915884.64725 9
935546.040491 1915884.44014 9
935545.925771 1915884.23404 9
935545.813196 1915884.0331 9
935545.709865 1915883.85036 9
935545.593078 1915883.6441 9
935545.486732 1915883.45607 9
935545.377967 1915883.26312 9
935545.260327 1915883.05429 9
935545.145433 1915882.85002 9
935545.04387 1915882.67012 9
935544.930736 1915882.46953 9
935544.825532 1915882.28188 9
935544.715341 1915882.08562 9
935544.608525 1915881.89685 9
935544.506251 1915881.7162 9
935544.403226 1915881.53384 9
935544.297292 1915881.3463 9
935544.19646 1915881.16788 9
935544.085726 1915880.97197 9
935543.984451 1915880.7928 9
935543.878496 1915880.60527 9
935543.779389 1915880.42968 9
935543.660931 1915880.2201 9
935543.562425 1915880.04574 9
935543.455804 1915879.85685 9
935543.347972 1915879.66562 9
935543.239949 1915879.47451 9
935543.13246 1915879.28439 9
935543.036416 1915879.09555 9
935542.936059 1915878.91054 9
935542.827241 1915878.70502 9
935542.727862 1915878.51686 9
935542.618794 1915878.31121 9
935542.519208 1915878.12231 9
935542.424085 1915877.94263 9
935542.322745 1915877.75102 9
935542.219234 1915877.55498 9
935542.108813 1915877.34529 9
935542.008976 1915877.15626 9
935541.909565 1915876.96688 9
935541.812413 1915876.78204 9
935541.71767 1915876.60176 9
935541.614887 1915876.40622 9
935541.51175 1915876.20946 9
935541.414305 1915876.02376 9
935541.314664 1915875.83401 9
935541.213349 1915875.63996 9
935541.103197 1915875.4288 9
935541.002432 1915875.23659 9
935540.907173 1915875.05496 9
935540.807706 1915874.87143 9
935540.691408 1915874.65749 9
935540.592538 1915874.47702 9
935540.489943 1915874.28478 9
935540.388914 1915874.0972 9
935540.291406 1915873.91505 9
935540.195773 1915873.73609 9
935540.093098 1915873.54373 9
935539.992078 1915873.35566 9
935539.893326 1915873.17153 9
935539.784454 1915872.96809 9
935539.688211 1915872.78766 9
935539.590111 1915872.60501 9
935539.491206 1915872.42088 9
935539.394538 1915872.23203 9
935539.295057 1915872.04215 9
935539.188839 1915871.83716 9
935539.090961 1915871.64743 9
935538.993783 1915871.45943 9
935538.895592 1915871.26945 9
935538.797524 1915871.08082 9
935538.703188 1915870.89896 9
935538.609036 1915870.7215 9
935538.511527 1915870.53788 9
935538.413104 1915870.35375 9
935538.314815 1915870.17049 9
935538.216456 1915869.98612 9
935538.120731 1915869.8079 9
935538.026465 1915869.63129 9
935537.927488 1915869.44728 9
935537.832703 1915869.27091 9
935537.736376 1915869.09219 9
935537.63886 1915868.91125 9
935537.540641 1915868.72994 9
935537.44091 1915868.5447 9
935537.344516 1915868.36549 9
935537.249047 1915868.18764 9
935537.152303 1915868.00757 9
935537.057034 1915867.83046 9
935536.951674 1915867.63536 9
935536.845341 1915867.43867 9
935536.736671 1915867.23693 9
935536.638204 1915867.05366 9
935536.53897 1915866.86855 9
935536.440921 1915866.68651 9
935536.335722 1915866.4902 9
935536.23194 1915866.29696 9
935536.135344 1915866.11702 9
935536.038946 1915865.93659 9
935535.936099 1915865.74544 9
935535.833915 1915865.55431 9
935535.729431 1915865.3585 9
935535.628815 1915865.17129 9
935535.529301 1915864.98507 9
935535.435012 1915864.8081 9
935535.339385 1915864.62927 9
935535.243655 1915864.45117 9
935535.14349 1915864.26445 9
935535.049108 1915864.08821 9
935534.950312 1915863.90335 9
935534.85031 1915863.71578 9
935534.750228 1915863.52834 9
935534.645782 1915863.33204 9
935534.541714 1915863.13685 9
935534.442574 1915862.95088 9
935534.341926 1915862.76197 9
935534.243638 1915862.58126 9
935534.138155 1915862.3869 9
935534.037427 1915862.19969 9
935533.941153 1915862.0211 9
935533.832304 1915861.81802 9
935533.723622 1915861.61543 9
935533.618791 1915861.42205 9
935533.509334 1915861.21933 9
935533.405803 1915861.02768 9
935533.305926 1915860.8428 9
935533.204388 1915860.65497 9
935533.086634 1915860.43735 9
935532.984134 1915860.24779 9
935532.883632 1915860.05705 9
935532.781086 1915859.86298 9
935532.68451 1915859.67888 9
935532.586423 1915859.49245 9
935532.489656 1915859.30787 9
935532.39603 1915859.12931 9
935532.301192 1915858.94842 9
935532.204933 1915858.76531 9
935532.107642 1915858.58035 9
935532.009482 1915858.39343 9
935531.916092 1915858.21609 9
935531.817631 1915858.02978 9
935531.723715 1915857.85195 9
935531.622461 1915857.66083 9
935531.520198 1915857.46761 9
935531.422021 1915857.28203 9
935531.328111 1915857.10445 9
935531.230729 1915856.92047 9
935531.131725 1915856.73365 9
935531.022056 1915856.52604 9
935530.925716 1915856.34329 9
935530.828147 1915856.15845 9
935530.733223 1915855.97939 9
935530.636836 1915855.79738 9
935530.532294 1915855.59986 9
935530.429965 1915855.40664 9
935530.32719 1915855.2122 9
935530.225865 1915855.02071 9
935530.126434 1915854.83316 9
935530.032397 1915854.65569 9
935529.929934 1915854.46223 9
935529.835488 1915854.28415 9
935529.733859 1915854.09217 9
935529.632394 1915853.90056 9
935529.53002 1915853.70759 9
935529.436244 1915853.53074 9
935529.337547 1915853.34429 9
935529.22503 1915853.13176 9
935529.129276 1915852.95097 9
935529.034066 1915852.77105 9
935528.930568 1915852.57696 9
935528.832319 1915852.39358 9
935528.733011 1915852.2081 9
935528.628726 1915852.01827 9
935528.530351 1915851.83866 9
935528.431043 1915851.6588 9
935528.31465 1915851.44791 9
935528.216634 1915851.27051 9
935528.110649 1915851.07809 9
935528.003979 1915850.88603 9
935527.902716 1915850.70491 9
935527.804852 1915850.52861 9
935527.696499 1915850.33322 9
935527.597627 1915850.15666 9
935527.498193 1915849.97838 9
935527.378829 1915849.7644 9
935527.271594 1915849.5722 9
935527.16195 1915849.37533 9
935527.06155 1915849.19533 9
935526.947508 1915848.9907 9
935526.837174 1915848.79321 9
935526.721677 1915848.58624 9
935526.618832 1915848.40144 9
935526.518234 1915848.20923 9
935526.424801 1915848.02909 9
935526.326306 1915847.84692 9
935526.225943 1915847.65777 9
935526.121285 1915847.46378 9
935526.014084 1915847.2711 9
935525.911396 1915847.08606 9
