6.15212059021 1087.59741211 0
6.19013261795 1087.66296387 0
6.22760629654 1087.72753906 0
6.28262996674 1087.82092285 0
6.32565832138 1087.89379883 0
6.37283039093 1087.97363281 0
6.43076086044 1088.07202148 0
6.48466253281 1088.16381836 0
6.52889871597 1088.23925781 0
6.56672286987 1088.30371094 0
6.60734319687 1088.37268066 0
6.67021083832 1088.47949219 0
6.74674034119 1088.60949707 0
6.78849124908 1088.68041992 0
6.83915090561 1088.76635742 0
6.87652635574 1088.82971191 0
6.92084312439 1088.9050293 0
7.0313243866 1089.09204102 0
7.091319561 1089.19384766 0
7.16598653793 1089.32080078 0
7.206615448 1089.39001465 0
7.24561738968 1089.45629883 0
7.33118629456 1089.60180664 0
7.37043571472 1089.6685791 0
7.46185255051 1089.82409668 0
7.52589416504 1089.93322754 0
7.5979719162 1090.05578613 0
7.66835546494 1090.17553711 0
7.74325180054 1090.30273438 0
7.81662321091 1090.42736816 0
7.89159679413 1090.5546875 0
7.94651412964 1090.64794922 0
7.99829101562 1090.73583984 0
8.05109024048 1090.82556152 0
8.1096124649 1090.92504883 0
8.1630153656 1091.01574707 0
8.21629619598 1091.10644531 0
8.27655696869 1091.20898438 0
8.33090209961 1091.30126953 0
8.40368270874 1091.4251709 0
8.45219230652 1091.5078125 0
8.51347255707 1091.61206055 0
8.571185112 1091.71020508 0
8.6274471283 1091.8059082 0
8.69167804718 1091.91516113 0
8.75037384033 1092.01831055 0
8.88194179535 1092.26257324 0
8.95352077484 1092.39941406 0
9.01003170013 1092.5057373 0
9.12088298798 1092.72460938 0
9.19058322906 1092.86791992 0
9.23117733002 1092.95288086 0
9.28847312927 1093.07397461 0
9.35347747803 1093.21252441 0
9.39547348022 1093.30249023 0
9.4579744339 1093.43554688 0
9.51074886322 1093.54394531 0
9.54981899261 1093.62194824 0
9.62542629242 1093.78039551 0
9.68167591095 1093.89782715 0
9.79848575592 1094.13623047 0
9.86688899994 1094.2734375 0
9.93427181244 1094.40795898 0
9.98989677429 1094.51855469 0
10.0561819077 1094.64990234 0
10.1264734268 1094.78881836 0
10.1799678802 1094.89428711 0
10.2528142929 1095.0378418 0
10.3756875992 1095.27978516 0
10.445977211 1095.41772461 0
10.4837284088 1095.49206543 0
10.578168869 1095.6776123 0
10.6530714035 1095.82458496 0
10.718875885 1095.95385742 0
10.8075914383 1096.12634277 0
10.8667125702 1096.23754883 0
10.9000139236 1096.30187988 0
11.0073242188 1096.50964355 0
11.0779867172 1096.64501953 0
11.1125831604 1096.71069336 0
11.1988067627 1096.87329102 0
11.3347635269 1097.12756348 0
11.3924417496 1097.23510742 0
11.4756908417 1097.38977051 0
11.5184612274 1097.46899414 0
11.6441698074 1097.70227051 0
11.7014694214 1097.80834961 0
11.7459011078 1097.890625 0
11.8822746277 1098.14318848 0
11.9422082901 1098.25402832 0
11.9850730896 1098.33325195 0
12.1245088577 1098.59118652 0
12.184803009 1098.70263672 0
12.2362642288 1098.79772949 0
12.3717670441 1099.04089355 0
12.43800354 1099.15881348 0
12.4811687469 1099.23681641 0
12.6090106964 1099.46557617 0
12.6897754669 1099.60717773 0
12.7345314026 1099.68493652 0
12.8658695221 1099.9107666 0
12.9739933014 1100.0949707 0
13.1469650269 1100.38757324 0
13.2304420471 1100.52832031 0
13.2972488403 1100.64086914 0
13.4154472351 1100.83984375 0
13.5084171295 1100.99609375 0
13.5567169189 1101.07727051 0
13.6954107285 1101.3104248 0
13.7995128632 1101.48535156 0
13.8380470276 1101.55004883 0
13.9779987335 1101.78515625 0
14.0794849396 1101.95556641 0
14.1378498077 1102.05358887 0
14.290971756 1102.31079102 0
14.3627643585 1102.43127441 0
14.4227304459 1102.53198242 0
14.5830879211 1102.80114746 0
14.6580142975 1102.92700195 0
14.8841247559 1103.30639648 0
14.9564189911 1103.42773438 0
15.0710868835 1103.62268066 0
15.1540565491 1103.76269531 0
15.2683677673 1103.95544434 0
15.3677740097 1104.1237793 0
15.4602022171 1104.28088379 0
15.5603370667 1104.44995117 0
15.6678714752 1104.62670898 0
15.7622852325 1104.78271484 0
15.8624429703 1104.95007324 0
15.9637384415 1105.11767578 0
16.0669364929 1105.28649902 0
16.1662254333 1105.44714355 0
16.2163314819 1105.52758789 0
16.3814716339 1105.79077148 0
16.4791908264 1105.94519043 0
16.590675354 1106.12084961 0
16.6977615356 1106.2890625 0
16.824420929 1106.48730469 0
16.910243988 1106.62133789 0
17.0314311981 1106.81103516 0
17.1220912933 1106.95617676 0
17.2289123535 1107.13061523 0
17.3374214172 1107.3067627 0
17.4359607697 1107.46618652 0
17.5376739502 1107.63256836 0
17.6405296326 1107.80358887 0
17.7427635193 1107.97619629 0
17.8634166718 1108.18261719 0
17.9429721832 1108.32006836 0
18.0564823151 1108.51757812 0
18.1353683472 1108.65600586 0
18.2367267609 1108.83447266 0
18.3404827118 1109.01831055 0
18.4062671661 1109.13500977 0
18.7222824097 1109.69750977 0
18.7770557404 1109.79516602 0
18.9188365936 1110.0480957 0
19.0265808105 1110.2401123 0
19.0669059753 1110.31188965 0
19.2221469879 1110.58862305 0
19.3199882507 1110.76269531 0
19.3718185425 1110.85498047 0
19.5337524414 1111.14245605 0
19.6000976562 1111.26000977 0
19.7004795074 1111.43762207 0
19.7996749878 1111.61364746 0
19.8679885864 1111.73498535 0
19.9616184235 1111.90148926 0
20.0583324432 1112.07336426 0
20.1346549988 1112.20922852 0
20.2255744934 1112.37084961 0
20.3234214783 1112.5447998 0
20.3971004486 1112.67590332 0
20.4975223541 1112.85437012 0
20.5742492676 1112.9909668 0
20.6645488739 1113.1517334 0
20.7606639862 1113.32287598 0
20.8432769775 1113.47021484 0
20.9646930695 1113.68676758 0
21.0379295349 1113.81738281 0
21.1305885315 1113.98254395 0
21.2392959595 1114.17626953 0
21.3173618317 1114.31530762 0
21.4103183746 1114.48046875 0
21.5003147125 1114.64050293 0
21.5945472717 1114.80773926 0
21.6886138916 1114.97460938 0
21.7866249084 1115.14855957 0
21.876750946 1115.30834961 0
21.9259090424 1115.39550781 0
22.0279483795 1115.57653809 0
22.0742645264 1115.65869141 0
22.2187519073 1115.9152832 0
22.4426422119 1116.31335449 0
22.5179004669 1116.44726562 0
22.6189365387 1116.62719727 0
22.7159233093 1116.80004883 0
22.7807292938 1116.9152832 0
22.9140625 1117.15270996 0
23.0031356812 1117.3112793 0
23.0570316315 1117.40722656 0
23.202671051 1117.66625977 0
23.3150177002 1117.86572266 0
23.3529224396 1117.9329834 0
23.5059700012 1118.20458984 0
23.6061668396 1118.38232422 0
23.7050247192 1118.55761719 0
23.8039703369 1118.73303223 0
23.9074897766 1118.91650391 0
24.0048656464 1119.0892334 0
24.1296863556 1119.3104248 0
24.2032737732 1119.44067383 0
24.316865921 1119.64208984 0
24.4046554565 1119.79772949 0
24.511177063 1119.9864502 0
24.6175632477 1120.17480469 0
24.7116603851 1120.34155273 0
24.8090820312 1120.51416016 0
24.917219162 1120.70581055 0
25.0164108276 1120.8815918 0
25.114654541 1121.05566406 0
25.2181377411 1121.23913574 0
25.3182277679 1121.41662598 0
25.44323349 1121.63806152 0
25.5219306946 1121.77746582 0
25.6277122498 1121.96496582 0
25.7506332397 1122.18286133 0
25.8280830383 1122.32006836 0
25.944940567 1122.52709961 0
26.0252304077 1122.66931152 0
26.1003913879 1122.80249023 0
26.2522754669 1123.07141113 0
26.49152565 1123.49487305 0
26.5651512146 1123.62536621 0
26.6837654114 1123.83544922 0
26.769285202 1123.98681641 0
26.867893219 1124.16137695 0
26.9782714844 1124.35681152 0
27.0779380798 1124.5333252 0
27.1763954163 1124.70776367 0
27.2838287354 1124.89794922 0
27.3789482117 1125.06640625 0
27.5006980896 1125.28198242 0
27.5806293488 1125.42358398 0
27.6927013397 1125.62207031 0
27.7872695923 1125.78942871 0
27.8834476471 1125.95983887 0
27.9881248474 1126.1451416 0
28.0842685699 1126.31530762 0
28.2151222229 1126.54699707 0
28.2919178009 1126.68286133 0
28.404624939 1126.88232422 0
28.5215873718 1127.0892334 0
28.5973911285 1127.2232666 0
28.7092285156 1127.42114258 0
28.8210163116 1127.61889648 0
28.8986759186 1127.75634766 0
29.013053894 1127.95849609 0
29.124912262 1128.15637207 0
29.2083683014 1128.30395508 0
29.3185977936 1128.49890137 0
29.4297409058 1128.69567871 0
29.5092926025 1128.83654785 0
29.6228675842 1129.03759766 0
29.6621246338 1129.10693359 0
29.8198833466 1129.38598633 0
29.9261894226 1129.57397461 0
29.9791584015 1129.66772461 0
30.1620445251 1129.99145508 0
30.2910633087 1130.21984863 0
30.4037895203 1130.41967773 0
30.4928474426 1130.57763672 0
30.5945587158 1130.75854492 0
30.698507309 1130.94348145 0
30.7971191406 1131.11877441 0
30.8955955505 1131.29394531 0
30.9477043152 1131.38659668 0
31.1006793976 1131.6583252 0
31.230556488 1131.88891602 0
31.4163246155 1132.21875 0
31.5274982452 1132.41625977 0
31.718957901 1132.75610352 0
31.8159103394 1132.92810059 0
31.9122772217 1133.09899902 0
31.9655075073 1133.19335938 0
32.1174430847 1133.4630127 0
32.1678771973 1133.55249023 0
32.2676353455 1133.72949219 0
32.437664032 1134.03125 0
32.6204833984 1134.35571289 0
32.6735992432 1134.44995117 0
32.8228683472 1134.71496582 0
32.9806442261 1134.99499512 0
33.0812034607 1135.17358398 0
33.2508544922 1135.47460938 0
33.3882904053 1135.71826172 0
33.4855461121 1135.89074707 0
33.5847129822 1136.06665039 0
33.748374939 1136.35668945 0
33.8597183228 1136.55419922 0
34.0656433105 1136.91918945 0
34.166973114 1137.09887695 0
34.2394256592 1137.22729492 0
34.300983429 1137.33642578 0
34.4472541809 1137.5958252 0
34.5528068542 1137.78283691 0
34.5935287476 1137.85498047 0
34.7537994385 1138.13891602 0
34.8563537598 1138.32055664 0
34.9035339355 1138.4041748 0
35.0572891235 1138.67651367 0
35.1835289001 1138.90002441 0
35.37084198 1139.23168945 0
35.4879226685 1139.43920898 0
35.6786346436 1139.77722168 0
35.7621231079 1139.92529297 0
35.8394775391 1140.06237793 0
35.9748802185 1140.30236816 0
36.0739097595 1140.47802734 0
36.1450195312 1140.60400391 0
36.2810783386 1140.84521484 0
36.373714447 1141.00939941 0
36.4282798767 1141.10620117 0
36.5833396912 1141.38098145 0
36.6929931641 1141.57531738 0
36.7335891724 1141.6472168 0
36.8916740417 1141.92749023 0
36.9925460815 1142.10632324 0
37.0372161865 1142.1854248 0
37.1865196228 1142.45019531 0
37.2933578491 1142.63952637 0
37.3485565186 1142.73742676 0
37.5169830322 1143.03613281 0
37.589630127 1143.16491699 0
37.6483230591 1143.26904297 0
37.8196754456 1143.57312012 0
38.0241012573 1143.93603516 0
38.1279144287 1144.12036133 0
38.199836731 1144.24816895 0
38.2625007629 1144.359375 0
38.4145927429 1144.62939453 0
38.5032348633 1144.78686523 0
38.5535545349 1144.87609863 0
38.7161064148 1145.16479492 0
38.8323097229 1145.37109375 0
39.0267868042 1145.71643066 0
39.139377594 1145.91638184 0
39.3238868713 1146.24401855 0
39.4422035217 1146.45397949 0
39.6287651062 1146.78491211 0
39.7185211182 1146.94421387 0
39.7961921692 1147.08203125 0
39.9246025085 1147.30969238 0
40.0238876343 1147.48571777 0
40.0946884155 1147.61120605 0
40.2322998047 1147.85498047 0
40.3296699524 1148.02734375 0
40.3974761963 1148.14746094 0
40.537273407 1148.39501953 0
40.6338577271 1148.56604004 0
40.7050819397 1148.69226074 0
40.8457603455 1148.94140625 0
40.9390907288 1149.10656738 0
41.0059890747 1149.22509766 0
41.1438903809 1149.46911621 0
41.2409133911 1149.64086914 0
41.2896194458 1149.72705078 0
41.4480934143 1150.00744629 0
41.5007667542 1150.10058594 0
41.5577163696 1150.20141602 0
41.7404670715 1150.52478027 0
41.8109931946 1150.6496582 0
41.9210777283 1150.84436035 0
41.9729270935 1150.93603516 0
42.1481132507 1151.24609375 0
42.2281112671 1151.38769531 0
42.3379325867 1151.58215332 0
42.4502410889 1151.78125 0
42.5310935974 1151.92443848 0
42.5855751038 1152.02099609 0
42.731803894 1152.2800293 0
42.8386306763 1152.46936035 0
42.9449768066 1152.65783691 0
43.0388870239 1152.82421875 0
43.1385421753 1153.00085449 0
43.2408790588 1153.18237305 0
43.3423461914 1153.36206055 0
43.471660614 1153.59130859 0
43.6616859436 1153.92797852 0
43.7764434814 1154.13146973 0
43.8504486084 1154.26257324 0
43.9649772644 1154.46557617 0
44.0064163208 1154.5390625 0
44.1101036072 1154.72277832 0
44.159526825 1154.8104248 0
44.3147010803 1155.08544922 0
44.4157066345 1155.26452637 0
44.4574737549 1155.33850098 0
44.6206741333 1155.62780762 0
44.7167282104 1155.7980957 0
44.7673950195 1155.88781738 0
44.9250259399 1156.16723633 0
45.0715026855 1156.42675781 0
45.2427597046 1156.73034668 0
45.330078125 1156.88513184 0
45.4032363892 1157.01477051 0
45.6178436279 1157.39501953 0
45.7452697754 1157.62084961 0
45.9417037964 1157.96875 0
46.0470046997 1158.15539551 0
46.2350578308 1158.48852539 0
46.3557434082 1158.70239258 0
46.5482635498 1159.0435791 0
46.6613464355 1159.24401855 0
46.847492218 1159.57397461 0
46.9411201477 1159.73986816 0
47.0139007568 1159.86889648 0
47.154964447 1160.11901855 0
47.2474021912 1160.28271484 0
47.3237228394 1160.41796875 0
47.4504547119 1160.64257812 0
47.5485153198 1160.81628418 0
47.6089248657 1160.92333984 0
47.754196167 1161.18066406 0
47.8675079346 1161.38146973 0
47.9090042114 1161.45507812 0
48.0616188049 1161.72546387 0
48.1658821106 1161.91027832 0
48.2269515991 1162.01855469 0
48.3829231262 1162.29492188 0
48.4640045166 1162.4387207 0
48.5217895508 1162.54101562 0
48.6675720215 1162.79956055 0
48.7692146301 1162.97961426 0
48.8226623535 1163.07434082 0
48.9760971069 1163.34631348 0
49.0760498047 1163.52355957 0
49.1317329407 1163.62219238 0
49.28074646 1163.88623047 0
49.350151062 1164.00927734 0
49.5327758789 1164.33312988 0
49.6158332825 1164.48034668 0
49.7193946838 1164.66394043 0
49.7633285522 1164.74182129 0
49.9165077209 1165.01330566 0
50.0428009033 1165.23730469 0
50.2381515503 1165.58361816 0
50.3283843994 1165.74353027 0
50.3971824646 1165.86560059 0
50.5309181213 1166.10266113 0
50.6274261475 1166.27368164 0
50.6787796021 1166.36474609 0
50.7619552612 1166.51208496 0
50.8971176147 1166.75170898 0
50.9873695374 1166.91162109 0
51.0642280579 1167.04785156 0
51.2000579834 1167.28857422 0
51.2969245911 1167.46008301 0
51.3723869324 1167.59375 0
51.5068817139 1167.83203125 0
51.5992012024 1167.9954834 0
51.6511154175 1168.08740234 0
51.8066635132 1168.36303711 0
51.9172363281 1168.55883789 0
51.9564437866 1168.62817383 0
52.1115150452 1168.90283203 0
52.2147064209 1169.08557129 0
52.3433494568 1169.31347656 0
52.4154090881 1169.44104004 0
52.5258102417 1169.63659668 0
52.6474647522 1169.85205078 0
52.7190170288 1169.97875977 0
52.833984375 1170.18249512 0
52.9560661316 1170.39868164 0
53.0288391113 1170.52758789 0
53.1598968506 1170.75976562 0
53.2282333374 1170.88085938 0
53.4109573364 1171.20458984 0
53.5397262573 1171.43273926 0
53.6511878967 1171.63037109 0
53.6978988647 1171.71313477 0
53.8560562134 1171.99365234 0
53.9586868286 1172.17553711 0
54.0657310486 1172.36523438 0
54.1622848511 1172.53637695 0
54.2642288208 1172.71716309 0
54.3689575195 1172.90283203 0
54.4716415405 1173.08483887 0
54.5618057251 1173.24462891 0
54.6752204895 1173.44567871 0
54.7714118958 1173.61621094 0
54.8978462219 1173.84033203 0
54.9725074768 1173.97265625 0
55.0909194946 1174.18261719 0
55.2027015686 1174.38061523 0
55.280380249 1174.51843262 0
55.3817481995 1174.69812012 0
55.5044631958 1174.91552734 0
55.5831336975 1175.05505371 0
55.686756134 1175.23876953 0
55.8064117432 1175.45068359 0
55.8917198181 1175.60180664 0
55.9884529114 1175.77319336 0
56.1124229431 1175.99304199 0
56.194694519 1176.13879395 0
56.2943153381 1176.31542969 0
56.3923873901 1176.48913574 0
56.4995574951 1176.67907715 0
56.6052131653 1176.86645508 0
56.7094421387 1177.05126953 0
56.8023681641 1177.21606445 0
56.9070396423 1177.40161133 0
57.1542625427 1177.83996582 0
57.2286376953 1177.97192383 0
57.2883834839 1178.07775879 0
57.3817710876 1178.24328613 0
57.5475234985 1178.53710938 0
57.6227722168 1178.67053223 0
57.7333526611 1178.86657715 0
57.8286247253 1179.03540039 0
57.925655365 1179.20739746 0
58.0354576111 1179.40209961 0
58.1356277466 1179.57958984 0
58.2261428833 1179.73999023 0
58.3397979736 1179.94152832 0
58.4403686523 1180.11987305 0
58.5385246277 1180.29382324 0
58.6405334473 1180.47460938 0
58.747543335 1180.66442871 0
58.8388595581 1180.82629395 0
58.9469146729 1181.01794434 0
59.0535354614 1181.20703125 0
59.1437416077 1181.3671875 0
59.2509613037 1181.55737305 0
59.3567276001 1181.74487305 0
59.4751014709 1181.95483398 0
59.5532302856 1182.09350586 0
59.6590080261 1182.28100586 0
59.7788276672 1182.49353027 0
59.8572273254 1182.63256836 0
59.9606437683 1182.81591797 0
60.0587730408 1182.98999023 0
60.1546401978 1183.16015625 0
60.2616043091 1183.34985352 0
60.3759078979 1183.5526123 0
60.4622344971 1183.70581055 0
60.5661201477 1183.88989258 0
60.6758651733 1184.08447266 0
60.7911911011 1184.28894043 0
60.8739776611 1184.43566895 0
61.1557502747 1184.93530273 0
61.3394088745 1185.26171875 0
61.4667396545 1185.48852539 0
61.6521911621 1185.81762695 0
61.6985473633 1185.89978027 0
61.8030014038 1186.08496094 0
61.8441581726 1186.15783691 0
62.0035476685 1186.44042969 0
62.0966339111 1186.60534668 0
62.1518287659 1186.703125 0
62.3784866333 1187.10522461 0
62.4495697021 1187.23120117 0
62.6810493469 1187.6418457 0
62.859539032 1187.95874023 0
62.9621620178 1188.14086914 0
63.0368080139 1188.27331543 0
63.2158432007 1188.5916748 0
63.3396682739 1188.81176758 0
63.5224075317 1189.13598633 0
63.6889648438 1189.43127441 0
63.821105957 1189.66540527 0
63.993057251 1189.9699707 0
64.1241073608 1190.20227051 0
64.296081543 1190.50720215 0
64.3711395264 1190.64013672 0
64.4251174927 1190.73583984 0
64.4794235229 1190.83215332 0
64.5368423462 1190.93383789 0
64.6529846191 1191.13989258 0
64.8558731079 1191.49963379 0
64.9610748291 1191.68615723 0
65.0705337524 1191.88012695 0
65.1188812256 1191.96582031 0
65.2753448486 1192.24304199 0
65.3754425049 1192.42041016 0
65.427520752 1192.51269531 0
65.5827178955 1192.78796387 0
65.6768722534 1192.95483398 0
65.7312011719 1193.05126953 0
65.8838500977 1193.32177734 0
66.0132751465 1193.55126953 0
66.0924453735 1193.69165039 0
66.1998291016 1193.88208008 0
66.3174514771 1194.09069824 0
66.3947753906 1194.2277832 0
66.5048599243 1194.42297363 0
66.597984314 1194.58813477 0
66.6988983154 1194.76696777 0
66.8071136475 1194.9588623 0
66.9065246582 1195.13513184 0
67.0055618286 1195.31079102 0
67.1028747559 1195.48327637 0
67.2168960571 1195.6854248 0
67.3054962158 1195.8425293 0
67.463394165 1196.12243652 0
67.524230957 1196.23034668 0
67.6106719971 1196.38366699 0
67.7140884399 1196.56689453 0
67.8283004761 1196.76940918 0
67.911491394 1196.91687012 0
68.0224075317 1197.11352539 0
68.1303405762 1197.30493164 0
68.247467041 1197.51245117 0
68.3179550171 1197.63745117 0
68.4320373535 1197.83972168 0
68.4836730957 1197.93127441 0
68.6660995483 1198.25463867 0
68.8485717773 1198.57800293 0
68.9925384521 1198.83300781 0
69.0948410034 1199.01428223 0
69.1822433472 1199.16906738 0
69.2902450562 1199.36035156 0
69.3940582275 1199.54431152 0
69.4512329102 1199.64550781 0
69.5925750732 1199.89624023 0
69.6976928711 1200.08251953 0
69.7575836182 1200.18859863 0
69.9202423096 1200.47680664 0
69.9976577759 1200.61413574 0
70.0489730835 1200.70507812 0
70.2315216064 1201.02844238 0
70.308265686 1201.16455078 0
70.35887146 1201.25415039 0
70.5182495117 1201.53649902 0
70.6130218506 1201.7043457 0
70.7214813232 1201.89648438 0
70.8195114136 1202.07006836 0
70.9482040405 1202.29797363 0
71.0213012695 1202.42749023 0
71.1229858398 1202.60754395 0
71.23878479 1202.81262207 0
71.3260574341 1202.96716309 0
71.429069519 1203.1496582 0
71.5388717651 1203.34399414 0
71.6508789062 1203.54248047 0
71.7409210205 1203.7019043 0
71.8415679932 1203.88012695 0
71.9505004883 1204.07324219 0
72.0305023193 1204.21533203 0
72.1287612915 1204.38964844 0
72.2227325439 1204.55639648 0
72.3409729004 1204.76611328 0
72.4030609131 1204.87634277 0
72.4990005493 1205.04614258 0
72.5377197266 1205.11474609 0
72.6895294189 1205.38330078 0
72.8012695312 1205.58105469 0
72.8843688965 1205.72814941 0
72.9705505371 1205.88085938 0
73.0536651611 1206.02783203 0
73.1665725708 1206.2277832 0
73.3291015625 1206.515625 0
73.4290161133 1206.69262695 0
73.5908660889 1206.98022461 0
73.6748275757 1207.12976074 0
73.7328262329 1207.23291016 0
73.8550109863 1207.44958496 0
73.9351806641 1207.5916748 0
74.0611572266 1207.81469727 0
74.1272659302 1207.93164062 0
74.2280883789 1208.11010742 0
74.3439483643 1208.31494141 0
74.4603500366 1208.52075195 0
74.5160751343 1208.6192627 0
74.6915664673 1208.92956543 0
74.7945480347 1209.11157227 0
74.877746582 1209.25866699 0
74.9917297363 1209.45996094 0
75.0599212646 1209.58032227 0
75.1057128906 1209.66137695 0
75.2317123413 1209.88342285 0
75.3074111938 1210.0168457 0
75.3478317261 1210.0880127 0
75.4699325562 1210.30322266 0
75.5638122559 1210.46862793 0
75.7115478516 1210.72888184 0
75.8973464966 1211.05664062 0
75.937461853 1211.12744141 0
76.0554046631 1211.33557129 0
76.1544342041 1211.51037598 0
76.2093200684 1211.60754395 0
76.301109314 1211.77075195 0
76.3681488037 1211.89013672 0
76.4268798828 1211.99450684 0
76.5269775391 1212.17163086 0
76.6148986816 1212.3269043 0
76.6717147827 1212.42700195 0
76.7712783813 1212.60266113 0
76.8631439209 1212.76464844 0
76.915687561 1212.8572998 0
77.0207138062 1213.0423584 0
77.11668396 1213.21142578 0
77.173500061 1213.31152344 0
77.2308731079 1213.41271973 0
77.3236923218 1213.57641602 0
77.4241027832 1213.75354004 0
77.6239013672 1214.10583496 0
77.6679840088 1214.18359375 0
77.7571563721 1214.34082031 0
77.8499221802 1214.50427246 0
77.941444397 1214.66552734 0
78.0276031494 1214.81738281 0
78.1186523438 1214.97766113 0
78.2038879395 1215.12780762 0
78.2482910156 1215.20605469 0
78.3859100342 1215.44812012 0
78.4828109741 1215.61865234 0
78.5242843628 1215.69165039 0
78.6623382568 1215.93457031 0
78.7108459473 1216.01989746 0
78.7600021362 1216.10632324 0
78.9271392822 1216.4005127 0
79.0062866211 1216.53967285 0
79.1049499512 1216.71313477 0
79.1906204224 1216.86364746 0
79.3157958984 1217.08374023 0
79.3866958618 1217.20825195 0
79.489151001 1217.38818359 0
79.6010894775 1217.5847168 0
79.6769790649 1217.71813965 0
79.7745132446 1217.8894043 0
79.8634490967 1218.0456543 0
79.954750061 1218.20593262 0
80.0637893677 1218.39746094 0
80.1570281982 1218.5612793 0
80.2619171143 1218.74560547 0
80.3699645996 1218.93518066 0
80.4129943848 1219.01074219 0
80.5558700562 1219.26147461 0
80.6550979614 1219.4354248 0
80.713760376 1219.53833008 0
80.8032531738 1219.6953125 0
80.9110412598 1219.88427734 0
81.011428833 1220.06030273 0
81.0714950562 1220.16552734 0
81.2053833008 1220.40014648 0
81.3161315918 1220.59448242 0
81.3746948242 1220.69726562 0
81.5382766724 1220.98388672 0
81.6126251221 1221.11425781 0
81.6700592041 1221.21496582 0
81.8195877075 1221.47705078 0
81.9096374512 1221.63476562 0
81.9674072266 1221.73596191 0
82.1731643677 1222.09643555 0
82.2713928223 1222.26855469 0
82.4340286255 1222.5534668 0
82.4761428833 1222.62719727 0
82.5265579224 1222.7154541 0
82.7316894531 1223.07470703 0
82.8374633789 1223.26000977 0
82.9465637207 1223.45092773 0
82.9947357178 1223.53540039 0
83.142539978 1223.79553223 0
83.2438049316 1223.97387695 0
83.3482131958 1224.15734863 0
83.4345855713 1224.30895996 0
83.5283126831 1224.4732666 0
83.6288070679 1224.64941406 0
83.7722320557 1224.9005127 0
83.845085144 1225.02807617 0
83.917175293 1225.15441895 0
84.0290603638 1225.3503418 0
84.1368865967 1225.53942871 0
84.2090759277 1225.66589355 0
84.3126678467 1225.84753418 0
84.3994979858 1225.99975586 0
84.4979858398 1226.17236328 0
84.5879364014 1226.33105469 0
84.6757202148 1226.48620605 0
84.763343811 1226.64025879 0
84.85131073 1226.79455566 0
84.9412002563 1226.95214844 0
85.0259552002 1227.10058594 0
85.1136703491 1227.25415039 0
85.1989059448 1227.40344238 0
85.3101196289 1227.5982666 0
85.3778686523 1227.71679688 0
85.4772644043 1227.89099121 0
85.5554656982 1228.0279541 0
85.642074585 1228.1796875 0
85.7385482788 1228.34875488 0
85.8290176392 1228.50720215 0
85.891166687 1228.61621094 0
86.056350708 1228.90649414 0
86.1305999756 1229.03649902 0
86.2198562622 1229.19287109 0
86.2643356323 1229.27062988 0
86.4115753174 1229.52807617 0
86.5032730103 1229.68823242 0
86.545715332 1229.76257324 0
86.6901397705 1230.01489258 0
86.8128585815 1230.22912598 0
86.9900588989 1230.53869629 0
87.0981445312 1230.72766113 0
87.1750030518 1230.86193848 0
87.2727966309 1231.03295898 0
87.395614624 1231.24487305 0
87.4674911499 1231.36657715 0
87.5830078125 1231.56567383 0
87.6889572144 1231.74755859 0
87.7617111206 1231.87121582 0
87.8677825928 1232.0501709 0
87.9858703613 1232.24572754 0
88.0668182373 1232.38037109 0
88.1762084961 1232.56164551 0
88.2914581299 1232.75097656 0
88.3785324097 1232.89233398 0
88.4863815308 1233.06323242 0
88.6077575684 1233.25756836 0
88.6847839355 1233.38061523 0
88.7992095947 1233.56152344 0
88.8935165405 1233.70556641 0
88.9999237061 1233.86376953 0
89.1086730957 1234.02746582 0
89.2241210938 1234.19482422 0
89.3285522461 1234.33996582 0
89.4492263794 1234.50170898 0
89.5664367676 1234.65283203 0
89.6438980103 1234.74963379 0
89.7658081055 1234.89624023 0
89.9775238037 1235.14819336 0
90.0710220337 1235.25720215 0
90.2040252686 1235.40600586 0
90.3240280151 1235.53369141 0
90.4933929443 1235.71020508 0
90.5910644531 1235.80615234 0
90.73046875 1235.93481445 0
90.8941268921 1236.07922363 0
90.9953460693 1236.1652832 0
91.1421432495 1236.28747559 0
91.2663574219 1236.39160156 0
91.4004745483 1236.5020752 0
91.5492477417 1236.61755371 0
91.6265106201 1236.67480469 0
91.8236694336 1236.81359863 0
91.9633178711 1236.91015625 0
92.0450897217 1236.96618652 0
92.2868652344 1237.12182617 0
92.3911437988 1237.18383789 0
92.4697189331 1237.22851562 0
92.6880111694 1237.34521484 0
92.8417205811 1237.42138672 0
92.9061279297 1237.45202637 0
93.1283721924 1237.55053711 0
93.3212661743 1237.62658691 0
93.595664978 1237.71862793 0
93.7585296631 1237.76452637 0
93.8658294678 1237.79064941 0
94.0336608887 1237.82617188 0
94.160446167 1237.84790039 0
94.2818450928 1237.86499023 0
94.4656677246 1237.88317871 0
94.602180481 1237.890625 0
94.7226257324 1237.89331055 0
94.9007263184 1237.8894043 0
95.0355987549 1237.88012695 0
95.1493225098 1237.87097168 0
95.5299224854 1237.83227539 0
95.614944458 1237.8203125 0
95.8027496338 1237.78588867 0
95.9526367188 1237.75610352 0
96.1259460449 1237.71813965 0
96.237121582 1237.69091797 0
96.3991546631 1237.6451416 0
96.552696228 1237.60058594 0
96.6669692993 1237.56787109 0
96.8209381104 1237.52185059 0
97.1012268066 1237.43359375 0
97.2467498779 1237.38623047 0
97.3998565674 1237.33557129 0
97.5801086426 1237.27563477 0
97.6968765259 1237.2364502 0
97.8527297974 1237.18395996 0
98.0332183838 1237.12329102 0
98.1566619873 1237.08166504 0
98.2957763672 1237.03393555 0
98.4913864136 1236.96337891 0
98.5990905762 1236.92333984 0
98.7464752197 1236.87084961 0
98.9050292969 1236.81323242 0
99.0445480347 1236.76135254 0
99.2042617798 1236.70019531 0
99.3689041138 1236.63586426 0
99.4982070923 1236.58459473 0
99.645690918 1236.52502441 0
99.7790985107 1236.47033691 0
99.9510955811 1236.39990234 0
100.038841248 1236.36425781 0
100.190811157 1236.30224609 0
100.327178955 1236.24682617 0
100.41960907 1236.20922852 0
100.552871704 1236.15527344 0
100.693878174 1236.09814453 0
100.937606812 1235.99951172 0
101.057830811 1235.94799805 0
101.177268982 1235.89819336 0
101.303237915 1235.84643555 0
101.435203552 1235.79125977 0
101.550430298 1235.74243164 0
101.735748291 1235.66308594 0
101.807762146 1235.63208008 0
101.914115906 1235.58618164 0
102.034851074 1235.53381348 0
102.151672363 1235.4831543 0
102.290840149 1235.42321777 0
102.382713318 1235.38354492 0
102.49357605 1235.33544922 0
102.642501831 1235.26989746 0
102.734413147 1235.22729492 0
102.853492737 1235.16967773 0
102.992935181 1235.10083008 0
103.077018738 1235.06091309 0
103.192276001 1235.00537109 0
103.310791016 1234.94702148 0
103.428077698 1234.88818359 0
103.55279541 1234.82446289 0
103.680328369 1234.75854492 0
103.785751343 1234.70349121 0
103.914779663 1234.63476562 0
104.031578064 1234.56970215 0
104.172744751 1234.48974609 0
104.2605896 1234.44116211 0
104.398521423 1234.36450195 0
104.500434875 1234.30651855 0
104.630821228 1234.23046875 0
104.756195068 1234.15625 0
104.875366211 1234.0847168 0
104.99445343 1234.01293945 0
105.127944946 1233.9317627 0
105.199958801 1233.88793945 0
105.427894592 1233.74853516 0
105.687332153 1233.58959961 0
105.766403198 1233.54125977 0
105.951370239 1233.42810059 0
106.095321655 1233.33984375 0
106.344856262 1233.18725586 0
106.481704712 1233.10351562 0
106.553482056 1233.05957031 0
106.745201111 1232.94213867 0
106.895561218 1232.85021973 0
106.969940186 1232.80456543 0
107.168983459 1232.68261719 0
107.314971924 1232.59326172 0
107.387275696 1232.5489502 0
107.595176697 1232.42126465 0
107.740829468 1232.33203125 0
107.824104309 1232.28088379 0
108.024055481 1232.1583252 0
108.181930542 1232.06115723 0
108.254508972 1232.01672363 0
108.492637634 1231.87023926 0
108.595954895 1231.80664062 0
108.674407959 1231.75854492 0
108.899520874 1231.62023926 0
108.990409851 1231.56445312 0
109.067123413 1231.51733398 0
109.24949646 1231.40539551 0
109.375305176 1231.32788086 0
109.441146851 1231.28747559 0
109.65007019 1231.15905762 0
109.770812988 1231.0847168 0
109.833808899 1231.04602051 0
110.044700623 1230.91638184 0
110.203353882 1230.81872559 0
110.465812683 1230.65808105 0
110.58505249 1230.58496094 0
110.897636414 1230.39343262 0
111.257659912 1230.17211914 0
111.361221313 1230.10839844 0
111.519050598 1230.01135254 0
111.647415161 1229.93237305 0
111.785926819 1229.8470459 0
111.940628052 1229.75170898 0
112.085868835 1229.66235352 0
112.224143982 1229.57836914 0
112.387672424 1229.48010254 0
112.530944824 1229.3927002 0
112.643753052 1229.32421875 0
112.840209961 1229.2064209 0
112.979133606 1229.1237793 0
113.169647217 1229.01123047 0
113.284553528 1228.94384766 0
113.454437256 1228.84423828 0
113.593276978 1228.76293945 0
113.740501404 1228.67700195 0
113.911819458 1228.5769043 0
114.067359924 1228.48608398 0
114.215698242 1228.39941406 0
114.390350342 1228.29736328 0
114.536308289 1228.21203613 0
114.750770569 1228.08679199 0
114.869094849 1228.01757812 0
115.045806885 1227.91455078 0
115.224342346 1227.81030273 0
115.355102539 1227.734375 0
115.536499023 1227.63183594 0
115.679588318 1227.55151367 0
115.846298218 1227.45666504 0
116.019195557 1227.35888672 0
116.172958374 1227.27331543 0
116.337806702 1227.18273926 0
116.433387756 1227.13061523 0
116.511428833 1227.08825684 0
116.815849304 1226.9239502 0
116.924171448 1226.8659668 0
117.119354248 1226.76159668 0
117.213821411 1226.71118164 0
117.499206543 1226.55895996 0
117.624229431 1226.49243164 0
117.705535889 1226.44921875 0
117.982559204 1226.30163574 0
118.135284424 1226.22021484 0
118.237709045 1226.16564941 0
118.49911499 1226.02624512 0
118.707962036 1225.91479492 0
119.051651001 1225.73095703 0
119.24230957 1225.62878418 0
119.582466125 1225.43896484 0
119.724502563 1225.35583496 0
119.844581604 1225.28662109 0
120.059234619 1225.16333008 0
120.228607178 1225.06518555 0
120.314239502 1225.01513672 0
120.564498901 1224.86669922 0
120.755950928 1224.74829102 0
120.819412231 1224.70825195 0
121.065635681 1224.54919434 0
121.243148804 1224.43518066 0
121.304351807 1224.39562988 0
121.537353516 1224.23852539 0
121.705169678 1224.12145996 0
121.795303345 1224.05908203 0
122.014442444 1223.90563965 0
122.179901123 1223.78405762 0
122.262832642 1223.72070312 0
122.508468628 1223.53051758 0
122.625999451 1223.43969727 0
122.691146851 1223.38891602 0
122.792327881 1223.30957031 0
123.053451538 1223.09387207 0
123.22277832 1222.94628906 0
123.377540588 1222.80334473 0
123.485168457 1222.70043945 0
123.615600586 1222.57702637 0
123.762741089 1222.43579102 0
123.877952576 1222.32226562 0
124.041091919 1222.15136719 0
124.127624512 1222.05664062 0
124.257278442 1221.90844727 0
124.396644592 1221.74902344 0
124.483917236 1221.64770508 0
124.608512878 1221.49914551 0
124.707649231 1221.37487793 0
124.815673828 1221.23327637 0
124.926574707 1221.08691406 0
125.034957886 1220.94287109 0
125.14250946 1220.79650879 0
125.24243927 1220.65368652 0
125.340621948 1220.50439453 0
125.430549622 1220.36767578 0
125.530601501 1220.21411133 0
125.625679016 1220.06530762 0
125.746131897 1219.87036133 0
125.805900574 1219.76965332 0
125.909820557 1219.58984375 0
126.005393982 1219.42651367 0
126.204528809 1219.07055664 0
126.271347046 1218.94042969 0
126.317428589 1218.84680176 0
126.429252625 1218.62329102 0
126.581520081 1218.30224609 0
126.655860901 1218.13110352 0
126.786987305 1217.82873535 0
126.858718872 1217.65454102 0
126.926948547 1217.47058105 0
127.083656311 1216.97851562 0
127.160140991 1216.69311523 0
127.225112915 1216.43066406 0
127.249008179 1216.31542969 0
127.287719727 1216.07836914 0
127.298980713 1215.99707031 0
127.320556641 1215.84680176 0
127.352424622 1215.59472656 0
127.374176025 1215.29541016 0
127.37702179 1215.21496582 0
127.378997803 1215.0423584 0
127.380828857 1214.90673828 0
127.381561279 1214.74780273 0
127.3800354 1214.57434082 0
127.375686646 1214.42871094 0
127.367515564 1214.28222656 0
127.352897644 1214.02600098 0
127.343940735 1213.88793945 0
127.331542969 1213.72473145 0
127.324546814 1213.64428711 0
127.298110962 1213.40856934 0
127.277915955 1213.26037598 0
127.265563965 1213.16320801 0
127.236541748 1212.94152832 0
127.207099915 1212.73413086 0
127.1743927 1212.53674316 0
127.126159668 1212.27282715 0
127.073661804 1211.98571777 0
127.058654785 1211.9095459 0
127.029060364 1211.76599121 0
126.970069885 1211.51062012 0
126.903671265 1211.22668457 0
126.877227783 1211.11816406 0
126.830696106 1210.93688965 0
126.80670166 1210.84997559 0
126.736373901 1210.59619141 0
126.678604126 1210.38830566 0
126.636558533 1210.24255371 0
126.611846924 1210.15856934 0
126.53704834 1209.91906738 0
126.479751587 1209.74853516 0
126.451187134 1209.66430664 0
126.380569458 1209.45251465 0
126.318252563 1209.27246094 0
126.215171814 1208.9864502 0
126.150306702 1208.81152344 0
126.116912842 1208.72241211 0
126.019721985 1208.46496582 0
125.973648071 1208.34387207 0
125.901924133 1208.15588379 0
125.837669373 1207.98803711 0
125.786987305 1207.85742188 0
125.752334595 1207.77062988 0
125.661590576 1207.5411377 0
125.596710205 1207.37585449 0
125.527893066 1207.20275879 0
125.463027954 1207.04101562 0
125.401580811 1206.88928223 0
125.328643799 1206.70983887 0
125.263175964 1206.54943848 0
125.177627563 1206.34094238 0
125.123382568 1206.20922852 0
125.04800415 1206.02624512 0
124.986877441 1205.87890625 0
124.917579651 1205.71740723 0
124.845970154 1205.55493164 0
124.798233032 1205.44555664 0
124.6329422 1205.06762695 0
124.580917358 1204.95202637 0
124.487838745 1204.75512695 0
124.414245605 1204.60571289 0
124.353004456 1204.47973633 0
124.253372192 1204.27709961 0
124.16431427 1204.09985352 0
124.113128662 1203.99951172 0
124.002037048 1203.78466797 0
123.915740967 1203.62011719 0
123.807769775 1203.41589355 0
123.747314453 1203.30200195 0
123.647766113 1203.11523438 0
123.541534424 1202.91674805 0
123.481414795 1202.80444336 0
123.377563477 1202.61108398 0
123.270652771 1202.41210938 0
123.207992554 1202.29541016 0
123.104614258 1202.10314941 0
122.998184204 1201.90527344 0
122.936889648 1201.79125977 0
122.837661743 1201.60681152 0
122.724334717 1201.39624023 0
122.656723022 1201.27050781 0
122.545089722 1201.06298828 0
122.470245361 1200.92382812 0
122.368896484 1200.7401123 0
122.272964478 1200.5703125 0
122.218200684 1200.47387695 0
122.0859375 1200.23718262 0
121.989402771 1200.06665039 0
121.931152344 1199.96508789 0
121.788253784 1199.72021484 0
121.690002441 1199.55493164 0
121.594558716 1199.3963623 0
121.495437622 1199.23352051 0
121.39516449 1199.07006836 0
121.339614868 1198.97949219 0
121.031440735 1198.4753418 0
120.967056274 1198.37011719 0
120.920135498 1198.2935791 0
120.824432373 1198.13745117 0
120.689125061 1197.91674805 0
120.578651428 1197.73657227 0
120.417190552 1197.47351074 0
120.310058594 1197.29882812 0
120.241638184 1197.18725586 0
120.147743225 1197.03417969 0
120.054367065 1196.88183594 0
119.981399536 1196.76281738 0
119.918075562 1196.65930176 0
119.764678955 1196.40844727 0
119.686660767 1196.28076172 0
119.578765869 1196.10461426 0
119.488594055 1195.95751953 0
119.44619751 1195.88830566 0
119.369262695 1195.76281738 0
119.186019897 1195.46398926 0
119.074501038 1195.28186035 0
118.946975708 1195.07373047 0
118.85610199 1194.92565918 0
118.784896851 1194.80969238 0
118.600906372 1194.50939941 0
118.511917114 1194.36413574 0
118.308433533 1194.0324707 0
118.202774048 1193.86022949 0
118.050102234 1193.61132812 0
117.998947144 1193.52783203 0
117.823661804 1193.24206543 0
117.567062378 1192.82336426 0
117.433113098 1192.60473633 0
117.250213623 1192.30639648 0
117.129066467 1192.10632324 0
117.055725098 1191.9822998 0
116.950157166 1191.80065918 0
116.85308075 1191.63647461 0
116.784591675 1191.52026367 0
116.651855469 1191.29162598 0
116.552879333 1191.11791992 0
116.483345032 1190.9942627 0
116.357826233 1190.76831055 0
116.267845154 1190.60461426 0
116.221832275 1190.52038574 0
116.075408936 1190.25048828 0
115.975318909 1190.06469727 0
115.932952881 1189.98583984 0
115.838195801 1189.80908203 0
115.734741211 1189.61572266 0
115.643005371 1189.44384766 0
115.554893494 1189.27868652 0
115.394371033 1188.9777832 0
115.358352661 1188.91015625 0
115.237266541 1188.68310547 0
115.115470886 1188.45471191 0
115.059356689 1188.35144043 0
114.949447632 1188.15356445 0
114.818977356 1187.92114258 0
114.769241333 1187.83154297 0
114.680198669 1187.67224121 0
114.585899353 1187.50561523 0
114.478721619 1187.31933594 0
114.303878784 1187.02111816 0
114.229110718 1186.89501953 0
114.089416504 1186.66101074 0
113.850822449 1186.26623535 0
113.652915955 1185.94067383 0
113.55796814 1185.78479004 0
113.482315063 1185.66064453 0
113.344467163 1185.43481445 0
113.243804932 1185.26977539 0
113.188751221 1185.17956543 0
113.028244019 1184.91662598 0
112.924583435 1184.74682617 0
112.854766846 1184.63232422 0
112.712646484 1184.39929199 0
112.596755981 1184.20922852 0
112.538703918 1184.11401367 0
112.393386841 1183.87548828 0
112.280563354 1183.69042969 0
112.226974487 1183.60241699 0
112.076812744 1183.35620117 0
111.954147339 1183.1550293 0
111.90486145 1183.07421875 0
111.722686768 1182.77563477 0
111.638710022 1182.63806152 0
111.588432312 1182.55578613 0
111.393814087 1182.23693848 0
111.318489075 1182.11352539 0
111.261360168 1182.01977539 0
111.103065491 1181.76037598 0
110.996368408 1181.58459473 0
110.937896729 1181.48596191 0
110.787605286 1181.23266602 0
110.684715271 1181.06079102 0
110.628662109 1180.96704102 0
110.474594116 1180.70776367 0
110.366645813 1180.52539062 0
110.324020386 1180.45324707 0
110.162246704 1180.17907715 0
110.087837219 1180.05273438 0
109.884803772 1179.70800781 0
109.617660522 1179.25415039 0
109.564071655 1179.16308594 0
109.405586243 1178.89367676 0
109.277938843 1178.67663574 0
109.078125 1178.33679199 0
108.966468811 1178.14685059 0
108.76978302 1177.81225586 0
108.681594849 1177.66210938 0
108.578437805 1177.48669434 0
108.46534729 1177.29431152 0
108.361099243 1177.11694336 0
108.281959534 1176.9822998 0
108.152496338 1176.76208496 0
108.045043945 1176.57458496 0
107.974433899 1176.44848633 0
107.847175598 1176.22509766 0
107.752891541 1176.05993652 0
107.70791626 1175.98071289 0
107.54990387 1175.69970703 0
107.441757202 1175.50524902 0
107.404678345 1175.43823242 0
107.255760193 1175.16772461 0
107.146392822 1174.96801758 0
107.109237671 1174.89990234 0
106.968688965 1174.64196777 0
106.854667664 1174.43212891 0
106.81741333 1174.36340332 0
106.666732788 1174.08569336 0
106.569290161 1173.90576172 0
106.511245728 1173.79858398 0
106.343055725 1173.48791504 0
106.272735596 1173.35803223 0
106.215682983 1173.25256348 0
106.042350769 1172.93249512 0
105.811347961 1172.50561523 0
105.763061523 1172.41650391 0
105.690589905 1172.28271484 0
105.53553772 1171.99719238 0
105.415893555 1171.77685547 0
105.326965332 1171.61303711 0
105.238571167 1171.45031738 0
105.178657532 1171.33996582 0
105.068016052 1171.13635254 0
104.980270386 1170.97485352 0
104.873855591 1170.77880859 0
104.807044983 1170.65576172 0
104.708679199 1170.47436523 0
104.611999512 1170.29614258 0
104.546913147 1170.17578125 0
104.444641113 1169.98693848 0
104.340797424 1169.79516602 0
104.275047302 1169.67370605 0
104.173736572 1169.48669434 0
104.073165894 1169.30126953 0
104.010520935 1169.18566895 0
103.90435791 1168.98999023 0
103.796539307 1168.79125977 0
103.735847473 1168.67944336 0
103.627098083 1168.47912598 0
103.547348022 1168.33251953 0
103.455352783 1168.16308594 0
103.357826233 1167.98376465 0
103.265304565 1167.81335449 0
103.177742004 1167.65222168 0
103.072296143 1167.45825195 0
102.978462219 1167.28552246 0
102.89339447 1167.12890625 0
102.839035034 1167.02893066 0
102.72088623 1166.81115723 0
102.549064636 1166.49462891 0
102.486801147 1166.37939453 0
102.384254456 1166.18493652 0
102.332427979 1166.08752441 0
102.177482605 1165.79785156 0
102.108398438 1165.66760254 0
102.001609802 1165.46264648 0
101.901374817 1165.26049805 0
101.840240479 1165.13208008 0
101.795799255 1165.03686523 0
101.672203064 1164.78027344 0
101.591003418 1164.61169434 0
101.548965454 1164.52355957 0
101.415809631 1164.24121094 0
101.339202881 1164.07653809 0
101.203460693 1163.79211426 0
101.170204163 1163.72375488 0
101.062187195 1163.49804688 0
100.911300659 1163.18115234 0
100.808547974 1162.9699707 0
100.74835968 1162.84814453 0
100.647476196 1162.64575195 0
100.549438477 1162.45129395 0
100.478408813 1162.31140137 0
100.38646698 1162.13110352 0
100.281860352 1161.92663574 0
100.20867157 1161.78381348 0
100.113327026 1161.59814453 0
100.004257202 1161.38598633 0
99.9374389648 1161.25598145 0
99.8393096924 1161.06530762 0
99.7535247803 1160.89868164 0
99.6843414307 1160.76428223 0
99.5669937134 1160.53637695 0
99.4737167358 1160.35522461 0
99.3830413818 1160.1809082 0
99.2859649658 1159.99938965 0
99.1185760498 1159.68432617 0
98.879486084 1159.23925781 0
98.7477645874 1158.99926758 0
98.5746917725 1158.68774414 0
98.4537353516 1158.47216797 0
98.2778091431 1158.16027832 0
98.1850585938 1157.99645996 0
98.1123046875 1157.86804199 0
97.9893264771 1157.65136719 0
97.8798522949 1157.46240234 0
97.806060791 1157.33789062 0
97.6749725342 1157.11401367 0
97.5760192871 1156.94470215 0
97.525390625 1156.85864258 0
97.3747177124 1156.60559082 0
97.252746582 1156.40319824 0
97.2143936157 1156.33996582 0
97.0609283447 1156.08862305 0
96.9494781494 1155.90722656 0
96.8879547119 1155.80761719 0
96.7217102051 1155.53881836 0
96.6531143188 1155.42834473 0
96.5944519043 1155.33361816 0
96.4345245361 1155.07568359 0
96.3612365723 1154.95751953 0
96.3112335205 1154.87683105 0
96.1706619263 1154.65063477 0
96.0790710449 1154.50341797 0
96.0210113525 1154.41003418 0
95.8772125244 1154.17871094 0
95.7854614258 1154.03100586 0
95.7279663086 1153.93847656 0
95.5791625977 1153.69885254 0
95.4852828979 1153.54760742 0
95.4294128418 1153.45776367 0
95.3809127808 1153.37963867 0
95.2009429932 1153.08959961 0
95.1349029541 1152.9831543 0
95.0276641846 1152.81018066 0
94.9701690674 1152.7175293 0
94.8024215698 1152.44702148 0
94.7241897583 1152.32092285 0
94.675491333 1152.24243164 0
94.5282211304 1152.00512695 0
94.4361419678 1151.85668945 0
94.3879013062 1151.77868652 0
94.2501602173 1151.55578613 0
94.140625 1151.37890625 0
93.9647674561 1151.09509277 0
93.8657913208 1150.93554688 0
93.6875152588 1150.64831543 0
93.5872879028 1150.48669434 0
93.4048156738 1150.19262695 0
93.3248596191 1150.0637207 0
93.2513122559 1149.94494629 0
93.1265411377 1149.74389648 0
93.0345306396 1149.59545898 0
92.9654464722 1149.48400879 0
92.8351669312 1149.27392578 0
92.7433700562 1149.12597656 0
92.6742019653 1149.01452637 0
92.5478973389 1148.81115723 0
92.4512023926 1148.65539551 0
92.3887557983 1148.55493164 0
92.2613067627 1148.34960938 0
92.1787338257 1148.21630859 0
92.1382446289 1148.15112305 0
92.0034866333 1147.93383789 0
91.9039459229 1147.7734375 0
91.7332458496 1147.49853516 0
91.6867141724 1147.42358398 0
91.5225448608 1147.15917969 0
91.461555481 1147.06103516 0
91.3061141968 1146.81066895 0
91.1515808105 1146.56176758 0
91.0372390747 1146.37756348 0
90.8783035278 1146.12109375 0
90.7503128052 1145.91491699 0
90.5754165649 1145.63330078 0
90.5027618408 1145.51611328 0
90.3988647461 1145.34899902 0
90.293762207 1145.1796875 0
90.2108459473 1145.04675293 0
90.1103439331 1144.88952637 0
89.9946746826 1144.71350098 0
89.9188079834 1144.59716797 0
89.8190536499 1144.44360352 0
89.69556427 1144.25830078 0
89.6115646362 1144.1385498 0
89.5065155029 1143.99365234 0
89.4033355713 1143.85424805 0
89.3059539795 1143.72070312 0
89.1920852661 1143.56640625 0
89.0891189575 1143.43310547 0
88.9508361816 1143.26293945 0
88.8667907715 1143.16394043 0
88.7370071411 1143.01672363 0
88.6160583496 1142.87890625 0
88.5237426758 1142.77685547 0
88.3891830444 1142.63635254 0
88.2842788696 1142.53186035 0
88.1923675537 1142.44519043 0
88.0344009399 1142.2980957 0
87.9139175415 1142.1862793 0
87.8168029785 1142.09887695 0
87.6548843384 1141.96179199 0
87.5304718018 1141.86181641 0
87.3771209717 1141.74682617 0
87.0884094238 1141.54882812 0
86.9261550903 1141.44775391 0
86.7731170654 1141.35375977 0
86.7075500488 1141.31384277 0
86.4773712158 1141.1784668 0
86.3739242554 1141.12109375 0
86.2114028931 1141.03759766 0
86.0455551147 1140.95910645 0
85.9403533936 1140.91223145 0
85.8616790771 1140.87658691 0
85.6093292236 1140.76574707 0
85.5122833252 1140.72497559 0
85.3309402466 1140.65136719 0
85.1517333984 1140.5814209 0
85.0402832031 1140.53881836 0
84.9681549072 1140.51147461 0
84.7383651733 1140.42553711 0
84.5812988281 1140.36743164 0
84.4135360718 1140.30737305 0
84.2583236694 1140.25415039 0
84.1068191528 1140.20068359 0
84.0146713257 1140.16821289 0
83.7785797119 1140.08642578 0
83.6173248291 1140.03186035 0
83.544128418 1140.00744629 0
83.2979354858 1139.92614746 0
83.0906295776 1139.85852051 0
82.9719009399 1139.81994629 0
82.7813873291 1139.75817871 0
82.5933074951 1139.69750977 0
82.4704437256 1139.65917969 0
82.2813949585 1139.60241699 0
82.0936584473 1139.54833984 0
81.9721298218 1139.51245117 0
81.7840118408 1139.4576416 0
81.6242828369 1139.41345215 0
81.3575973511 1139.35021973 0
80.9028244019 1139.26489258 0
80.8249969482 1139.25305176 0
80.6465301514 1139.22912598 0
80.5011138916 1139.21313477 0
80.3453674316 1139.20043945 0
80.1842803955 1139.1920166 0
80.0275192261 1139.18591309 0
79.8269348145 1139.17907715 0
79.7161331177 1139.17687988 0
79.4628677368 1139.17736816 0
79.3506011963 1139.17993164 0
79.2256851196 1139.18432617 0
78.9699020386 1139.19763184 0
78.8603591919 1139.20495605 0
78.7235412598 1139.21557617 0
78.4723358154 1139.24084473 0
78.361946106 1139.2532959 0
78.2444458008 1139.26855469 0
78.0654525757 1139.29638672 0
77.9280090332 1139.32055664 0
77.777130127 1139.34985352 0
77.533782959 1139.39794922 0
77.317276001 1139.44226074 0
77.1565628052 1139.4777832 0
77.0632247925 1139.49926758 0
76.8474197388 1139.5526123 0
76.5962677002 1139.61938477 0
76.3842010498 1139.68237305 0
76.2270736694 1139.72998047 0
76.0084381104 1139.79650879 0
75.8847732544 1139.83569336 0
75.6820831299 1139.90234375 0
75.5975646973 1139.9309082 0
75.4264526367 1139.98925781 0
74.9583587646 1140.16430664 0
74.6789245605 1140.27783203 0
74.5421295166 1140.33349609 0
74.4050292969 1140.39221191 0
74.2456512451 1140.46557617 0
74.109954834 1140.53125 0
73.9389190674 1140.61584473 0
73.6624832153 1140.75488281 0
73.5024108887 1140.84191895 0
73.2506408691 1140.99047852 0
73.1004943848 1141.08007812 0
72.914680481 1141.19433594 0
72.6888961792 1141.33850098 0
72.4327926636 1141.50683594 0
72.3134765625 1141.58630371 0
72.168296814 1141.68371582 0
72.0265655518 1141.77905273 0
71.8893814087 1141.87182617 0
71.755027771 1141.96276855 0
71.6008605957 1142.06738281 0
71.4790725708 1142.14978027 0
71.400352478 1142.203125 0
71.1864929199 1142.34375 0
71.0271530151 1142.44580078 0
70.8690719604 1142.54663086 0
70.7593383789 1142.6171875 0
70.599281311 1142.71826172 0
70.4709472656 1142.79736328 0
70.319519043 1142.88867188 0
70.1702041626 1142.97705078 0
70.0191802979 1143.06530762 0
69.8725814819 1143.15014648 0
69.7168655396 1143.23974609 0
69.5665740967 1143.32568359 0
69.3678283691 1143.43896484 0
69.0717163086 1143.60754395 0
68.7888031006 1143.76831055 0
68.5958709717 1143.87805176 0
68.4196548462 1143.97839355 0
68.2708206177 1144.06311035 0
68.1190338135 1144.14941406 0
67.9477081299 1144.24707031 0
67.7939605713 1144.33642578 0
67.5952529907 1144.45507812 0
67.478843689 1144.5246582 0
67.3038711548 1144.6282959 0
67.1604537964 1144.7142334 0
67.0027008057 1144.81054688 0
66.9270629883 1144.85717773 0
66.6897125244 1145.0057373 0
66.4969711304 1145.12817383 0
66.377532959 1145.20458984 0
66.1869888306 1145.3269043 0
66.0209121704 1145.43395996 0
65.8992462158 1145.51220703 0
65.710395813 1145.63085938 0
65.5771484375 1145.71606445 0
65.4503631592 1145.79711914 0
65.2450256348 1145.92700195 0
65.0979766846 1146.01953125 0
64.8830184937 1146.15356445 0
64.7628097534 1146.22827148 0
64.592880249 1146.33361816 0
64.4365463257 1146.43029785 0
64.2802200317 1146.52685547 0
64.1028900146 1146.63635254 0
63.9360694885 1146.73950195 0
63.7815704346 1146.8347168 0
63.6077537537 1146.94189453 0
63.4353904724 1147.04614258 0
63.2335739136 1147.16650391 0
63.1090927124 1147.24157715 0
63.0151290894 1147.29833984 0
62.7985458374 1147.42797852 0
62.4633522034 1147.62487793 0
62.2857627869 1147.72753906 0
62.1450042725 1147.80859375 0
61.9355735779 1147.9284668 0
61.7636108398 1148.02636719 0
61.6421775818 1148.09545898 0
61.4088973999 1148.22802734 0
61.2345542908 1148.32666016 0
61.1153182983 1148.39428711 0
60.8859634399 1148.52392578 0
60.7250785828 1148.61486816 0
60.6334571838 1148.66674805 0
60.3668289185 1148.81738281 0
60.1791954041 1148.92346191 0
60.0822219849 1148.97814941 0
59.8328094482 1149.11914062 0
59.632724762 1149.23217773 0
59.48828125 1149.31384277 0
59.3047485352 1149.41760254 0
59.1160926819 1149.52429199 0
59.0211257935 1149.578125 0
58.7742118835 1149.71765137 0
58.5864486694 1149.8236084 0
58.4934120178 1149.8762207 0
58.1883239746 1150.04870605 0
58.0639610291 1150.11791992 0
57.961730957 1150.17346191 0
57.6620101929 1150.33911133 0
57.5338478088 1150.41003418 0
57.4235610962 1150.47094727 0
57.1693267822 1150.61047363 0
56.9935340881 1150.70629883 0
56.9013519287 1150.7565918 0
56.6237182617 1150.90722656 0
56.4622192383 1150.99487305 0
56.3665046692 1151.04663086 0
56.0960121155 1151.19287109 0
56.0047035217 1151.24230957 0
55.8814315796 1151.30895996 0
55.6955566406 1151.40966797 0
55.28125 1151.6340332 0
54.9478378296 1151.81494141 0
54.7869415283 1151.90234375 0
54.6590270996 1151.97167969 0
54.4216461182 1152.10070801 0
54.2498397827 1152.19396973 0
54.1620521545 1152.24182129 0
53.8880386353 1152.39086914 0
53.6886444092 1152.49926758 0
53.6144485474 1152.53967285 0
53.3458023071 1152.68579102 0
53.1391563416 1152.79821777 0
53.0671768188 1152.83740234 0
52.799785614 1152.98278809 0
52.5958976746 1153.09362793 0
52.4369506836 1153.18005371 0
52.255897522 1153.27819824 0
52.0557098389 1153.38684082 0
51.956237793 1153.4407959 0
51.7176589966 1153.5703125 0
51.5074653625 1153.68432617 0
51.4190292358 1153.73242188 0
51.1754608154 1153.86462402 0
50.9786491394 1153.97155762 0
50.7918701172 1154.07287598 0
50.6258621216 1154.16308594 0
50.4337234497 1154.26745605 0
50.2607650757 1154.36132812 0
50.0403900146 1154.48095703 0
49.902381897 1154.55578613 0
49.8099098206 1154.60595703 0
49.5411834717 1154.75170898 0
49.3656005859 1154.84692383 0
49.2783622742 1154.89416504 0
48.9926605225 1155.04919434 0
48.8286705017 1155.13818359 0
48.6323776245 1155.24450684 0
48.4565238953 1155.33996582 0
48.3706588745 1155.38659668 0
47.9200057983 1155.63098145 0
47.8191452026 1155.68579102 0
47.6278610229 1155.78955078 0
47.5392837524 1155.83752441 0
47.255695343 1155.99145508 0
47.0890159607 1156.08178711 0
46.9866676331 1156.1373291 0
46.7204208374 1156.28173828 0
46.4889984131 1156.40734863 0
46.1630630493 1156.58398438 0
45.9533615112 1156.69787598 0
45.6246414185 1156.87646484 0
45.4157371521 1156.98986816 0
45.0727005005 1157.17614746 0
44.9073944092 1157.26586914 0
44.7700958252 1157.3404541 0
44.5519294739 1157.4588623 0
44.369178772 1157.56030273 0
44.2848396301 1157.60791016 0
44.026260376 1157.7532959 0
43.8235931396 1157.86657715 0
43.748550415 1157.90893555 0
43.4946327209 1158.05322266 0
43.2868766785 1158.1730957 0
43.2192382812 1158.2121582 0
42.9572143555 1158.36499023 0
42.7699584961 1158.47497559 0
42.6970901489 1158.51794434 0
42.4341125488 1158.67333984 0
42.2517738342 1158.78125 0
42.1542282104 1158.8392334 0
41.9136047363 1158.98217773 0
41.7268981934 1159.09313965 0
41.6212539673 1159.15588379 0
41.4251213074 1159.27258301 0
41.0550956726 1159.49267578 0
40.9744415283 1159.54003906 0
40.7164649963 1159.68969727 0
40.5323524475 1159.7980957 0
40.4474716187 1159.84777832 0
40.1910972595 1159.99694824 0
40.0150413513 1160.09838867 0
39.9041824341 1160.1619873 0
39.605430603 1160.33251953 0
39.4742050171 1160.40698242 0
39.3914413452 1160.45385742 0
39.0859680176 1160.62670898 0
38.9405059814 1160.70898438 0
38.8466339111 1160.76196289 0
38.5392112732 1160.93554688 0
38.4127235413 1161.00671387 0
38.3160705566 1161.0612793 0
38.0452766418 1161.21374512 0
37.882598877 1161.30541992 0
37.7833175659 1161.36132812 0
37.5099830627 1161.51550293 0
37.2905807495 1161.63574219 0
37.1513366699 1161.71044922 0
36.9604034424 1161.81494141 0
36.805480957 1161.8996582 0
36.6270141602 1161.99658203 0
36.4306869507 1162.10205078 0
36.2597846985 1162.19299316 0
36.0816879272 1162.28747559 0
35.8979034424 1162.38427734 0
35.7299156189 1162.47229004 0
35.4978561401 1162.59326172 0
35.3544502258 1162.66796875 0
35.1663093567 1162.76574707 0
35.0763092041 1162.81237793 0
34.7988090515 1162.95629883 0
34.6156272888 1163.05114746 0
34.5282058716 1163.09643555 0
34.2692947388 1163.23034668 0
33.9410057068 1163.40002441 0
33.8216094971 1163.46179199 0
33.6216239929 1163.56518555 0
33.4407806396 1163.65869141 0
33.212802887 1163.77685547 0
33.0783348083 1163.84631348 0
32.9829521179 1163.89575195 0
32.7184638977 1164.0324707 0
32.5383529663 1164.12585449 0
32.4476013184 1164.17285156 0
32.1835403442 1164.30859375 0
32.0181312561 1164.3939209 0
31.9341068268 1164.43737793 0
31.6886405945 1164.56420898 0
31.4980659485 1164.66271973 0
31.1858310699 1164.82434082 0
31.0465354919 1164.89624023 0
30.9134216309 1164.96508789 0
30.7073173523 1165.0715332 0
30.5501384735 1165.1529541 0
30.4321632385 1165.21398926 0
30.2134685516 1165.32714844 0
30.0492763519 1165.4119873 0
29.9275074005 1165.47497559 0
29.7123394012 1165.58618164 0
29.5427284241 1165.67358398 0
29.4251155853 1165.734375 0
29.1965789795 1165.85229492 0
29.0370006561 1165.93481445 0
28.9563674927 1165.97631836 0
28.6929302216 1166.11242676 0
28.5025196075 1166.21069336 0
28.4318084717 1166.24719238 0
28.1652641296 1166.3848877 0
27.9777679443 1166.48193359 0
27.9079284668 1166.51794434 0
27.6401195526 1166.65637207 0
27.4458599091 1166.75671387 0
27.1457576752 1166.91186523 0
26.6833400726 1167.15112305 0
26.527299881 1167.23181152 0
26.3429603577 1167.32739258 0
26.1632175446 1167.42016602 0
25.9450683594 1167.53320312 0
25.8110294342 1167.60253906 0
25.6009864807 1167.71130371 0
25.3991336823 1167.8157959 0
25.2673950195 1167.8840332 0
25.0583000183 1167.99279785 0
24.9131317139 1168.0703125 0
24.7204837799 1168.17211914 0
24.5401382446 1168.26672363 0
24.3739433289 1168.35461426 0
24.2007236481 1168.44689941 0
24.0013618469 1168.55395508 0
23.8327026367 1168.64501953 0
23.6495304108 1168.74438477 0
23.4665088654 1168.84399414 0
23.2973480225 1168.93615723 0
23.076379776 1169.05700684 0
22.9381446838 1169.13244629 0
22.7417602539 1169.23999023 0
22.5351428986 1169.35314941 0
22.3981895447 1169.42810059 0
22.2106647491 1169.53076172 0
22.0334758759 1169.62792969 0
21.8619041443 1169.7220459 0
21.6802253723 1169.8215332 0
21.5014266968 1169.91943359 0
21.2616653442 1170.05090332 0
21.1366615295 1170.11938477 0
20.9400062561 1170.22717285 0
20.7272148132 1170.34375 0
20.6005973816 1170.41320801 0
20.3894577026 1170.52905273 0
20.22797966 1170.61755371 0
19.7101306915 1170.90124512 0
19.6176376343 1170.95202637 0
19.3566169739 1171.0949707 0
19.1644420624 1171.20019531 0
19.089220047 1171.24145508 0
18.8190898895 1171.38928223 0
18.6351127625 1171.4901123 0
18.5263690948 1171.54956055 0
18.2718067169 1171.68896484 0
18.0937919617 1171.78637695 0
17.9917201996 1171.84228516 0
17.6655902863 1172.02111816 0
17.5340518951 1172.09338379 0
17.3392829895 1172.20019531 0
17.1349849701 1172.31494141 0
16.9993419647 1172.39306641 0
16.8144321442 1172.5032959 0
16.623456955 1172.61572266 0
16.4853096008 1172.69665527 0
16.2898807526 1172.81225586 0
16.1388473511 1172.90258789 0
15.9722471237 1173.00317383 0
15.7780799866 1173.12182617 0
15.6255664825 1173.21557617 0
15.4116125107 1173.34814453 0
15.287607193 1173.42553711 0
15.0928249359 1173.54736328 0
14.9353256226 1173.64624023 0
14.8148393631 1173.72216797 0
14.5916786194 1173.86303711 0
14.418589592 1173.97241211 0
14.2459812164 1174.08178711 0
14.0741577148 1174.19055176 0
13.8910140991 1174.30664062 0
13.7753171921 1174.37988281 0
13.5523319244 1174.5213623 0
13.3845090866 1174.62768555 0
13.1735591888 1174.76135254 0
12.8140153885 1174.98925781 0
12.6112499237 1175.11767578 0
12.5237607956 1175.17333984 0
12.2567710876 1175.34667969 0
12.1756153107 1175.39868164 0
12.0146808624 1175.50195312 0
11.7348995209 1175.68334961 0
11.6670665741 1175.72753906 0
11.4506378174 1175.8729248 0
11.2486286163 1176.01477051 0
11.1626119614 1176.07470703 0
10.9822731018 1176.19946289 0
10.6740779877 1176.41564941 0
10.4976806641 1176.54528809 0
10.1995325089 1176.76855469 0
10.0644960403 1176.87060547 0
9.83845615387 1177.05273438 0
9.76348209381 1177.11621094 0
9.61242198944 1177.24829102 0
9.5131893158 1177.33630371 0
9.33282279968 1177.49694824 0
9.20759677887 1177.61450195 0
9.02062797546 1177.80151367 0
8.95315742493 1177.87255859 0
8.820561409 1178.01745605 0
8.65354728699 1178.20324707 0
8.59251213074 1178.27160645 0
8.45369338989 1178.43066406 0
8.40536785126 1178.48706055 0
8.23586177826 1178.69482422 0
8.12570095062 1178.83874512 0
8.0593662262 1178.92724609 0
7.90897274017 1179.12792969 0
7.7989730835 1179.27905273 0
7.74346446991 1179.35791016 0
7.60668087006 1179.56591797 0
7.51392126083 1179.71557617 0
7.4577922821 1179.80786133 0
7.37972164154 1179.93432617 0
7.21481513977 1180.20605469 0
7.1522192955 1180.31213379 0
7.03392553329 1180.51916504 0
6.87644767761 1180.80273438 0
6.78016090393 1180.97814941 0
6.71433973312 1181.10119629 0
6.62771987915 1181.2701416 0
6.53843355179 1181.45129395 0
6.48431777954 1181.56640625 0
6.39823150635 1181.74560547 0
6.33500242233 1181.88085938 0
6.26244354248 1182.04626465 0
6.19508123398 1182.20996094 0
6.12869405746 1182.37011719 0
6.06694030762 1182.52124023 0
5.99996900558 1182.69274902 0
5.94174766541 1182.85498047 0
5.90412807465 1182.96679688 0
5.83395433426 1183.18481445 0
5.78458738327 1183.33764648 0
5.76037025452 1183.41650391 0
5.69012117386 1183.66894531 0
5.64898586273 1183.83874512 0
5.61652040482 1183.99194336 0
5.58881568909 1184.13720703 0
5.56067562103 1184.30932617 0
5.54010105133 1184.46191406 0
5.52085876465 1184.65039062 0
5.51257514954 1184.76733398 0
5.50445222855 1184.93994141 0
5.4966802597 1185.11303711 0
5.49267339706 1185.234375 0
5.49070835114 1185.33300781 0
5.4917049408 1185.60791016 0
5.49807500839 1185.81982422 0
5.50178337097 1185.90246582 0
5.51282978058 1186.09631348 0
5.56614160538 1186.7746582 0
5.57705402374 1186.90075684 0
5.59351730347 1187.08837891 0
5.6066236496 1187.23632812 0
5.61820888519 1187.36669922 0
5.63946580887 1187.58740234 0
5.65801239014 1187.75769043 0
5.6708817482 1187.86779785 0
5.69656944275 1188.08630371 0
5.71654510498 1188.25939941 0
5.72749185562 1188.3482666 0
5.76300382614 1188.59777832 0
5.79673433304 1188.78381348 0
5.85881948471 1189.08251953 0
5.89599370956 1189.26379395 0
5.91282224655 1189.34423828 0
5.96349525452 1189.56835938 0
6.00926208496 1189.74511719 0
6.04937934875 1189.89135742 0
6.09246301651 1190.05029297 0
6.14198112488 1190.22607422 0
6.16587114334 1190.30712891 0
6.25574398041 1190.57556152 0
6.2978181839 1190.6887207 0
6.35978412628 1190.85961914 0
6.4227771759 1191.02978516 0
6.47382926941 1191.1640625 0
6.53625822067 1191.32446289 0
6.60731601715 1191.49707031 0
6.65731143951 1191.61791992 0
6.72918224335 1191.7923584 0
6.80275440216 1191.96740723 0
6.85388183594 1192.0871582 0
6.93105077744 1192.26550293 0
6.98878002167 1192.39758301 0
7.05521154404 1192.54882812 0
7.09315156937 1192.6348877 0
7.13397884369 1192.72705078 0
7.31582069397 1193.13684082 0
7.3496761322 1193.2130127 0
7.43103790283 1193.3927002 0
7.49980163574 1193.54650879 0
7.57242488861 1193.70849609 0
7.65353155136 1193.88842773 0
7.72478723526 1194.04553223 0
7.79930448532 1194.20947266 0
7.87739086151 1194.38061523 0
7.95940685272 1194.55993652 0
8.02251243591 1194.69787598 0
8.11002159119 1194.88879395 0
8.19690990448 1195.07678223 0
8.26061248779 1195.21069336 0
8.34645557404 1195.38647461 0
8.4256362915 1195.54455566 0
8.52557659149 1195.74719238 0
8.58225440979 1195.86071777 0
8.67594814301 1196.0447998 0
8.77435398102 1196.23364258 0
8.8383102417 1196.35424805 0
8.93928718567 1196.54162598 0
9.02432918549 1196.69775391 0
9.11029338837 1196.84985352 0
9.20749759674 1197.01708984 0
9.29657173157 1197.16845703 0
9.41215515137 1197.36657715 0
9.48791694641 1197.49450684 0
9.58662986755 1197.65869141 0
9.69898986816 1197.84204102 0
9.77612686157 1197.96618652 0
9.88571929932 1198.14123535 0
9.99975967407 1198.32202148 0
10.0764465332 1198.44287109 0
10.187543869 1198.6171875 0
10.2989768982 1198.79174805 0
10.3840122223 1198.92468262 0
10.4408340454 1199.01367188 0
10.5030679703 1199.11279297 0
10.662610054 1199.37280273 0
10.901889801 1199.78613281 0
11.0219841003 1199.99609375 0
11.195514679 1200.30761719 0
11.2883491516 1200.47851562 0
11.4548625946 1200.79162598 0
11.5776062012 1201.02661133 0
11.7200536728 1201.30236816 0
11.8215885162 1201.50036621 0
11.8878087997 1201.63000488 0
11.9823589325 1201.81555176 0
12.0610513687 1201.97021484 0
12.1309137344 1202.10766602 0
12.2416687012 1202.32592773 0
12.3326091766 1202.50512695 0
12.3986549377 1202.63513184 0
12.5167617798 1202.86401367 0
12.6017303467 1203.02685547 0
12.7159032822 1203.24816895 0
12.7830562592 1203.37731934 0
12.8826713562 1203.56713867 0
12.9868440628 1203.76391602 0
13.0615854263 1203.90441895 0
13.1637191772 1204.0958252 0
13.2693758011 1204.29296875 0
13.3361167908 1204.41723633 0
13.4492340088 1204.62780762 0
13.5306224823 1204.7791748 0
13.6261234283 1204.95678711 0
13.8308467865 1205.33703613 0
14.0891094208 1205.81652832 0
14.2067642212 1206.03503418 0
14.2748451233 1206.16162109 0
14.3855514526 1206.3671875 0
14.422208786 1206.4354248 0
14.5700321198 1206.70983887 0
14.6684436798 1206.89257812 0
14.7281084061 1207.0032959 0
14.865026474 1207.25756836 0
14.9603033066 1207.43469238 0
15.0152320862 1207.53662109 0
15.175362587 1207.83410645 0
15.2453899384 1207.96398926 0
15.2977991104 1208.06140137 0
15.4654273987 1208.36645508 0
15.5414104462 1208.50500488 0
15.5933074951 1208.60009766 0
15.732629776 1208.85400391 0
15.8302993774 1209.03027344 0
15.9420499802 1209.23083496 0
16.0315093994 1209.39001465 0
16.1303882599 1209.56518555 0
16.1830215454 1209.6583252 0
16.335144043 1209.92663574 0
16.4385719299 1210.10876465 0
16.491651535 1210.20214844 0
16.6365470886 1210.45654297 0
16.7613887787 1210.67553711 0
16.954202652 1211.01379395 0
17.0538082123 1211.18835449 0
17.1144504547 1211.29467773 0
17.2524261475 1211.53662109 0
17.3469963074 1211.70239258 0
17.471540451 1211.92041016 0
17.547876358 1212.05419922 0
17.6027183533 1212.15039062 0
17.7855148315 1212.47045898 0
17.8587436676 1212.59863281 0
17.9712905884 1212.7956543 0
18.0249938965 1212.88964844 0
18.1913356781 1213.18066406 0
18.267868042 1213.3137207 0
18.322517395 1213.40710449 0
18.4715232849 1213.65576172 0
18.580406189 1213.83129883 0
18.6419906616 1213.92834473 0
18.797252655 1214.1763916 0
18.8966312408 1214.33227539 0
18.9648227692 1214.43554688 0
19.1269264221 1214.67211914 0
19.2392921448 1214.82873535 0
19.2926216125 1214.90124512 0
19.4663619995 1215.1282959 0
19.612285614 1215.30651855 0
19.8307266235 1215.56811523 0
19.9469089508 1215.70324707 0
20.0306224823 1215.79833984 0
20.1879825592 1215.97180176 0
20.3298721313 1216.12341309 0
20.443441391 1216.24230957 0
20.5873794556 1216.39025879 0
20.7289619446 1216.53320312 0
20.8463020325 1216.64831543 0
20.9987049103 1216.79394531 0
21.1476745605 1216.93249512 0
21.2595844269 1217.03295898 0
21.4117603302 1217.16345215 0
21.5582084656 1217.28393555 0
21.6174163818 1217.3314209 0
21.8242015839 1217.4901123 0
21.9661750793 1217.59228516 0
22.0617809296 1217.65795898 0
22.17029953 1217.72949219 0
22.5102443695 1217.9510498 0
22.7796230316 1218.11523438 0
22.8869400024 1218.17736816 0
23.1101856232 1218.30004883 0
23.2156295776 1218.35388184 0
23.4020271301 1218.44348145 0
23.570892334 1218.51782227 0
23.690071106 1218.56787109 0
23.8546714783 1218.63354492 0
23.9991130829 1218.68798828 0
24.1437072754 1218.73840332 0
24.3000717163 1218.79162598 0
24.4597797394 1218.84631348 0
24.6522712708 1218.90893555 0
24.7733535767 1218.94616699 0
24.9474086761 1218.99560547 0
25.1314086914 1219.0411377 0
25.2495059967 1219.06762695 0
25.4276866913 1219.10119629 0
25.5730895996 1219.12475586 0
25.7134952545 1219.14465332 0
25.8834514618 1219.16442871 0
26.0371818542 1219.17773438 0
26.1779613495 1219.18591309 0
26.3465118408 1219.18981934 0
26.4865074158 1219.19311523 0
26.6735534668 1219.19592285 0
26.7971115112 1219.19543457 0
26.9751243591 1219.1907959 0
27.1535511017 1219.18237305 0
27.2713088989 1219.17492676 0
27.4512519836 1219.16064453 0
27.5903949738 1219.14746094 0
27.7436904907 1219.13085938 0
27.9149513245 1219.10913086 0
28.1965408325 1219.06713867 0
28.3823471069 1219.03198242 0
28.5511512756 1218.99975586 0
28.6916236877 1218.97290039 0
28.8440208435 1218.94213867 0
29.003993988 1218.90820312 0
29.1551761627 1218.87463379 0
29.3645610809 1218.82629395 0
29.4728469849 1218.80041504 0
29.5610408783 1218.77807617 0
29.8218822479 1218.70690918 0
29.9368362427 1218.67199707 0
30.0156555176 1218.64733887 0
30.231262207 1218.57519531 0
30.3684387207 1218.52453613 0
30.443239212 1218.49523926 0
30.6505432129 1218.40673828 0
30.7736587524 1218.34851074 0
30.8439998627 1218.31311035 0
31.0427150726 1218.21044922 0
31.2081031799 1218.12304688 0
31.4563789368 1217.98205566 0
31.5967216492 1217.89697266 0
31.841381073 1217.73986816 0
31.9948329926 1217.63696289 0
32.2370529175 1217.46960449 0
32.356300354 1217.38623047 0
32.4571266174 1217.31555176 0
32.6297454834 1217.19421387 0
32.7560424805 1217.10546875 0
32.8286743164 1217.05432129 0
33.0270080566 1216.91479492 0
33.0999031067 1216.86352539 0
33.182723999 1216.80541992 0
33.341506958 1216.69372559 0
33.5936508179 1216.51660156 0
33.7780075073 1216.38720703 0
33.9228744507 1216.28540039 0
33.9983062744 1216.23242188 0
34.2094078064 1216.08459473 0
34.3539886475 1215.98376465 0
34.4266738892 1215.93408203 0
34.6480331421 1215.78759766 0
34.7926902771 1215.69458008 0
34.8690032959 1215.64440918 0
35.0793571472 1215.5065918 0
35.2621040344 1215.38964844 0
35.5333175659 1215.21923828 0
35.7146568298 1215.10656738 0
35.9889640808 1214.93737793 0
36.1636123657 1214.8302002 0
36.4609527588 1214.6496582 0
36.6001777649 1214.56811523 0
36.7065429688 1214.5065918 0
36.9041671753 1214.39086914 0
37.0581092834 1214.30102539 0
37.1320571899 1214.25842285 0
37.3714065552 1214.12304688 0
37.5489349365 1214.02453613 0
37.8521499634 1213.85876465 0
38.0171279907 1213.76940918 0
38.1091995239 1213.71972656 0
38.3775978088 1213.57519531 0
38.5070648193 1213.50561523 0
38.5880622864 1213.4621582 0
38.8352508545 1213.32958984 0
38.9593734741 1213.26306152 0
39.302154541 1213.0793457 0
39.5009078979 1212.97265625 0
39.6875724792 1212.87280273 0
39.8475837708 1212.7869873 0
39.936000824 1212.73950195 0
40.1069526672 1212.64794922 0
40.2058143616 1212.5949707 0
40.4623374939 1212.45751953 0
40.7210693359 1212.31872559 0
40.9861755371 1212.17663574 0
41.1419219971 1212.09301758 0
41.3283729553 1211.99304199 0
41.507068634 1211.8972168 0
41.7209358215 1211.7824707 0
42.0516357422 1211.60498047 0
42.2122802734 1211.51879883 0
42.3423690796 1211.44897461 0
42.5712471008 1211.3260498 0
42.7439117432 1211.23339844 0
42.9797668457 1211.10693359 0
43.0978813171 1211.04345703 0
43.3008804321 1210.93457031 0
43.5092468262 1210.82275391 0
43.6465377808 1210.74926758 0
43.8404769897 1210.64526367 0
44.051361084 1210.53222656 0
44.1811904907 1210.46252441 0
44.3880157471 1210.35168457 0
44.5428009033 1210.26867676 0
44.7170257568 1210.1751709 0
44.9063987732 1210.07385254 0
45.0885696411 1209.97619629 0
45.2557220459 1209.88647461 0
45.3574981689 1209.83190918 0
45.4545021057 1209.7800293 0
45.7798919678 1209.60559082 0
45.9034729004 1209.53955078 0
46.1020431519 1209.4329834 0
46.2076568604 1209.37634277 0
46.5153045654 1209.21154785 0
46.6470718384 1209.14099121 0
46.8494949341 1209.03222656 0
47.0426673889 1208.92858887 0
47.1860618591 1208.85168457 0
47.3995437622 1208.73693848 0
47.5451431274 1208.65869141 0
47.7247695923 1208.56213379 0
47.829826355 1208.5057373 0
48.0930366516 1208.36425781 0
48.2758255005 1208.26623535 0
48.4727210999 1208.16040039 0
48.6437530518 1208.06872559 0
48.8202438354 1207.97387695 0
49.0162582397 1207.86865234 0
49.17943573 1207.78112793 0
49.4163970947 1207.65380859 0
49.5583648682 1207.57763672 0
49.7496795654 1207.47497559 0
49.9604949951 1207.36157227 0
50.0941238403 1207.28979492 0
50.291557312 1207.18359375 0
50.5021820068 1207.07043457 0
50.6392250061 1206.99682617 0
50.8278388977 1206.89538574 0
51.0615921021 1206.76989746 0
51.1986999512 1206.69628906 0
51.3996276855 1206.58837891 0
51.5491027832 1206.50805664 0
51.741104126 1206.40515137 0
51.8452033997 1206.34924316 0
52.1222457886 1206.20056152 0
52.249546051 1206.13232422 0
52.429901123 1206.03564453 0
52.8847579956 1205.79125977 0
53.0649032593 1205.69458008 0
53.2587089539 1205.5904541 0
53.4765396118 1205.47351074 0
53.6125907898 1205.4005127 0
53.8254165649 1205.28613281 0
54.0121383667 1205.18591309 0
54.1582946777 1205.1072998 0
54.3627090454 1204.99743652 0
54.5589904785 1204.89196777 0
54.7030563354 1204.81396484 0
54.8887367249 1204.71142578 0
55.1030235291 1204.59033203 0
55.2258033752 1204.51904297 0
55.4319229126 1204.39453125 0
55.5709495544 1204.30737305 0
55.7341003418 1204.20166016 0
55.9058227539 1204.0859375 0
56.0687561035 1203.97558594 0
56.2171783447 1203.87329102 0
56.392250061 1203.74865723 0
56.528968811 1203.64807129 0
56.7261886597 1203.49938965 0
56.8488197327 1203.40307617 0
57.0013999939 1203.27697754 0
57.1350708008 1203.16247559 0
57.2723388672 1203.04150391 0
57.4195480347 1202.90673828 0
57.5495071411 1202.78430176 0
57.6784133911 1202.66357422 0
57.8240127563 1202.52453613 0
57.9479637146 1202.40258789 0
58.1116828918 1202.23706055 0
58.2033615112 1202.14233398 0
58.2776184082 1202.0645752 0
58.5409622192 1201.77453613 0
58.8026657104 1201.46118164 0
58.9536437988 1201.26672363 0
59.0404129028 1201.15185547 0
59.1510124207 1201.00708008 0
59.2574577332 1200.8659668 0
59.3912315369 1200.68359375 0
59.4685974121 1200.57543945 0
59.6192054749 1200.35571289 0
59.6643409729 1200.28686523 0
59.7440872192 1200.16137695 0
59.8566932678 1199.97351074 0
59.940612793 1199.82617188 0
60.0188293457 1199.68261719 0
60.0985183716 1199.52819824 0
60.1717453003 1199.3762207 0
60.2333221436 1199.23937988 0
60.300907135 1199.07678223 0
60.3570861816 1198.92749023 0
60.4177703857 1198.74804688 0
60.4550704956 1198.62512207 0
60.4981689453 1198.46203613 0
60.5577659607 1198.17700195 0
60.5836982727 1198.00427246 0
60.6100692749 1197.72033691 0
60.6154556274 1197.56176758 0
60.6155357361 1197.29174805 0
60.6132545471 1197.12695312 0
60.6105918884 1197.04064941 0
60.5997619629 1196.83361816 0
60.5862846375 1196.66271973 0
60.5782394409 1196.57788086 0
60.549118042 1196.32421875 0
60.475982666 1195.80883789 0
60.4581375122 1195.68994141 0
60.4177246094 1195.42492676 0
60.3691825867 1195.12841797 0
60.3386573792 1194.96069336 0
60.32056427 1194.8659668 0
60.2767868042 1194.65979004 0
60.2341918945 1194.48815918 0
60.2129821777 1194.40893555 0
60.1438598633 1194.17370605 0
60.109703064 1194.06958008 0
60.0812072754 1193.98779297 0
60.0052909851 1193.78930664 0
59.9477157593 1193.65551758 0
59.9165687561 1193.58764648 0
59.8248329163 1193.39868164 0
59.7424430847 1193.23217773 0
59.6110687256 1192.98608398 0
59.5292358398 1192.84399414 0
59.3762969971 1192.59692383 0
59.3021125793 1192.48400879 0
59.2405700684 1192.39208984 0
59.1275939941 1192.22521973 0
59.0405807495 1192.09790039 0
58.9718704224 1191.9979248 0
58.8584136963 1191.83312988 0
58.7703475952 1191.7043457 0
58.7035903931 1191.60424805 0
58.5937232971 1191.43493652 0
58.5201721191 1191.31591797 0
58.412689209 1191.14025879 0
58.2674713135 1190.90527344 0
58.0719909668 1190.57214355 0
57.9839515686 1190.41625977 0
57.9482345581 1190.35253906 0
57.8140678406 1190.11083984 0
57.7610321045 1190.01452637 0
57.7145690918 1189.92993164 0
57.5973320007 1189.71582031 0
57.5197677612 1189.57324219 0
57.484085083 1189.50756836 0
57.3614807129 1189.28198242 0
57.2626953125 1189.09997559 0
57.1111106873 1188.8215332 0
57.0400352478 1188.6953125 0
56.9737548828 1188.58032227 0
56.8677940369 1188.39758301 0
56.7855911255 1188.25402832 0
56.7233200073 1188.14648438 0
56.6568527222 1188.03295898 0
56.5200042725 1187.80212402 0
56.4714393616 1187.72070312 0
56.3530502319 1187.52355957 0
56.2644729614 1187.37670898 0
56.2154693604 1187.29577637 0
56.1338348389 1187.16040039 0
55.9877853394 1186.91040039 0
55.8527565002 1186.66931152 0
55.7481269836 1186.48120117 0
55.6983413696 1186.39111328 0
55.5849380493 1186.18139648 0
55.5437088013 1186.10339355 0
55.4520149231 1185.92602539 0
55.3480949402 1185.72045898 0
55.2656326294 1185.55493164 0
55.2210769653 1185.46484375 0
55.1149406433 1185.24926758 0
55.0281982422 1185.07189941 0
54.8863754272 1184.78088379 0
54.7890319824 1184.58056641 0
54.6982650757 1184.39367676 0
54.6323204041 1184.25769043 0
54.5547714233 1184.09790039 0
54.463142395 1183.90917969 0
54.3880081177 1183.75415039 0
54.3048400879 1183.58276367 0
54.2169914246 1183.4017334 0
54.1728515625 1183.31079102 0
54.0567016602 1183.07141113 0
53.9727096558 1182.89819336 0
53.9238052368 1182.79919434 0
53.8015289307 1182.5579834 0
53.7153396606 1182.39025879 0
53.6704292297 1182.30151367 0
53.5254821777 1182.01831055 0
53.458732605 1181.890625 0
53.4135093689 1181.80517578 0
53.2553100586 1181.51135254 0
53.1903381348 1181.39257812 0
53.1421890259 1181.30505371 0
53.0006332397 1181.04968262 0
52.913269043 1180.89306641 0
52.8614845276 1180.80053711 0
52.7196121216 1180.54760742 0
52.6005249023 1180.3359375 0
52.5312423706 1180.21289062 0
52.4188346863 1180.01330566 0
52.3382759094 1179.87036133 0
52.26537323 1179.7409668 0
52.1382522583 1179.51538086 0
52.0445022583 1179.34912109 0
51.9707260132 1179.21826172 0
51.8466835022 1178.99816895 0
51.7490997314 1178.82495117 0
51.6824035645 1178.70666504 0
51.3598861694 1178.13476562 0
51.2910995483 1178.01281738 0
51.1735229492 1177.80444336 0
51.0816879272 1177.6418457 0
51.0110702515 1177.51672363 0
50.884311676 1177.29199219 0
50.7845878601 1177.11523438 0
50.6640319824 1176.90161133 0
50.5828933716 1176.75793457 0
50.472618103 1176.5625 0
50.3617477417 1176.3659668 0
50.2835884094 1176.22753906 0
50.1713027954 1176.02868652 0
50.0879745483 1175.88110352 0
49.983291626 1175.69555664 0
49.8799705505 1175.51269531 0
49.8226051331 1175.41101074 0
49.682510376 1175.1628418 0
49.5762138367 1174.97460938 0
49.5151405334 1174.86645508 0
49.3481636047 1174.57067871 0
49.2690315247 1174.43054199 0
49.164276123 1174.24499512 0
49.0441741943 1174.0324707 0
48.9704704285 1173.9017334 0
48.9192390442 1173.81103516 0
48.7639007568 1173.5357666 0
48.6680908203 1173.36608887 0
48.5652160645 1173.18383789 0
48.4592285156 1172.99609375 0
48.3637809753 1172.82714844 0
48.3130569458 1172.73730469 0
48.1552429199 1172.45751953 0
48.033164978 1172.24121094 0
47.9618148804 1172.11474609 0
47.9000167847 1172.00512695 0
47.83984375 1171.89855957 0
47.5871276855 1171.45092773 0
47.4780082703 1171.25756836 0
47.3837852478 1171.09057617 0
47.2586669922 1170.86877441 0
47.1873703003 1170.74243164 0
47.069480896 1170.5333252 0
46.9565429688 1170.33300781 0
46.8802642822 1170.19763184 0
46.7615432739 1169.98718262 0
46.6468048096 1169.78356934 0
46.5783462524 1169.66210938 0
46.4618186951 1169.45544434 0
46.3466758728 1169.25109863 0
46.2728729248 1169.12023926 0
46.1623878479 1168.92419434 0
46.0300598145 1168.6895752 0
45.8486022949 1168.36767578 0
45.7235946655 1168.14599609 0
45.5344657898 1167.81054688 0
45.4261398315 1167.61828613 0
45.2387161255 1167.28588867 0
45.1419334412 1167.11437988 0
45.0705070496 1166.9876709 0
44.9414901733 1166.7590332 0
44.8255348206 1166.55334473 0
44.7667617798 1166.44909668 0
44.6374015808 1166.21972656 0
44.5392837524 1166.04394531 0
44.494392395 1165.96154785 0
44.3416366577 1165.68493652 0
44.2288551331 1165.48144531 0
44.0449676514 1165.14709473 0
43.9412307739 1164.95703125 0
43.8983383179 1164.87805176 0
43.8202705383 1164.73413086 0
43.6947517395 1164.50219727 0
43.4843940735 1164.11218262 0
43.2391281128 1163.65625 0
43.1833229065 1163.55249023 0
43.0455245972 1163.29614258 0
42.9494094849 1163.1171875 0
42.8924827576 1163.01123047 0
42.7574768066 1162.76013184 0
42.6522674561 1162.56445312 0
42.5987701416 1162.46496582 0
42.4627227783 1162.21179199 0
42.3601913452 1162.02099609 0
42.3064842224 1161.92114258 0
42.1457862854 1161.62194824 0
42.0695762634 1161.48022461 0
41.9668769836 1161.2890625 0
41.8488769531 1161.06958008 0
41.7776145935 1160.93701172 0
41.6761169434 1160.74804688 0
41.5879020691 1160.58398438 0
41.4923095703 1160.40600586 0
41.3871536255 1160.21044922 0
41.2931900024 1160.0357666 0
41.1947784424 1159.8527832 0
41.0974807739 1159.671875 0
41.000579834 1159.49145508 0
40.9079780579 1159.31921387 0
40.8037910461 1159.12536621 0
40.7082672119 1158.94775391 0
40.5860595703 1158.72045898 0
40.5159378052 1158.58996582 0
40.4047164917 1158.38317871 0
40.2907791138 1158.17138672 0
40.2234458923 1158.04614258 0
40.1146202087 1157.84399414 0
39.9996643066 1157.63024902 0
39.9281463623 1157.49731445 0
39.81665802 1157.29016113 0
39.7267723083 1157.12304688 0
39.6563568115 1156.99206543 0
39.3860015869 1156.48950195 0
39.3284339905 1156.38244629 0
39.2422180176 1156.22229004 0
39.1015319824 1155.96081543 0
39.056968689 1155.87792969 0
38.9539451599 1155.68664551 0
38.8541603088 1155.5012207 0
38.7589874268 1155.32446289 0
38.6632537842 1155.14660645 0
38.5618286133 1154.95812988 0
38.4599647522 1154.76904297 0
38.3703727722 1154.60266113 0
38.2636299133 1154.4041748 0
38.1698951721 1154.22998047 0
38.0486297607 1154.0045166 0
37.9764900208 1153.8704834 0
37.8640365601 1153.66149902 0
37.7753334045 1153.4967041 0
37.6839103699 1153.3269043 0
37.5812034607 1153.13598633 0
37.4856643677 1152.95849609 0
37.3657684326 1152.73583984 0
37.2932434082 1152.60107422 0
37.1797142029 1152.39013672 0
37.0695495605 1152.1854248 0
36.999206543 1152.0546875 0
36.8854446411 1151.84338379 0
36.7771263123 1151.64208984 0
36.7026443481 1151.50378418 0
36.5952224731 1151.30419922 0
36.5078353882 1151.1418457 0
36.4123268127 1150.96435547 0
36.3096160889 1150.7734375 0
36.213142395 1150.59423828 0
36.1161460876 1150.41394043 0
36.011844635 1150.22009277 0
35.9199485779 1150.04943848 0
35.799911499 1149.82629395 0
35.4750061035 1149.22216797 0
35.4086608887 1149.09887695 0
35.2932662964 1148.88439941 0
35.2050857544 1148.72045898 0
35.1378059387 1148.59545898 0
35.0088691711 1148.35571289 0
34.9112701416 1148.17419434 0
34.8461875916 1148.05334473 0
34.7183151245 1147.8157959 0
34.6203384399 1147.63391113 0
34.5013923645 1147.41271973 0
34.4302101135 1147.28039551 0
34.3188056946 1147.07324219 0
34.2103767395 1146.8717041 0
34.1316108704 1146.72509766 0
34.0267486572 1146.53027344 0
33.939491272 1146.3684082 0
33.8442802429 1146.19177246 0
33.7357978821 1145.99060059 0
33.6433410645 1145.81933594 0
33.5450363159 1145.63757324 0
33.444278717 1145.45141602 0
33.3476257324 1145.27270508 0
33.2543830872 1145.10021973 0
33.1470222473 1144.90136719 0
33.0542869568 1144.72900391 0
32.9282989502 1144.49377441 0
32.8566131592 1144.35998535 0
32.7531700134 1144.16723633 0
32.6399116516 1143.9564209 0
32.5626792908 1143.81274414 0
32.4612236023 1143.62402344 0
32.3488082886 1143.41503906 0
32.2703437805 1143.26904297 0
32.1674995422 1143.07800293 0
32.0783424377 1142.91210938 0
31.9799213409 1142.72912598 0
31.9224643707 1142.62219238 0
31.6665687561 1142.14611816 0
31.6274394989 1142.07324219 0
31.3731613159 1141.60009766 0
31.2914619446 1141.44799805 0
31.1808319092 1141.24194336 0
31.0880794525 1141.06933594 0
30.9698066711 1140.84924316 0
30.8964042664 1140.71264648 0
30.7832565308 1140.5020752 0
30.6968708038 1140.34130859 0
30.5917663574 1140.14575195 0
30.5010604858 1139.97692871 0
30.4050884247 1139.79846191 0
30.2842350006 1139.5736084 0
30.2058105469 1139.42773438 0
30.1020565033 1139.23474121 0
29.9932136536 1139.03234863 0
29.9138870239 1138.88476562 0
29.8122253418 1138.69555664 0
29.7654190063 1138.60864258 0
29.6208496094 1138.33959961 0
29.5231075287 1138.15771484 0
29.4033203125 1137.93481445 0
29.3285484314 1137.7956543 0
29.213848114 1137.58227539 0
29.1366386414 1137.43847656 0
29.0338611603 1137.24731445 0
28.9328346252 1137.05944824 0
28.8370056152 1136.88134766 0
28.7454071045 1136.71118164 0
28.6360740662 1136.50793457 0
28.5455665588 1136.33984375 0
28.4312324524 1136.12731934 0
28.3505935669 1135.97753906 0
28.2405281067 1135.77307129 0
28.1331710815 1135.57373047 0
28.0489711761 1135.41723633 0
28.0027561188 1135.3314209 0
27.9542655945 1135.24133301 0
27.8388900757 1135.02709961 0
27.6401424408 1134.65808105 0
27.5462226868 1134.48364258 0
27.4842605591 1134.36865234 0
27.3471603394 1134.11401367 0
27.2426204681 1133.92004395 0
27.1999607086 1133.84082031 0
27.0560092926 1133.5736084 0
26.95154953 1133.37963867 0
26.8981742859 1133.28063965 0
26.7670192719 1133.03710938 0
26.6555023193 1132.83007812 0
26.607875824 1132.74169922 0
26.4464492798 1132.4420166 0
26.3737640381 1132.30712891 0
26.319896698 1132.20727539 0
26.1479568481 1131.88806152 0
26.0784950256 1131.75927734 0
26.0260658264 1131.6619873 0
25.8569564819 1131.3482666 0
25.7858181 1131.21630859 0
25.7301712036 1131.11303711 0
25.5885829926 1130.85021973 0
25.4834098816 1130.65478516 0
25.4426193237 1130.57910156 0
25.2916355133 1130.29858398 0
25.1947174072 1130.11853027 0
25.14427948 1130.02490234 0
24.9981441498 1129.75341797 0
24.884267807 1129.54187012 0
24.6955833435 1129.19140625 0
24.6078224182 1129.02832031 0
24.5340232849 1128.89111328 0
24.4088001251 1128.65844727 0
24.3143863678 1128.48303223 0
24.2639160156 1128.38916016 0
24.1207141876 1128.1229248 0
24.012512207 1127.92150879 0
23.8364715576 1127.59411621 0
23.7765541077 1127.48254395 0
23.6600532532 1127.26599121 0
23.6127548218 1127.17797852 0
23.4514636993 1126.87805176 0
23.3830184937 1126.75073242 0
23.3257884979 1126.64428711 0
23.1591510773 1126.33435059 0
23.0850639343 1126.1965332 0
23.0289878845 1126.09228516 0
22.8870658875 1125.82836914 0
22.7914123535 1125.65039062 0
22.7438812256 1125.56201172 0
22.5918712616 1125.27941895 0
22.5017433167 1125.11193848 0
22.4476013184 1125.01135254 0
22.2997741699 1124.73657227 0
22.1754074097 1124.50537109 0
22.0019073486 1124.18286133 0
21.8854656219 1123.96643066 0
21.7071838379 1123.63500977 0
21.6174106598 1123.46813965 0
21.5437355042 1123.33117676 0
21.4167556763 1123.09509277 0
21.3222522736 1122.91955566 0
21.2595291138 1122.80297852 0
21.1289272308 1122.56018066 0
21.0293312073 1122.375 0
20.9819526672 1122.28710938 0
20.8304405212 1122.00537109 0
20.730556488 1121.81982422 0
20.6887493134 1121.74206543 0
20.5467376709 1121.47814941 0
20.439250946 1121.27832031 0
20.3848114014 1121.17724609 0
20.2499141693 1120.92675781 0
20.1460762024 1120.73388672 0
20.0902309418 1120.63012695 0
19.9817123413 1120.4284668 0
19.7902450562 1120.07263184 0
19.5441551208 1119.61535645 0
19.4902801514 1119.51513672 0
19.3418197632 1119.23925781 0
19.2230205536 1119.01831055 0
19.0922851562 1118.77539062 0
19.0457611084 1118.68884277 0
18.9313526154 1118.47631836 0
18.8581027985 1118.34020996 0
18.7461490631 1118.13244629 0
18.6587486267 1117.97033691 0
18.5635204315 1117.79345703 0
18.4583091736 1117.59790039 0
18.3660812378 1117.42651367 0
18.2154769897 1117.14672852 0
18.1161556244 1116.9621582 0
18.0640850067 1116.86535645 0
17.9775066376 1116.70446777 0
17.8788223267 1116.52099609 0
17.7791500092 1116.3359375 0
17.60987854 1116.0213623 0
17.4796257019 1115.77929688 0
17.389339447 1115.6114502 0
17.2695827484 1115.38891602 0
17.1933326721 1115.24719238 0
17.0874843597 1115.0501709 0
16.9697532654 1114.83129883 0
16.8992996216 1114.70019531 0
16.7956695557 1114.50744629 0
16.7010421753 1114.33154297 0
16.6076049805 1114.15771484 0
16.5115795135 1113.97912598 0
16.410654068 1113.79138184 0
16.295124054 1113.57653809 0
16.216468811 1113.43017578 0
16.1630210876 1113.33081055 0
16.1083183289 1113.22912598 0
15.9148235321 1112.8692627 0
15.6821422577 1112.43640137 0
15.5886573792 1112.26257324 0
15.4944438934 1112.08728027 0
15.4006996155 1111.91308594 0
15.2849082947 1111.69750977 0
15.2073945999 1111.55224609 0
15.1161031723 1111.38061523 0
15.0139169693 1111.1895752 0
14.9438648224 1111.05895996 0
14.8966197968 1110.97094727 0
14.7732086182 1110.74145508 0
14.6901836395 1110.58740234 0
14.6112298965 1110.44091797 0
14.5326871872 1110.29516602 0
14.4401931763 1110.12329102 0
14.3786478043 1110.00891113 0
14.3000421524 1109.86279297 0
14.2163162231 1109.70715332 0
14.1661634445 1109.61401367 0
14.0877799988 1109.46801758 0
14.0101566315 1109.3236084 0
13.9631252289 1109.23632812 0
13.8919506073 1109.10400391 0
13.8353948593 1108.9987793 0
13.7722244263 1108.88122559 0
13.7108211517 1108.76696777 0
13.6559991837 1108.66491699 0
13.6143074036 1108.58752441 0
13.5451316833 1108.45910645 0
13.4985256195 1108.37280273 0
13.4483709335 1108.28027344 0
13.3866834641 1108.16711426 0
13.3466272354 1108.09448242 0
