935575.222928 1915951.04926 4
935575.039839 1915951.1607 4
935574.86284 1915951.25894 4
935574.679527 1915951.36074 4
935574.484154 1915951.47052 4
935574.296621 1915951.57555 4
935574.097988 1915951.68699 4
935573.900145 1915951.79771 4
935573.706719 1915951.90569 4
935573.528719 1915952.00526 4
935573.34331 1915952.10885 4
935573.155586 1915952.21388 4
935572.985697 1915952.33175 4
935572.831841 1915952.46013 4
935572.695124 1915952.60721 4
935572.555034 1915952.76888 4
935572.418464 1915952.93122 4
935572.297537 1915953.09624 4
935572.174843 1915953.26087 4
935572.042595 1915953.44097 4
935571.917795 1915953.6124 4
935571.795534 1915953.77973 4
935571.668062 1915953.94001 4
935571.514214 1915954.09316 4
935571.332997 1915954.241 4
935571.152491 1915954.36579 4
935570.966288 1915954.49109 4
935570.7843 1915954.60621 4
935570.591507 1915954.72556 4
935570.418334 1915954.83044 4
935570.24686 1915954.93475 4
935570.049146 1915955.04694 4
935569.858964 1915955.15741 4
935569.653114 1915955.27399 4
935569.465168 1915955.37986 4
935569.277068 1915955.48573 4
935569.083053 1915955.59432 4
935568.895368 1915955.69885 4
935568.715482 1915955.79973 4
935568.522576 1915955.90833 4
935568.345314 1915956.00852 4
935568.167024 1915956.10832 4
935567.963947 1915956.22177 4
935567.775186 1915956.32848 4
935567.574717 1915956.44197 4
935567.374219 1915956.55485 4
935567.198141 1915956.65395 4
935566.993361 1915956.7692 4
935566.805174 1915956.87507 4
935566.593665 1915956.99412 4
935566.412267 1915957.0968 4
935566.235625 1915957.19321 4
935566.048877 1915957.29081 4
935565.831622 1915957.40952 4
935565.652541 1915957.51395 4
935565.465327 1915957.61691 4
935565.28588 1915957.71706 4
935565.088514 1915957.82657 4
935564.903534 1915957.92956 4
935564.726374 1915958.02828 4
935564.526519 1915958.13458 4
935564.350025 1915958.23124 4
935564.169359 1915958.32868 4
935563.985966 1915958.42804 4
935563.809581 1915958.52385 4
935563.629547 1915958.6213 4
935563.449563 1915958.71852 4
935563.254908 1915958.82343 4
935563.063006 1915958.92717 4
935562.886561 1915959.02273 4
935562.707183 1915959.11971 4
935562.519039 1915959.22119 4
935562.332384 1915959.32233 4
935562.150848 1915959.42049 4
935561.973779 1915959.51543 4
935561.79164 1915959.61505 4
935561.57677 1915959.73222 4
935561.395619 1915959.83161 4
935561.169443 1915959.95421 4
935560.989514 1915960.05154 4
935560.751625 1915960.17981 4
935560.573103 1915960.27644 4
935560.37686 1915960.38267 4
935560.19717 1915960.47964 4
935559.998898 1915960.5856 4
935559.817696 1915960.68389 4
935559.609178 1915960.79774 4
935559.400152 1915960.9117 4
935559.213373 1915961.0132 4
935559.021488 1915961.11804 4
935558.833483 1915961.22061 4
935558.623465 1915961.33529 4
935558.440346 1915961.43538 4
935558.245361 1915961.54188 4
935558.049366 1915961.6486 4
935557.856344 1915961.75415 4
935557.66811 1915961.85746 4
935557.477665 1915961.96073 4
935557.28215 1915962.06746 4
935557.08286 1915962.17706 4
935556.868303 1915962.29374 4
935556.678033 1915962.39677 4
935556.500441 1915962.4939 4
935556.316606 1915962.59423 4
935556.111232 1915962.70581 4
935555.924732 1915962.80463 4
935555.721837 1915962.91307 4
935555.532637 1915963.01355 4
935555.313288 1915963.12918 4
935555.131594 1915963.22478 4
935554.951117 1915963.31967 4
935554.759343 1915963.4206 4
935554.556672 1915963.52746 4
935554.356632 1915963.63388 4
935554.176175 1915963.7306 4
935553.999649 1915963.82567 4
