935575.452875 1915951.21777 4
935575.273877 1915951.31536 4
935575.089454 1915951.41544 4
935574.906178 1915951.51297 4
935574.724975 1915951.6115 4
935574.547807 1915951.70742 4
935574.368544 1915951.8044 4
935574.192147 1915951.89972 4
935574.014474 1915951.99551 4
935573.836547 1915952.0919 4
935573.656888 1915952.18448 4
935573.47917 1915952.27612 4
935573.284306 1915952.35235 4
935573.090528 1915952.40944 4
935572.868864 1915952.45718 4
935572.66587 1915952.49057 4
935572.464153 1915952.5274 4
935572.249576 1915952.56281 4
935572.036627 1915952.59507 4
935571.825032 1915952.63003 4
935571.62201 1915952.6755 4
935571.426656 1915952.71939 4
935571.221218 1915952.7708 4
935571.026013 1915952.82433 4
935570.824052 1915952.89215 4
935570.627145 1915952.96067 4
935570.435483 1915953.03695 4
935570.24226 1915953.11748 4
935570.045973 1915953.20101 4
935569.852922 1915953.2846 4
935569.665789 1915953.36583 4
935569.479283 1915953.44671 4
935569.293761 1915953.53078 4
935569.112258 1915953.61626 4
935568.932418 1915953.70652 4
935568.752364 1915953.79641 4
935568.567983 1915953.88953 4
935568.386097 1915953.98207 4
935568.203184 1915954.07424 4
935568.023117 1915954.16632 4
935567.82947 1915954.26613 4
935567.648423 1915954.35869 4
935567.468023 1915954.45089 4
935567.280923 1915954.54616 4
935567.096166 1915954.64257 4
935566.915933 1915954.736 4
935566.727147 1915954.83319 4
935566.534886 1915954.93143 4
935566.35522 1915955.02377 4
935566.163422 1915955.12239 4
935565.97554 1915955.21838 4
935565.786057 1915955.31507 4
935565.606942 1915955.40535 4
935565.416413 1915955.50215 4
935565.232051 1915955.59527 4
935565.051252 1915955.68685 4
935564.850458 1915955.78691 4
935564.660685 1915955.88507 4
935564.470641 1915955.98225 4
935564.261181 1915956.09059 4
935564.081911 1915956.18244 4
935563.900333 1915956.27463 4
935563.719913 1915956.36634 4
935563.532226 1915956.46209 4
935563.345295 1915956.56066 4
935563.162921 1915956.65784 4
935562.97574 1915956.75628 4
935562.792035 1915956.85368 4
935562.614232 1915956.94776 4
935562.433762 1915957.04338 4
935562.247607 1915957.14257 4
935562.054304 1915957.24543 4
935561.857463 1915957.35116 4
935561.680138 1915957.44659 4
935561.502009 1915957.54322 4
935561.321038 1915957.64066 4
935561.13982 1915957.7392 4
935560.954316 1915957.84011 4
935560.772728 1915957.93986 4
935560.586454 1915958.04173 4
935560.382849 1915958.15505 4
935560.190024 1915958.26194 4
935560.012964 1915958.35994 4
935559.820291 1915958.46708 4
935559.642185 1915958.56493 4
935559.46257 1915958.66288 4
935559.28004 1915958.76409 4
935559.102912 1915958.86159 4
935558.899315 1915958.97344 4
935558.703346 1915959.08114 4
935558.500243 1915959.19263 4
935558.308711 1915959.29808 4
935558.096662 1915959.4148 4
935557.910859 1915959.51705 4
935557.701384 1915959.63234 4
935557.499936 1915959.74313 4
935557.304928 1915959.8506 4
935557.126626 1915959.94894 4
935556.926189 1915960.05925 4
935556.749485 1915960.15664 4
935556.558876 1915960.26162 4
935556.369648 1915960.36577 4
935556.1797 1915960.47063 4
935555.993384 1915960.57348 4
935555.808061 1915960.67549 4
935555.621772 1915960.77834 4
935555.421072 1915960.88877 4
935555.244966 1915960.98605 4
935555.065624 1915961.08486 4
935554.882604 1915961.18569 4
935554.686176 1915961.29375 4
935554.489705 1915961.40205 4
935554.311978 1915961.49979 4
935554.136779 1915961.59659 4
935553.941145 1915961.70503 4
935553.762137 1915961.80372 4
935553.575159 1915961.90668 4
935553.396237 1915962.00477 4
