35.2791519165 1158.07678223 0
35.214466095 1158.11413574 0
35.1471595764 1158.15356445 0
35.054523468 1158.2076416 0
34.9764404297 1158.25317383 0
34.890625 1158.30297852 0
34.8187255859 1158.3449707 0
34.7507171631 1158.38439941 0
34.6808738708 1158.4251709 0
34.6177940369 1158.46203613 0
34.506401062 1158.52709961 0
34.4320144653 1158.57067871 0
34.305355072 1158.64477539 0
34.2062644958 1158.70263672 0
34.0873794556 1158.77197266 0
33.9742126465 1158.8380127 0
33.8688011169 1158.89941406 0
33.8010482788 1158.93896484 0
33.7341194153 1158.97802734 0
33.61170578 1159.04943848 0
33.5507087708 1159.08496094 0
33.4834823608 1159.12426758 0
33.4137954712 1159.16503906 0
33.3452377319 1159.20507812 0
33.2536582947 1159.25866699 0
33.1180648804 1159.3380127 0
33.0290565491 1159.39001465 0
32.8893737793 1159.47167969 0
32.8126449585 1159.51660156 0
32.7320022583 1159.5637207 0
32.6555786133 1159.60839844 0
32.5669593811 1159.66015625 0
32.4647865295 1159.7199707 0
32.3954353333 1159.76049805 0
32.2984161377 1159.81713867 0
32.201259613 1159.8737793 0
32.1288490295 1159.9161377 0
32.03074646 1159.97338867 0
31.9206066132 1160.03771973 0
31.8559494019 1160.07556152 0
31.7461891174 1160.13964844 0
31.6587581635 1160.19091797 0
31.4113082886 1160.33544922 0
31.2636909485 1160.421875 0
31.1854820251 1160.46765137 0
31.0744628906 1160.5324707 0
30.9783859253 1160.58862305 0
30.870426178 1160.65161133 0
30.7655296326 1160.7130127 0
30.651096344 1160.77978516 0
30.5482368469 1160.83984375 0
30.4317493439 1160.90808105 0
30.317029953 1160.97509766 0
30.2126255035 1161.03625488 0
30.0881958008 1161.10876465 0
29.97382164 1161.17553711 0
29.8296298981 1161.25976562 0
29.7434806824 1161.31005859 0
29.601852417 1161.39282227 0
29.4718589783 1161.46875 0
29.3797302246 1161.52246094 0
29.2369880676 1161.60583496 0
29.1228561401 1161.67260742 0
29.0278015137 1161.72802734 0
28.86860466 1161.82128906 0
28.7475776672 1161.89196777 0
28.6813831329 1161.93078613 0
28.4908332825 1162.04260254 0
28.3354492188 1162.13354492 0
28.0927257538 1162.27587891 0
27.9591941833 1162.35424805 0
27.8774814606 1162.40209961 0
27.6882553101 1162.51318359 0
27.5485649109 1162.59521484 0
27.467250824 1162.64294434 0
27.269153595 1162.75927734 0
27.1288261414 1162.84155273 0
27.0453186035 1162.890625 0
26.811088562 1163.02819824 0
26.7055091858 1163.09008789 0
26.3676795959 1163.28845215 0
26.2783164978 1163.34106445 0
26.1070308685 1163.44165039 0
25.9753761292 1163.51904297 0
25.7750473022 1163.63671875 0
25.6710071564 1163.69775391 0
25.5954322815 1163.7421875 0
25.362663269 1163.87890625 0
25.2156238556 1163.96520996 0
25.052740097 1164.06091309 0
24.9077224731 1164.14599609 0
24.7081623077 1164.26318359 0
24.6011009216 1164.3260498 0
24.4252166748 1164.42944336 0
24.2481689453 1164.53344727 0
24.1317253113 1164.60180664 0
23.9544048309 1164.70605469 0
23.7658691406 1164.81689453 0
23.4726066589 1164.98925781 0
23.3280582428 1165.07421875 0
23.2177200317 1165.13903809 0
22.9953308105 1165.26977539 0
22.842748642 1165.35949707 0
22.7649459839 1165.40527344 0
22.528678894 1165.54418945 0
22.3537540436 1165.64697266 0
22.0680809021 1165.81628418 0
21.9124565125 1165.90820312 0
21.6445446014 1166.06616211 0
21.499835968 1166.15136719 0
21.2541790009 1166.29577637 0
21.1255950928 1166.37133789 0
21.0518531799 1166.41491699 0
20.8879680634 1166.5111084 0
20.7667045593 1166.58239746 0
20.6958503723 1166.62414551 0
20.5928459167 1166.68457031 0
20.3933448792 1166.80200195 0
20.2499408722 1166.88635254 0
20.1473617554 1166.94665527 0
20.0304584503 1167.01550293 0
19.9134254456 1167.08398438 0
19.7712650299 1167.16760254 0
19.6855583191 1167.21789551 0
19.5496940613 1167.29748535 0
19.4079208374 1167.38012695 0
19.3225002289 1167.43017578 0
19.1838989258 1167.51135254 0
19.0637435913 1167.58166504 0
18.9486370087 1167.64916992 0
18.8184776306 1167.7253418 0
18.6939716339 1167.79833984 0
18.5395011902 1167.88891602 0
18.4415187836 1167.94628906 0
18.2916755676 1168.03417969 0
18.1856193542 1168.09643555 0
18.0561332703 1168.17236328 0
17.9279708862 1168.24755859 0
17.8089523315 1168.31738281 0
17.6973266602 1168.38244629 0
17.5791130066 1168.45153809 0
17.4715652466 1168.51464844 0
17.3364334106 1168.59399414 0
17.2594089508 1168.63916016 0
17.1510925293 1168.70263672 0
17.0533294678 1168.76000977 0
16.9555358887 1168.81738281 0
16.8575019836 1168.875 0
16.7517318726 1168.93725586 0
16.6569538116 1168.99267578 0
16.547252655 1169.05712891 0
16.4433326721 1169.11816406 0
16.312166214 1169.19506836 0
16.2343826294 1169.24072266 0
16.1077709198 1169.3145752 0
15.9879732132 1169.38452148 0
15.5649700165 1169.63256836 0
15.3520803452 1169.75756836 0
15.2500772476 1169.81750488 0
15.1642417908 1169.86791992 0
15.0142431259 1169.95605469 0
14.9143800735 1170.01464844 0
14.6980934143 1170.1418457 0
14.5789890289 1170.21191406 0
14.3983478546 1170.31811523 0
14.2506389618 1170.40454102 0
14.123418808 1170.47900391 0
14.0205554962 1170.5390625 0
13.8499660492 1170.63891602 0
13.7623634338 1170.69006348 0
13.5695056915 1170.80297852 0
13.478053093 1170.85656738 0
13.2864627838 1170.96887207 0
13.12591362 1171.06298828 0
12.9686527252 1171.15515137 0
12.8339614868 1171.23400879 0
12.659070015 1171.33642578 0
12.5715837479 1171.38757324 0
12.3392591476 1171.5234375 0
12.1979818344 1171.60620117 0
12.0381698608 1171.6998291 0
11.9518756866 1171.75024414 0
11.8609895706 1171.8034668 0
11.7482872009 1171.86950684 0
11.4679508209 1172.03369141 0
11.4022827148 1172.07214355 0
11.2247905731 1172.17626953 0
11.068230629 1172.26782227 0
10.9862422943 1172.31591797 0
10.8519248962 1172.39453125 0
10.7357635498 1172.46252441 0
10.618935585 1172.53100586 0
10.4893856049 1172.60668945 0
10.3610210419 1172.68188477 0
10.210943222 1172.76977539 0
10.1059484482 1172.83129883 0
9.96355056763 1172.91625977 0
9.82888793945 1172.99951172 0
9.72416114807 1173.06555176 0
9.59798145294 1173.14758301 0
9.46580219269 1173.23718262 0
9.36851978302 1173.30200195 0
9.23920440674 1173.38977051 0
9.10242462158 1173.48535156 0
9.0065908432 1173.55371094 0
8.87801361084 1173.64807129 0
8.7472858429 1173.7487793 0
8.65264320374 1173.82409668 0
8.52884578705 1173.92333984 0
8.43354415894 1173.99914551 0
8.31298446655 1174.09716797 0
8.20370292664 1174.18835449 0
8.09884357452 1174.27783203 0
7.99514293671 1174.36743164 0
7.88815879822 1174.46228027 0
7.79841327667 1174.54223633 0
7.68191480637 1174.64575195 0
7.6024684906 1174.71630859 0
7.51104927063 1174.79760742 0
7.40158414841 1174.89477539 0
7.34040117264 1174.94909668 0
7.24902057648 1175.03015137 0
7.16992521286 1175.10009766 0
7.10801029205 1175.1550293 0
6.99776172638 1175.25256348 0
6.84097766876 1175.39135742 0
6.75154876709 1175.46984863 0
6.67751407623 1175.5333252 0
6.72993087769 1175.48608398 0
6.78356456757 1175.43786621 0
