34.1227645874 1146.9876709 0
34.0159568787 1146.78649902 0
33.9087791443 1146.58544922 0
33.7903213501 1146.36291504 0
33.6863708496 1146.16772461 0
33.5505218506 1145.91333008 0
33.4508056641 1145.72583008 0
33.352722168 1145.54101562 0
33.2497711182 1145.34680176 0
33.139881134 1145.13867188 0
33.0242156982 1144.91845703 0
32.9033241272 1144.68847656 0
32.8068237305 1144.50500488 0
32.6821899414 1144.26843262 0
32.5818939209 1144.07763672 0
32.4786300659 1143.88098145 0
32.3319282532 1143.6015625 0
32.234249115 1143.41589355 0
32.1099319458 1143.1796875 0
32.0070075989 1142.98400879 0
31.900844574 1142.78222656 0
31.777715683 1142.54797363 0
31.667881012 1142.33911133 0
31.5540046692 1142.12255859 0
31.429813385 1141.88671875 0
31.2390098572 1141.52392578 0
31.123796463 1141.30493164 0
30.9774208069 1141.02697754 0
30.841835022 1140.76940918 0
30.706319809 1140.51245117 0
30.5646362305 1140.24365234 0
30.4257526398 1139.98010254 0
30.2663879395 1139.67797852 0
30.126159668 1139.41223145 0
29.9883899689 1139.15087891 0
29.8489074707 1138.88623047 0
29.684595108 1138.5748291 0
29.529378891 1138.28076172 0
29.3580608368 1137.95617676 0
29.2561817169 1137.76318359 0
29.1443710327 1137.55212402 0
29.0089511871 1137.30615234 0
28.8936500549 1137.10351562 0
28.7600135803 1136.88305664 0
28.5395317078 1136.52001953 0
28.3915328979 1136.27624512 0
28.2376232147 1136.02685547 0
28.045753479 1135.73828125 0
27.874912262 1135.50097656 0
27.7313175201 1135.31982422 0
27.5695381165 1135.11364746 0
27.4336509705 1134.94921875 0
27.2915077209 1134.79125977 0
27.1463470459 1134.65100098 0
26.9827919006 1134.49975586 0
26.8055591583 1134.3371582 0
26.6245536804 1134.17919922 0
26.4602870941 1134.03955078 0
26.2979393005 1133.90234375 0
26.1252765656 1133.75585938 0
25.9719524384 1133.62561035 0
25.8112258911 1133.47509766 0
25.6683044434 1133.32189941 0
25.5160179138 1133.16833496 0
25.3704032898 1133.01477051 0
25.2422676086 1132.85449219 0
25.1168479919 1132.69482422 0
24.9832420349 1132.52270508 0
24.850189209 1132.34631348 0
24.7375259399 1132.17407227 0
24.6323642731 1131.99743652 0
24.5302219391 1131.81518555 0
24.4331111908 1131.63391113 0
24.3379192352 1131.45471191 0
24.2380504608 1131.27233887 0
24.1261386871 1131.0690918 0
24.0155029297 1130.86621094 0
23.9072437286 1130.66687012 0
23.7694034576 1130.41247559 0
23.6481266022 1130.18969727 0
23.5453300476 1130.00073242 0
23.4442405701 1129.8112793 0
23.3342018127 1129.60864258 0
23.2368888855 1129.43005371 0
23.1220283508 1129.23620605 0
22.9990768433 1129.02575684 0
22.8970031738 1128.85266113 0
22.7737922668 1128.64758301 0
22.6740951538 1128.47363281 0
22.5707302094 1128.30078125 0
22.4684276581 1128.12841797 0
22.346736908 1127.92138672 0
22.2452316284 1127.7421875 0
22.1440315247 1127.56665039 0
22.0428066254 1127.38879395 0
21.9402065277 1127.20751953 0
21.8411178589 1127.03320312 0
21.7227573395 1126.82629395 0
21.6203193665 1126.64733887 0
21.5193004608 1126.47045898 0
21.3897705078 1126.24377441 0
21.263715744 1126.02307129 0
21.163143158 1125.84716797 0
21.0181617737 1125.59301758 0
20.9035987854 1125.39233398 0
20.7603187561 1125.14099121 0
20.649772644 1124.9473877 0
20.505569458 1124.69494629 0
20.3896045685 1124.4921875 0
20.2735366821 1124.2878418 0
20.1584129333 1124.08508301 0
20.0507202148 1123.89648438 0
19.9220905304 1123.67138672 0
19.7944545746 1123.4486084 0
19.684425354 1123.25708008 0
19.5816173553 1123.07788086 0
19.4807224274 1122.8996582 0
19.3633956909 1122.69482422 0
19.2625617981 1122.51928711 0
19.1525440216 1122.32739258 0
19.0509529114 1122.15039062 0
18.9448661804 1121.96508789 0
18.8250274658 1121.75537109 0
18.6979141235 1121.53308105 0
18.5958824158 1121.35449219 0
18.4818916321 1121.15478516 0
18.3424777985 1120.91088867 0
18.236032486 1120.72436523 0
18.133228302 1120.54431152 0
17.9913749695 1120.29602051 0
17.8537063599 1120.05541992 0
17.7274780273 1119.83374023 0
17.6121082306 1119.63183594 0
17.5067520142 1119.4473877 0
17.3753852844 1119.21813965 0
17.275056839 1119.04272461 0
17.1681442261 1118.85620117 0
17.0437107086 1118.63964844 0
16.9464416504 1118.46435547 0
16.8340263367 1118.26538086 0
16.7258987427 1118.0736084 0
16.6206874847 1117.88647461 0
16.5201187134 1117.70727539 0
16.3666954041 1117.43322754 0
16.2497787476 1117.22436523 0
16.1458721161 1117.03857422 0
16.0415649414 1116.85217285 0
15.9227142334 1116.6394043 0
15.7990980148 1116.41796875 0
15.6617937088 1116.17285156 0
15.5432929993 1115.95849609 0
15.4132957458 1115.72460938 0
15.2854757309 1115.49584961 0
15.1760311127 1115.30041504 0
15.0780191422 1115.12548828 0
14.9559364319 1114.9083252 0
14.8231658936 1114.671875 0
14.7030010223 1114.45751953 0
14.5911712646 1114.25830078 0
14.4930210114 1114.07958984 0
14.3886041641 1113.89343262 0
14.2820692062 1113.70373535 0
14.1560630798 1113.47888184 0
14.0534076691 1113.2956543 0
13.9393463135 1113.09216309 0
13.8124580383 1112.8659668 0
13.7093238831 1112.6817627 0
13.5965995789 1112.48071289 0
13.4787302017 1112.27050781 0
13.3586950302 1112.05615234 0
13.2238349915 1111.81542969 0
13.0936145782 1111.58288574 0
12.9520645142 1111.32946777 0
12.8000621796 1111.05773926 0
12.6984930038 1110.86547852 0
12.5825824738 1110.62011719 0
12.4772186279 1110.34619141 0
12.3795261383 1110.07836914 0
12.3061923981 1109.85375977 0
12.2396030426 1109.63146973 0
12.1831226349 1109.43359375 0
12.124499321 1109.22460938 0
12.0593509674 1108.98901367 0
11.9735994339 1108.6763916 0
11.9104576111 1108.44519043 0
11.8494472504 1108.22229004 0
11.7729978561 1107.94348145 0
11.6704320908 1107.56970215 0
11.5794744492 1107.23828125 0
11.4989032745 1106.94458008 0
11.4213933945 1106.68286133 0
11.3575181961 1106.48413086 0
11.2314357758 1106.15478516 0
11.1509313583 1105.94995117 0
11.0270967484 1105.65405273 0
10.9408664703 1105.45532227 0
10.8566541672 1105.26599121 0
10.728726387 1105.00793457 0
10.6303920746 1104.80224609 0
10.5222043991 1104.57739258 0
10.4335603714 1104.39416504 0
10.3098516464 1104.15234375 0
10.2024259567 1103.94714355 0
10.1090764999 1103.76733398 0
10.0153026581 1103.5871582 0
9.91998958588 1103.40649414 0
9.82019996643 1103.21923828 0
9.71460819244 1103.02026367 0
9.61291980743 1102.82824707 0
9.49356842041 1102.60290527 0
9.38826942444 1102.40441895 0
9.29381084442 1102.2265625 0
