935650.531839 1916112.47027 3
935650.541622 1916112.69705 3
935650.550654 1916112.89903 3
935650.560556 1916113.12214 3
935650.569638 1916113.33353 3
935650.58017 1916113.56788 3
935650.592526 1916113.84118 3
935650.604705 1916114.11021 3
935650.615923 1916114.35714 3
935650.626143 1916114.58038 3
935650.637324 1916114.82097 3
935650.646576 1916115.02161 3
935650.656841 1916115.24583 3
935650.6666 1916115.46454 3
935650.677387 1916115.70305 3
935650.688837 1916115.95742 3
935650.700582 1916116.2173 3
935650.71086 1916116.44078 3
935650.720923 1916116.66621 3
935650.730344 1916116.87833 3
935650.740179 1916117.09888 3
935650.75093 1916117.3397 3
935650.763946 1916117.63193 3
935650.77349 1916117.84589 3
935650.78749 1916118.1579 3
935650.796633 1916118.36441 3
935650.80683 1916118.59106 3
935650.817867 1916118.83591 3
935650.828756 1916119.07759 3
935650.838748 1916119.30083 3
935650.849631 1916119.54482 3
935650.858586 1916119.74583 3
935650.867755 1916119.9527 3
935650.878191 1916120.18827 3
935650.894389 1916120.40782 3
935650.937437 1916120.63585 3
935650.977888 1916120.84578 3
935651.021929 1916121.05735 3
935651.090851 1916121.25821 3
935651.149217 1916121.45048 3
935651.218658 1916121.6638 3
935651.288971 1916121.87701 3
935651.35389 1916122.07353 3
935651.434562 1916122.31742 3
935651.511158 1916122.54903 3
935651.589154 1916122.78469 3
935651.668934 1916123.01269 3
935651.739037 1916123.20064 3
935651.816411 1916123.41396 3
935651.909258 1916123.6058 3
935651.995263 1916123.80584 3
935652.09582 1916124.02318 3
935652.206349 1916124.19847 3
935652.316564 1916124.39742 3
935652.420757 1916124.57407 3
935652.524599 1916124.74778 3
935652.632618 1916124.92937 3
935652.738675 1916125.10776 3
935652.859111 1916125.30956 3
935652.976547 1916125.50716 3
935653.093231 1916125.70219 3
935653.198015 1916125.87811 3
935653.304014 1916126.05723 3
935653.423644 1916126.25792 3
935653.547289 1916126.46514 3
935653.678853 1916126.68566 3
935653.792961 1916126.87674 3
935653.920638 1916127.09135 3
935654.036713 1916127.28722 3
935654.223909 1916127.60113 3
935654.341277 1916127.79727 3
935654.465441 1916128.00547 3
935654.589869 1916128.21429 3
935654.708609 1916128.41338 3
935654.833222 1916128.62208 3
935654.953905 1916128.82462 3
935655.090809 1916129.05474 3
935655.208538 1916129.24064 3
935655.329336 1916129.435 3
935655.449298 1916129.62532 3
935655.561238 1916129.80014 3
935655.676705 1916129.9805 3
935655.788045 1916130.1547 3
935655.899072 1916130.32841 3
935656.017061 1916130.51906 3
935656.125752 1916130.71506 3
935656.232286 1916130.89699 3
935656.337767 1916131.08953 3
935656.436227 1916131.26791 3
935656.514897 1916131.45721 3
935656.600888 1916131.65139 3
935656.693527 1916131.84189 3
935656.783863 1916132.03332 3
935656.873729 1916132.2217 3
935656.960647 1916132.40357 3
935657.047959 1916132.58654 3
935657.134291 1916132.76791 3
935657.224297 1916132.958 3
935657.310783 1916133.14022 3
935657.400568 1916133.32884 3
935657.485422 1916133.51971 3
935657.559331 1916133.70625 3
935657.629398 1916133.89358 3
935657.695301 1916134.0828 3
935657.753592 1916134.2769 3
935657.814698 1916134.4791 3
935657.867716 1916134.6719 3
935657.919446 1916134.88055 3
935657.970588 1916135.08869 3
935658.018357 1916135.29507 3
935658.056749 1916135.49728 3
935658.096405 1916135.69682 3
935658.134954 1916135.89781 3
935658.171798 1916136.09573 3
935658.205465 1916136.29578 3
935658.236647 1916136.50447 3
935658.263555 1916136.70369 3
935658.290009 1916136.90265 3
935658.318615 1916137.10446 3
935658.347447 1916137.30737 3
935658.374322 1916137.50964 3
935658.401594 1916137.71863 3
935658.429375 1916137.94263 3
935658.456748 1916138.14906 3
935658.479181 1916138.36114 3
935658.505751 1916138.58452 3
935658.527471 1916138.78768 3
935658.548348 1916138.98729 3
935658.570072 1916139.19497 3
935658.591264 1916139.39679 3
935658.613805 1916139.61265 3
935658.636798 1916139.83365 3
935658.659913 1916140.05466 3
935658.681111 1916140.25708 3
935658.702303 1916140.46085 3
935658.723599 1916140.66571 3
935658.746311 1916140.88329 3
935658.767196 1916141.08522 3
935658.789686 1916141.30524 3
935658.81146 1916141.51658 3
935658.834125 1916141.73708 3
935658.855411 1916141.94549 3
935658.877724 1916142.16514 3
935658.8995 1916142.37916 3
935658.921269 1916142.5927 3
935658.942131 1916142.79902 3
935658.964951 1916143.02612 3
935658.985342 1916143.22939 3
935659.007396 1916143.44903 3
935659.02955 1916143.67099 3
935659.045275 1916143.87418 3
935659.063521 1916144.07705 3
935659.080402 1916144.27855 3
935659.096832 1916144.47858 3
935659.115858 1916144.69195 3
935659.13474 1916144.90093 3
935659.153292 1916145.10282 3
935659.173468 1916145.32158 3
935659.194875 1916145.54646 3
935659.213012 1916145.74566 3
935659.233779 1916145.96077 3
935659.253417 1916146.16829 3
935659.272934 1916146.37472 3
935659.290522 1916146.58928 3
935659.308417 1916146.79898 3
935659.326168 1916147.0033 3
935659.343691 1916147.2114 3
935659.361537 1916147.41645 3
935659.379439 1916147.62371 3
935659.399008 1916147.8538 3
935659.416172 1916148.06629 3
935659.435022 1916148.28979 3
935659.454836 1916148.51599 3
935659.471879 1916148.71688 3
935659.489332 1916148.92266 3
935659.50743 1916149.13394 3
935659.524768 1916149.33545 3
935659.542805 1916149.54478 3
935659.560073 1916149.74495 3
935659.579407 1916149.96869 3
935659.599044 1916150.19355 3
935659.617573 1916150.40557 3
935659.636063 1916150.61808 3
935659.65547 1916150.84012 3
935659.675075 1916151.06314 3
935659.694331 1916151.28225 3
935659.713979 1916151.50637 3
935659.733018 1916151.72182 3
935659.750789 1916151.92199 3
935659.761885 1916152.13524 3
935659.77874 1916152.36334 3
935659.789633 1916152.56438 3
935659.802424 1916152.7746 3
935659.810091 1916152.9751 3
935659.816253 1916153.18205 3
935659.820959 1916153.38653 3
935659.824781 1916153.59673 3
935659.826506 1916153.80543 3
935659.828068 1916154.01096 3
935659.826494 1916154.21998 3
935659.825493 1916154.4284 3
935659.823508 1916154.65083 3
935659.821569 1916154.879 3
935659.81994 1916155.08375 3
935659.81812 1916155.30826 3
935659.816486 1916155.51813 3
935659.814877 1916155.73606 3
935659.813549 1916155.93629 3
935659.812228 1916156.13799 3
935659.810692 1916156.35519 3
935659.80914 1916156.55701 3
935659.807655 1916156.7825 3
935659.806182 1916156.99091 3
935659.801504 1916157.19268 3
935659.796871 1916157.4108 3
935659.79114 1916157.63281 3
935659.785864 1916157.83762 3
935659.780245 1916158.05548 3
935659.774726 1916158.26603 3
935659.769558 1916158.46889 3
935659.765013 1916158.67761 3
935659.759689 1916158.89707 3
935659.753396 1916159.12078 3
935659.746427 1916159.34106 3
935659.740964 1916159.55575 3
935659.734686 1916159.77568 3
935659.726142 1916160.00191 3
935659.718824 1916160.23354 3
935659.712441 1916160.47262 3
935659.703794 1916160.70056 3
935659.696196 1916160.91815 3
935659.689195 1916161.13172 3
935659.681826 1916161.35309 3
935659.675097 1916161.55434 3
935659.667976 1916161.76876 3
935659.660628 1916161.98977 3
935659.653949 1916162.19078 3
935659.646853 1916162.40361 3
935659.639753 1916162.61669 3
935659.63225 1916162.84075 3
935659.624216 1916163.08005 3
935659.616683 1916163.30313 3
935659.609379 1916163.5195 3
935659.602592 1916163.72148 3
935659.595916 1916163.92419 3
935659.588562 1916164.14654 3
935659.581664 1916164.35169 3
935659.574458 1916164.57051 3
935659.546638 1916164.7724 3
935659.525308 1916164.99306 3
935659.485793 1916165.19843 3
935659.440448 1916165.40785 3
935659.388533 1916165.60448 3
935659.335322 1916165.80011 3
935659.274176 1916166.01416 3
935659.214756 1916166.22043 3
935659.13954 1916166.4195 3
935659.069496 1916166.60693 3
935658.980277 1916166.79149 3
935658.897651 1916166.97396 3
935658.807581 1916167.16315 3
935658.721497 1916167.34435 3
935658.619874 1916167.558 3
935658.531674 1916167.74564 3
935658.435526 1916167.94779 3
935658.328335 1916168.15562 3
935658.235182 1916168.34305 3
935658.141123 1916168.52693 3
935658.040613 1916168.72425 3
935657.945351 1916168.91091 3
935657.850874 1916169.09612 3
935657.754077 1916169.2863 3
935657.660239 1916169.47067 3
935657.56731 1916169.65262 3
935657.471798 1916169.83964 3
935657.378468 1916170.0228 3
935657.285956 1916170.20438 3
935657.193671 1916170.38512 3
935657.102966 1916170.56722 3
935657.016017 1916170.74913 3
935656.930073 1916170.93302 3
935656.836207 1916171.13362 3
935656.745439 1916171.32841 3
935656.644557 1916171.52889 3
935656.552277 1916171.71414 3
935656.439821 1916171.89712 3
935656.330938 1916172.07698 3
935656.210063 1916172.24932 3
935656.084061 1916172.41598 3
935655.950465 1916172.59496 3
935655.829756 1916172.75486 3
935655.695665 1916172.93139 3
935655.5491 1916173.12017 3
935655.402612 1916173.29065 3
935655.267643 1916173.45325 3
935655.124515 1916173.62061 3
935654.988668 1916173.77893 3
935654.857268 1916173.93391 3
935654.727902 1916174.0905 3
935654.60115 1916174.26592 3
935654.469021 1916174.43419 3
935654.336989 1916174.60782 3
935654.222629 1916174.78101 3
935654.112104 1916174.94998 3
935654.006939 1916175.12624 3
935653.89317 1916175.317 3
935653.791893 1916175.48954 3
935653.679448 1916175.68142 3
935653.566305 1916175.875 3
935653.454898 1916176.06495 3
935653.353446 1916176.25237 3
935653.236551 1916176.45846 3
935653.137403 1916176.63433 3
935653.036631 1916176.81346 3
935652.916942 1916176.99278 3
935652.805129 1916177.16503 3
935652.685393 1916177.34533 3
935652.566215 1916177.52027 3
935652.448029 1916177.69327 3
935652.333219 1916177.86119 3
935652.219913 1916178.02658 3
935652.078348 1916178.23387 3
935651.945913 1916178.42812 3
935651.826564 1916178.60135 3
935651.706994 1916178.77701 3
935651.577948 1916178.96631 3
935651.461587 1916179.13678 3
935651.346179 1916179.3058 3
935651.227698 1916179.47916 3
935651.087151 1916179.68475 3
935650.970292 1916179.85582 3
935650.859985 1916180.04664 3
935650.756748 1916180.23599 3
935650.659996 1916180.41372 3
935650.55989 1916180.62496 3
935650.492996 1916180.81867 3
935650.421656 1916181.01474 3
935650.357074 1916181.20787 3
935650.282084 1916181.43501 3
935650.202101 1916181.67878 3
935650.120775 1916181.93035 3
935650.067002 1916182.14696 3
935650.009387 1916182.34422 3
935649.955068 1916182.56546 3
935649.90366 1916182.77918 3
935649.863181 1916182.99344 3
935649.821453 1916183.1989 3
935649.777973 1916183.42348 3
935649.745911 1916183.63982 3
935649.711727 1916183.85345 3
935649.680268 1916184.06444 3
935649.650276 1916184.27825 3
935649.630715 1916184.49028 3
935649.619007 1916184.70341 3
935649.603688 1916184.91343 3
935649.591141 1916185.12947 3
935649.579213 1916185.34113 3
935649.56769 1916185.55036 3
935649.555481 1916185.77397 3
935649.542593 1916185.98843 3
935649.535746 1916186.20383 3
935649.527209 1916186.40749 3
935649.518192 1916186.62603 3
935649.515914 1916186.83516 3
935649.512431 1916187.03853 3
935649.508967 1916187.25606 3
935649.50646 1916187.45848 3
935649.503794 1916187.66614 3
935649.500066 1916187.88976 3
935649.493074 1916188.1807 3
935649.486092 1916188.4354 3
935649.478059 1916188.65346 3
935649.469191 1916188.88958 3
935649.470761 1916189.13501 3
935649.468458 1916189.33706 3
935649.462423 1916189.56383 3
935649.460141 1916189.78187 3
935649.458012 1916189.98258 3
935649.454195 1916190.20315 3
935649.449898 1916190.45203 3
935649.445498 1916190.65649 3
935649.441898 1916190.89415 3
935649.437692 1916191.16622 3
935649.433434 1916191.41657 3
935649.429793 1916191.63178 3
935649.425964 1916191.85699 3
935649.421969 1916192.08586 3
935649.418472 1916192.29106 3
935649.413583 1916192.58118 3
935649.409429 1916192.82591 3
935649.404599 1916193.1114 3
935649.400021 1916193.38858 3
935649.395131 1916193.65185 3
935649.391068 1916193.88792 3
935649.387456 1916194.10618 3
935649.383155 1916194.35726 3
935649.378584 1916194.62444 3
935649.374858 1916194.84892 3
935649.371505 1916195.05083 3
935649.367297 1916195.30277 3
935649.364068 1916195.50358 3
935649.360872 1916195.70806 3
935649.357087 1916195.94011 3
935649.353349 1916196.15763 3
935649.349117 1916196.36783 3
935649.345218 1916196.5945 3
935649.341763 1916196.80288 3
935649.33812 1916197.02883 3
935649.334441 1916197.26283 3
935649.330322 1916197.51306 3
935649.324934 1916197.8327 3
935649.320389 1916198.10403 3
935649.314899 1916198.43111 3
935649.310332 1916198.7105 3
935649.306872 1916198.92205 3
935649.302185 1916199.21192 3
935649.296608 1916199.4858 3
935649.292361 1916199.73834 3
935649.288648 1916199.97539 3
935649.285352 1916200.19683 3
935649.282055 1916200.40289 3
935649.287735 1916200.60654 3
935649.282889 1916200.81404 3
935649.277547 1916201.02592 3
935649.271911 1916201.25062 3
935649.266442 1916201.46568 3
935649.261182 1916201.67147 3
935649.255873 1916201.8803 3
935649.25097 1916202.08085 3
935649.244381 1916202.33677 3
935649.23841 1916202.56524 3
935649.232294 1916202.80958 3
935649.225192 1916203.09307 3
935649.218942 1916203.34107 3
935649.213295 1916203.55099 3
935649.206965 1916203.77617 3
935649.200089 1916204.04917 3
935649.194624 1916204.27753 3
935649.189388 1916204.48368 3
935649.184282 1916204.68642 3
935649.177833 1916204.93929 3
935649.17074 1916205.20009 3
935649.164587 1916205.41501 3
935649.158869 1916205.64386 3
935649.152989 1916205.88393 3
935649.145441 1916206.18779 3
935649.139462 1916206.39369 3
935649.133034 1916206.63753 3
935649.126803 1916206.88723 3
935649.120602 1916207.1273 3
935649.114659 1916207.3598 3
935649.109424 1916207.56973 3
935649.10322 1916207.81871 3
935649.097343 1916208.04889 3
935649.091575 1916208.27517 3
935649.0863 1916208.48474 3
935649.080598 1916208.70394 3
935649.074773 1916208.929 3
935649.068905 1916209.15675 3
935649.06358 1916209.36277 3
935649.05768 1916209.58771 3
935649.051953 1916209.8085 3
935649.04643 1916210.026 3
935649.041234 1916210.23252 3
