935650.403488 1916099.1504 0
935650.403573 1916099.16149 0
935650.403488 1916099.1504 0
935650.403488 1916099.1504 0
935650.403488 1916099.1504 0
935650.403488 1916099.1504 0
935650.403573 1916099.16149 0
935650.403488 1916099.1504 0
935650.403488 1916099.1504 0
935650.403488 1916099.1504 0
935650.412442 1916099.16143 0
935650.403573 1916099.16149 0
935650.403488 1916099.1504 0
935650.403488 1916099.1504 0
935650.403488 1916099.1504 0
935650.412442 1916099.16143 0
935650.403573 1916099.16149 0
935650.403488 1916099.1504 0
935650.412357 1916099.15033 0
935650.403488 1916099.1504 0
935650.403488 1916099.1504 0
935650.403573 1916099.16149 0
935650.403488 1916099.1504 0
935650.403488 1916099.1504 0
935650.403488 1916099.1504 0
935650.403488 1916099.1504 0
935650.403488 1916099.1504 0
935650.403488 1916099.1504 0
935650.403488 1916099.1504 0
935650.403488 1916099.1504 0
935650.403488 1916099.1504 0
935650.403488 1916099.1504 0
935650.403488 1916099.1504 0
935650.403488 1916099.1504 0
935650.403488 1916099.1504 0
935650.403488 1916099.1504 0
935650.403488 1916099.1504 0
935650.403488 1916099.1504 0
935650.403488 1916099.1504 0
935650.403488 1916099.1504 0
935650.403488 1916099.1504 0
935650.403488 1916099.1504 0
935650.403488 1916099.1504 0
935650.403488 1916099.1504 0
935650.403488 1916099.1504 0
935650.403488 1916099.1504 0
935650.403488 1916099.1504 0
935650.403488 1916099.1504 0
935650.403488 1916099.1504 0
935650.403488 1916099.1504 0
935650.403573 1916099.16149 0
935650.403573 1916099.16149 0
935650.403658 1916099.17259 0
935650.403658 1916099.17259 0
935650.403743 1916099.18368 0
935650.403743 1916099.18368 0
935650.403913 1916099.20587 0
935650.403998 1916099.21696 0
935650.413037 1916099.23908 0
935650.413293 1916099.27237 0
935650.422332 1916099.29449 0
935650.422587 1916099.32777 0
935650.422842 1916099.36105 0
935650.431967 1916099.39427 0
935650.432307 1916099.43864 0
935650.441602 1916099.49404 0
935650.441942 1916099.53842 0
935650.451321 1916099.60492 0
935650.460701 1916099.67141 0
935650.470166 1916099.749 0
935650.479546 1916099.8155 0
935650.48901 1916099.89309 0
935650.498475 1916099.97068 0
935650.499155 1916100.05943 0
935650.508705 1916100.14811 0
935650.527039 1916100.22564 0
935650.536589 1916100.31432 0
935650.546139 1916100.40301 0
935650.555773 1916100.50278 0
935650.565323 1916100.59147 0
935650.583827 1916100.69118 0
935650.593547 1916100.80205 0
935650.612137 1916100.91285 0
935650.630811 1916101.03475 0
935650.658355 1916101.15658 0
935650.677114 1916101.28957 0
935650.704658 1916101.41141 0
935650.723588 1916101.56659 0
935650.760086 1916101.69944 0
935650.796755 1916101.85449 0
935650.824384 1916101.98741 0
935650.861052 1916102.14245 0
935650.888766 1916102.28647 0
935650.934304 1916102.44145 0
935650.970803 1916102.57431 0
935650.998602 1916102.72942 0
935651.0351 1916102.86227 0
935651.062899 1916103.01739 0
935651.108352 1916103.16127 0
935651.145021 1916103.31631 0
935651.190559 1916103.47129 0
935651.244882 1916103.6151 0
935651.281805 1916103.80343 0
935651.309774 1916103.98073 0
935651.39983 1916104.15756 0
935651.480762 1916104.30117 0
935651.481867 1916104.44539 0
935651.545144 1916104.60023 0
935651.581898 1916104.76637 0
935651.609442 1916104.8882 0
935651.699413 1916105.05393 0
935651.76286 1916105.23096 0
935651.790829 1916105.40826 0
935651.845322 1916105.57426 0
935651.899729 1916105.72917 0
935651.945352 1916105.89524 0
935651.99976 1916106.05015 0
935652.045468 1916106.22731 0
935652.099961 1916106.39331 0
935652.154369 1916106.54822 0
935652.209031 1916106.73641 0
935652.263439 1916106.89132 0
935652.318102 1916107.07951 0
935652.381294 1916107.22326 0
935652.453696 1916107.41131 0
935652.490279 1916107.55526 0
935652.553556 1916107.7101 0
935652.599264 1916107.88727 0
935652.662542 1916108.04211 0
935652.734858 1916108.21907 0
935652.771612 1916108.38521 0
935652.834974 1916108.55114 0
935652.880597 1916108.71721 0
935652.935005 1916108.87212 0
935652.971673 1916109.02717 0
935653.026166 1916109.19317 0
935653.080659 1916109.35917 0
935653.126282 1916109.52524 0
935653.17182 1916109.68022 0
935653.226312 1916109.84622 0
935653.262981 1916110.00126 0
935653.326428 1916110.17829 0
935653.372051 1916110.34436 0
935653.426544 1916110.51037 0
935653.489991 1916110.68739 0
935653.535614 1916110.85346 0
935653.572453 1916111.0307 0
935653.63573 1916111.18554 0
935653.690307 1916111.36263 0
935653.7448 1916111.52864 0
935653.790338 1916111.68361 0
935653.844916 1916111.86071 0
935653.899408 1916112.02671 0
935653.945116 1916112.20388 0
935654.008393 1916112.35872 0
935654.063056 1916112.54691 0
935654.117464 1916112.70182 0
935654.172041 1916112.87891 0
935654.226619 1916113.05601 0
935654.289896 1916113.21085 0
935654.344474 1916113.38795 0
935654.390097 1916113.55402 0
935654.444674 1916113.73111 0
935654.490297 1916113.89718 0
935654.54479 1916114.06318 0
935654.599367 1916114.24028 0
935654.645076 1916114.41745 0
935654.699738 1916114.60564 0
935654.754231 1916114.77164 0
935654.808893 1916114.95983 0
935654.854601 1916115.13699 0
935654.918133 1916115.32512 0
935654.963841 1916115.50228 0
935655.036243 1916115.69034 0
935655.073082 1916115.86757 0
935655.136614 1916116.05569 0
935655.182407 1916116.24395 0
935655.2282 1916116.43221 0
935655.273908 1916116.60937 0
935655.32857 1916116.79756 0
935655.374448 1916116.99691 0
935655.420241 1916117.18517 0
935655.474904 1916117.37336 0
935655.520697 1916117.56162 0
935655.584314 1916117.76084 0
935655.630277 1916117.97129 0
935655.676155 1916118.17064 0
935655.730818 1916118.35883 0
935655.785565 1916118.55811 0
935655.840313 1916118.7574 0
935655.895061 1916118.95668 0
935655.949808 1916119.15597 0
935655.986732 1916119.34429 0
935656.050434 1916119.5546 0
935656.096312 1916119.75396 0
935656.151059 1916119.95324 0
935656.205722 1916120.14143 0
935656.234116 1916120.3742 0
935656.288778 1916120.56239 0
935656.326127 1916120.80619 0
935656.389829 1916121.0165 0
935656.462571 1916121.24893 0
935656.464186 1916121.45972 0
935656.510319 1916121.69235 0
935656.556282 1916121.9028 0
935656.620069 1916122.1242 0
935656.683941 1916122.3567 0
935656.729734 1916122.54496 0
935656.784737 1916122.77753 0
935656.830699 1916122.98797 0
935656.894487 1916123.20938 0
935656.913926 1916123.43112 0
935656.924496 1916123.65293 0
935656.970459 1916123.86338 0
935657.007637 1916124.08499 0
935657.018122 1916124.29571 0
935657.046686 1916124.55067 0
935657.083609 1916124.73899 0
935657.111918 1916124.96067 0
935657.140227 1916125.18235 0
935657.168366 1916125.38183 0
935657.214329 1916125.59228 0
935657.251422 1916125.80279 0
935657.279646 1916126.01338 0
935657.307785 1916126.21287 0
935657.336009 1916126.42345 0
935657.373017 1916126.62287 0
935657.409941 1916126.81119 0
935657.42921 1916127.01075 0
935657.457349 1916127.21024 0
935657.485403 1916127.39863 0
935657.513456 1916127.58703 0
935657.559419 1916127.79748 0
935657.578689 1916127.99703 0
935657.624396 1916128.1742 0
935657.643666 1916128.37375 0
935657.662935 1916128.57331 0
935657.690989 1916128.7617 0
935657.701474 1916128.97242 0
935657.623348 1916129.19491 0
935657.633748 1916129.39454 0
935657.652932 1916129.583 0
935657.689855 1916129.77133 0
935657.70904 1916129.95979 0
935657.728139 1916130.13716 0
935657.747323 1916130.32562 0
935657.766507 1916130.51408 0
935657.794561 1916130.70248 0
935657.8227 1916130.90197 0
935657.823975 1916131.06838 0
935657.860984 1916131.2678 0
935657.871383 1916131.46742 0
935657.890653 1916131.66698 0
935657.918706 1916131.85537 0
935657.920237 1916132.05506 0
935657.939506 1916132.25462 0
935657.958605 1916132.43199 0
935657.969005 1916132.63161 0
935657.988104 1916132.80898 0
935657.998504 1916133.00861 0
935658.008734 1916133.18604 0
935658.028003 1916133.3856 0
935658.038403 1916133.58522 0
935658.048802 1916133.78485 0
935658.076941 1916133.98434 0
935658.087426 1916134.19505 0
935658.10678 1916134.4057 0
935658.126134 1916134.61635 0
935658.145489 1916134.82701 0
935658.164843 1916135.03766 0
935658.175243 1916135.23728 0
935658.194512 1916135.43684 0
935658.204997 1916135.64755 0
935658.224266 1916135.84711 0
935658.24379 1916136.07995 0
935658.26306 1916136.27951 0
935658.291368 1916136.50118 0
935658.310638 1916136.70074 0
935658.347816 1916136.92235 0
935658.375955 1916137.12184 0
935658.386525 1916137.34365 0
935658.423448 1916137.53197 0
935658.433933 1916137.74269 0
935658.462156 1916137.95328 0
935658.490295 1916138.15276 0
935658.50078 1916138.36348 0
935658.520049 1916138.56304 0
935658.539403 1916138.77369 0
935658.558758 1916138.98434 0
935658.586897 1916139.18383 0
935658.606166 1916139.38338 0
935658.63439 1916139.59397 0
935658.653744 1916139.80462 0
935658.681883 1916140.00411 0
935658.683498 1916140.21489 0
935658.711552 1916140.40329 0
935658.730906 1916140.61394 0
935658.750175 1916140.81349 0
935658.778314 1916141.01298 0
935658.806453 1916141.21247 0
935658.834591 1916141.41196 0
935658.853776 1916141.60042 0
935658.87296 1916141.78888 0
935658.901099 1916141.98837 0
935658.929152 1916142.17677 0
935658.948337 1916142.36523 0
935658.967521 1916142.55369 0
935658.995575 1916142.74209 0
935659.014844 1916142.94164 0
935659.033858 1916143.10792 0
935659.053212 1916143.31857 0
935659.072396 1916143.50703 0
935659.091836 1916143.72877 0
935659.119889 1916143.91717 0
935659.139159 1916144.11672 0
935659.167382 1916144.32731 0
935659.177697 1916144.51584 0
935659.205836 1916144.71533 0
935659.225105 1916144.91488 0
935659.244289 1916145.10334 0
935659.263559 1916145.3029 0
935659.282828 1916145.50246 0
935659.311137 1916145.72413 0
935659.339275 1916145.92362 0
935659.358715 1916146.14537 0
935659.377899 1916146.33383 0
935659.406293 1916146.5666 0
935659.434431 1916146.76609 0
935659.453956 1916146.99893 0
935659.47331 1916147.20958 0
935659.492664 1916147.42023 0
935659.512103 1916147.64197 0
935659.513803 1916147.86385 0
935659.533243 1916148.0856 0
935659.543727 1916148.29632 0
935659.563167 1916148.51806 0
935659.573736 1916148.73987 0
935659.593091 1916148.95052 0
935659.594791 1916149.1724 0
935659.614145 1916149.38305 0
935659.62463 1916149.59377 0
935659.635029 1916149.7934 0
935659.663253 1916150.00398 0
935659.673738 1916150.2147 0
935659.684137 1916150.41432 0
935659.694707 1916150.63613 0
935659.705192 1916150.84685 0
935659.706807 1916151.05764 0
935659.717292 1916151.26836 0
935659.710037 1916151.47921 0
935659.711568 1916151.6789 0
935659.704228 1916151.87866 0
935659.696889 1916152.07842 0
935659.689549 1916152.27819 0
935659.68221 1916152.47795 0
935659.665916 1916152.66668 0
935659.649707 1916152.86651 0
935659.642283 1916153.05517 0
935659.625989 1916153.24391 0
935659.618565 1916153.43257 0
935659.611225 1916153.63234 0
935659.603716 1916153.80991 0
935659.587507 1916154.00974 0
935659.571298 1916154.20956 0
935659.555089 1916154.40939 0
935659.530011 1916154.60929 0
935659.496063 1916154.80925 0
935659.479854 1916155.00908 0
935659.463645 1916155.20891 0
935659.429698 1916155.40887 0
935659.395665 1916155.59774 0
935659.370586 1916155.79764 0
935659.327684 1916155.98658 0
935659.293736 1916156.18654 0
935659.250834 1916156.37548 0
935659.216971 1916156.58654 0
935659.165114 1916156.76445 0
935659.122381 1916156.97558 0
935659.079479 1916157.16451 0
935659.018923 1916157.36468 0
935658.967321 1916157.57588 0
935658.915549 1916157.76488 0
935658.863862 1916157.96498 0
935658.80339 1916158.17625 0
935658.751619 1916158.36525 0
935658.682193 1916158.56549 0
935658.630506 1916158.76559 0
935658.56091 1916158.94364 0
935658.500353 1916159.1438 0
935658.430843 1916159.33295 0
935658.370201 1916159.52202 0
935658.291821 1916159.71123 0
935658.222225 1916159.88928 0
935658.152714 1916160.07842 0
935658.100857 1916160.25633 0
935658.022392 1916160.43445 0
935657.961665 1916160.61243 0
935657.909808 1916160.79034 0
935657.849082 1916160.96832 0
935657.80601 1916161.13507 0
935657.745283 1916161.31305 0
935657.693341 1916161.47987 0
935657.650439 1916161.66881 0
935657.607452 1916161.84665 0
935657.564549 1916162.03559 0
935657.530432 1916162.21337 0
935657.505268 1916162.40217 0
935657.462451 1916162.6022 0
935657.437373 1916162.8021 0
935657.412379 1916163.01309 0
935657.387386 1916163.22408 0
935657.362563 1916163.45726 0
935657.346524 1916163.67927 0
935657.321786 1916163.92354 0
935657.314702 1916164.15659 0
935657.289963 1916164.40086 0
935657.283049 1916164.65609 0
935657.26718 1916164.90029 0
935657.260266 1916165.15552 0
935657.253352 1916165.41075 0
935657.237483 1916165.65496 0
935657.239353 1916165.89903 0
935657.22357 1916166.15433 0
935657.216486 1916166.38737 0
935657.209656 1916166.65369 0
935657.202572 1916166.88673 0
935657.204442 1916167.1308 0
935657.197358 1916167.36385 0
935657.199143 1916167.59682 0
935657.192059 1916167.82986 0
935657.17619 1916168.07407 0
935657.169021 1916168.29601 0
935657.153067 1916168.52913 0
935657.145813 1916168.73998 0
935657.147598 1916168.97295 0
935657.12269 1916169.19504 0
935657.106566 1916169.40596 0
935657.090528 1916169.62798 0
935657.056835 1916169.86122 0
935657.031757 1916170.06112 0
935657.007019 1916170.30539 0
935656.99081 1916170.50522 0
935656.965987 1916170.7384 0
935656.940993 1916170.94939 0
935656.916 1916171.16038 0
935656.899961 1916171.3824 0
935656.874883 1916171.58229 0
935656.858844 1916171.80431 0
935656.85159 1916172.01516 0
935656.835381 1916172.21499 0
935656.828127 1916172.42584 0
935656.794264 1916172.6369 0
935656.78701 1916172.84776 0
935656.771056 1916173.08087 0
935656.754933 1916173.29179 0
935656.747763 1916173.51374 0
935656.72294 1916173.74692 0
935656.715771 1916173.96886 0
935656.690863 1916174.19095 0
935656.683694 1916174.4129 0
935656.685309 1916174.62368 0
935656.669355 1916174.85679 0
935656.662186 1916175.07874 0
935656.663886 1916175.30062 0
935656.647933 1916175.53373 0
935656.649548 1916175.74452 0
935656.642549 1916175.98866 0
935656.644164 1916176.19944 0
935656.645949 1916176.43242 0
935656.638865 1916176.66546 0
935656.64065 1916176.89843 0
935656.642351 1916177.12031 0
935656.635266 1916177.35336 0
935656.645836 1916177.57517 0
935656.638667 1916177.79712 0
935656.640282 1916178.0079 0
935656.624328 1916178.24101 0
935656.617074 1916178.45187 0
935656.609905 1916178.67382 0
935656.593866 1916178.89583 0
935656.586612 1916179.10669 0
935656.579358 1916179.31754 0
935656.572189 1916179.53949 0
935656.564934 1916179.75034 0
935656.548896 1916179.97236 0
935656.541642 1916180.18322 0
935656.534387 1916180.39407 0
935656.518349 1916180.61609 0
935656.502225 1916180.82701 0
935656.503755 1916181.0267 0
935656.496586 1916181.24865 0
935656.462638 1916181.44861 0
935656.455214 1916181.63728 0
935656.466209 1916181.91456 0
935656.45904 1916182.13651 0
935656.460655 1916182.3473 0
935656.462355 1916182.56918 0
935656.446232 1916182.7801 0
935656.447932 1916183.00198 0
935656.440763 1916183.22393 0
935656.424554 1916183.42376 0
935656.426339 1916183.65673 0
935656.4103 1916183.87875 0
935656.403131 1916184.1007 0
935656.395962 1916184.32264 0
935656.326621 1916184.53397 0
935656.319197 1916184.72264 0
935656.303329 1916184.96684 0
935656.28729 1916185.18886 0
935656.280121 1916185.41081 0
935656.255383 1916185.65508 0
935656.248213 1916185.87703 0
935656.241214 1916186.12117 0
935656.243 1916186.35414 0
935656.226961 1916186.57616 0
935656.175699 1916186.83173 0
935656.152917 1916187.33116 0
935656.163486 1916187.55297 0
935656.156232 1916187.76383 0
935656.149148 1916187.99687 0
935656.150763 1916188.20766 0
935656.152464 1916188.42954 0
935656.154249 1916188.66251 0
935656.173433 1916188.85098 0
935656.192787 1916189.06163 0
935656.176834 1916189.29474 0
935656.187488 1916189.52764 0
935656.180404 1916189.76068 0
935656.191059 1916189.99359 0
935656.183975 1916190.22663 0
935656.194545 1916190.44845 0
935656.196415 1916190.69251 0
935656.197945 1916190.89221 0
935656.199731 1916191.12518 0
935656.201431 1916191.34706 0
935656.211916 1916191.55778 0
935656.222485 1916191.77959 0
935656.224356 1916192.02366 0
935656.225886 1916192.22335 0
935656.227586 1916192.44523 0
935656.246856 1916192.64479 0
935656.26621 1916192.85544 0
935656.285564 1916193.06609 0
935656.287179 1916193.27688 0
935656.27984 1916193.47664 0
935656.272586 1916193.68749 0
935656.282901 1916193.87602 0
935656.266862 1916194.09804 0
935656.250738 1916194.30896 0
935656.261223 1916194.51968 0
935656.253799 1916194.70835 0
935656.246375 1916194.89701 0
935656.257029 1916195.12992 0
935656.240481 1916195.28537 0
935656.242181 1916195.50725 0
935656.243626 1916195.69585 0
935656.245156 1916195.89554 0
935656.237732 1916196.08421 0
935656.239263 1916196.2839 0
935656.231838 1916196.47257 0
935656.242238 1916196.67219 0
935656.234729 1916196.84976 0
935656.245129 1916197.04939 0
935656.237789 1916197.24915 0
935656.239235 1916197.43775 0
935656.24068 1916197.62634 0
935656.233341 1916197.82611 0
935656.225916 1916198.01477 0
935656.218577 1916198.21453 0
935656.211238 1916198.41429 0
935656.203814 1916198.60296 0
935656.18769 1916198.81388 0
935656.180351 1916199.01364 0
935656.173097 1916199.2245 0
935656.219059 1916199.43494 0
935656.238414 1916199.64559 0
935656.204636 1916199.86774 0
935656.197212 1916200.05641 0
935656.189788 1916200.24508 0
935656.191403 1916200.45586 0
935656.175194 1916200.65569 0
935656.176555 1916200.8332 0
935656.195994 1916201.05494 0
935656.153347 1916201.27716 0
935656.172446 1916201.45453 0
935656.165107 1916201.65429 0
935656.157683 1916201.84296 0
935656.176782 1916202.02032 0
935656.160488 1916202.20906 0
935656.170888 1916202.40868 0
935656.172503 1916202.61947 0
935656.174033 1916202.81916 0
935656.166949 1916203.0522 0
935656.177434 1916203.26292 0
935656.179219 1916203.4959 0
935656.181005 1916203.72887 0
935656.17409 1916203.9841 0
935656.176046 1916204.23926 0
935656.178001 1916204.49443 0
935656.171172 1916204.76075 0
935656.155388 1916205.01605 0
935656.148644 1916205.29347 0
935656.141815 1916205.55979 0
935656.126117 1916205.82619 0
935656.110503 1916206.10367 0
935656.112204 1916206.32555 0
935656.114159 1916206.58071 0
935656.116029 1916206.82478 0
935656.100246 1916207.08008 0
935656.119855 1916207.32401 0
935656.12181 1916207.57918 0
935656.13255 1916207.82318 0
935656.143205 1916208.05608 0
935656.145245 1916208.32234 0
935656.173639 1916208.55511 0
935656.175679 1916208.82137 0
935656.177465 1916209.05434 0
935656.197244 1916209.32046 0
935656.19016 1916209.5535 0
935656.201155 1916209.83079 0
935656.194155 1916210.07492 0
935656.187156 1916210.31906 0
935656.197811 1916210.55197 0
935656.199596 1916210.78494 0
935656.210506 1916211.05113 0
935656.212292 1916211.2841 0
935656.223031 1916211.5281 0
935656.242556 1916211.76094 0
935656.253295 1916212.00494 0
935656.27282 1916212.23778 0
935656.292429 1916212.48171 0
935656.28526 1916212.70366 0
935656.313823 1916212.95862 0
935656.333348 1916213.19146 0
935656.352872 1916213.4243 0
935656.39909 1916213.66803 0
935656.427398 1916213.8897 0
935656.455622 1916214.10029 0
935656.493055 1916214.35518 0
935656.521279 1916214.56576 0
935656.549587 1916214.78743 0
935656.577811 1916214.99802 0
935656.60612 1916215.21969 0
935656.634428 1916215.44137 0
935656.662652 1916215.65195 0
935656.682091 1916215.8737 0
935656.719184 1916216.08421 0
935656.738708 1916216.31705 0
935656.775972 1916216.54975 0
935656.786371 1916216.74938 0
935656.823634 1916216.98208 0
935656.834374 1916217.22608 0
935656.853813 1916217.44782 0
935656.873338 1916217.68066 0
935656.892692 1916217.89131 0
935656.903432 1916218.13531 0
935656.94044 1916218.33473 0
935656.951009 1916218.55655 0
935657.006011 1916218.78911 0
935657.043104 1916218.99963 0
935657.097936 1916219.21001 0
935657.152768 1916219.42039 0
935657.181077 1916219.64206 0
935657.271217 1916219.82998 0
935657.326134 1916220.05145 0
935657.407744 1916220.28382 0
935657.489184 1916220.49399 0
935657.57071 1916220.71526 0
935657.652065 1916220.91434 0
935657.760454 1916221.16869 0
935657.859633 1916221.37873 0
935657.950112 1916221.61102 0
935658.067201 1916221.84311 0
935658.166465 1916222.06424 0
935658.256859 1916222.28544 0
935658.356209 1916222.51767 0
935658.464427 1916222.74983 0
935658.554737 1916222.95994 0
935658.680694 1916223.19196 0
935658.779873 1916223.402 0
935658.888007 1916223.62306 0
935659.022834 1916223.85502 0
935659.121928 1916224.05396 0
935659.256585 1916224.26373 0
935659.391242 1916224.4735 0
935659.50799 1916224.66121 0
935659.651346 1916224.84872 0
935659.803572 1916225.03617 0
935659.946843 1916225.21258 0
935660.090029 1916225.37791 0
935660.251124 1916225.56528 0
935660.394226 1916225.71951 0
935660.546451 1916225.90695 0
935660.698422 1916226.06111 0
935660.850308 1916226.20418 0
935661.020187 1916226.38039 0
935661.163118 1916226.51243 0
935661.332743 1916226.65537 0
935661.484628 1916226.79843 0
935661.654168 1916226.93027 0
935661.797269 1916227.0845 0
935661.966978 1916227.23852 0
935662.118779 1916227.3705 0
935662.288573 1916227.53561 0
935662.440459 1916227.67868 0
935662.601214 1916227.82168 0
935662.7531 1916227.96475 0
935662.922469 1916228.0744 0
935663.083309 1916228.22849 0
935663.261633 1916228.34916 0
935663.431257 1916228.4921 0
935663.600712 1916228.61284 0
935663.788075 1916228.75563 0
935663.966229 1916228.85412 0
935664.144723 1916228.99698 0
935664.3407 1916229.10643 0
935664.51007 1916229.21608 0
935664.723786 1916229.32539 0
935664.919764 1916229.43483 0
935665.13348 1916229.54414 0
935665.338328 1916229.65352 0
935665.534135 1916229.74078 0
935665.738982 1916229.85015 0
935665.961313 1916229.92611 0
935666.192684 1916230.02419 0
935666.423799 1916230.08899 0
935666.637346 1916230.17611 0
935666.87733 1916230.24084 0
935667.081667 1916230.28365 0
935667.321482 1916230.32619 0
935667.534689 1916230.36894 0
935667.783288 1916230.40032 0
935668.005279 1916230.4319 0
935668.236054 1916230.45232 0
935668.45796 1916230.47281 0
935668.68865 1916230.48214 0
935668.919256 1916230.48037 0
935669.158731 1916230.47854 0
935669.380466 1916230.47684 0
935669.619856 1916230.46391 0
935669.841592 1916230.46221 0
935670.080982 1916230.44928 0
935670.311587 1916230.44751 0
935670.542193 1916230.44575 0
935670.781837 1916230.4661 0
935671.012443 1916230.46433 0
935671.243048 1916230.46257 0
935671.491562 1916230.48285 0
935671.704599 1916230.50341 0
935671.953028 1916230.5126 0
935672.15711 1916230.52213 0
935672.405709 1916230.55351 0
935672.6277 1916230.5851 0
935672.85856 1916230.61661 0
935673.089336 1916230.63703 0
935673.320111 1916230.65745 0
935673.559841 1916230.6889 0
935673.781747 1916230.70939 0
935674.012437 1916230.71872 0
935674.243212 1916230.73914 0
935674.465118 1916230.75963 0
935674.695809 1916230.76896 0
935674.917544 1916230.76726 0
935675.14832 1916230.78768 0
935675.378925 1916230.78591 0
935675.60953 1916230.78414 0
935675.849005 1916230.78231 0
935676.08848 1916230.78048 0
935676.336909 1916230.78967 0
935676.576384 1916230.78783 0
935676.833598 1916230.78586 0
935677.064203 1916230.7841 0
935677.330286 1916230.78206 0
935677.569761 1916230.78022 0
935677.826974 1916230.77825 0
935678.093058 1916230.77621 0
935678.341487 1916230.7854 0
935678.616524 1916230.79439 0
935678.864868 1916230.79249 0
935679.130867 1916230.77936 0
935679.379296 1916230.78855 0
935679.62747 1916230.76446 0
935679.902338 1916230.75126 0
935680.124073 1916230.74956 0
935680.390072 1916230.73643 0
935680.629461 1916230.7235 0
935680.868766 1916230.69948 0
935681.117195 1916230.70867 0
935681.3565 1916230.68465 0
935681.595975 1916230.68281 0
935681.808926 1916230.69228 0
935682.048486 1916230.70153 0
935682.279176 1916230.71086 0
935682.483173 1916230.7093 0
935682.713949 1916230.72972 0
935682.926815 1916230.72809 0
935683.148551 1916230.72639 0
935683.343679 1916230.7249 0
935683.5655 1916230.73429 0
935683.769497 1916230.73273 0
935683.982278 1916230.72001 0
935684.177406 1916230.71851 0
935684.372448 1916230.70592 0
935684.57636 1916230.69327 0
935684.771318 1916230.66958 0
935684.948622 1916230.65713 0
935685.152364 1916230.62229 0
935685.338537 1916230.60976 0
935685.551148 1916230.57485 0
935685.754891 1916230.54001 0
935685.985326 1916230.51605 0
935686.197938 1916230.48114 0
935686.419334 1916230.43507 0
935686.63186 1916230.38906 0
935686.853171 1916230.33189 0
935687.083522 1916230.29684 0
935687.304833 1916230.23967 0
935687.517189 1916230.17148 0
935687.729716 1916230.12547 0
935687.941987 1916230.04618 0
935688.127821 1916229.98929 0
935688.348962 1916229.90993 0
935688.516886 1916229.83098 0
935688.720289 1916229.75176 0
935688.896998 1916229.66165 0
935689.082491 1916229.56038 0
935689.267899 1916229.44801 0
935689.453393 1916229.34674 0
935689.620892 1916229.21232 0
935689.779523 1916229.07797 0
935689.938153 1916228.94362 0
935690.087914 1916228.80933 0
935690.264198 1916228.66375 0
935690.405004 1916228.51844 0
935690.545896 1916228.38423 0
935690.72218 1916228.23865 0
935690.845332 1916228.10457 0
935691.003962 1916227.97022 0
935691.127115 1916227.83614 0
935691.276791 1916227.69076 0
935691.426467 1916227.54538 0
935691.540495 1916227.37809 0
935691.663562 1916227.23292 0
935691.777676 1916227.07672 0
935691.891704 1916226.90943 0
935692.005817 1916226.75323 0
935692.093322 1916226.59723 0
935692.189356 1916226.39679 0
935692.276946 1916226.25189 0
935692.37298 1916226.05145 0
935692.442661 1916225.8845 0
935692.512088 1916225.68426 0
935692.590383 1916225.48396 0
935692.641985 1916225.27276 0
935692.702372 1916225.05041 0
935692.745105 1916224.83928 0
935692.814361 1916224.61686 0
935692.8391 1916224.37258 0
935692.872794 1916224.13934 0
935692.906402 1916223.895 0
935692.949135 1916223.68387 0
935693.018306 1916223.45035 0
935693.052 1916223.21711 0
935693.094648 1916222.99489 0
935693.119557 1916222.7728 0
935693.171159 1916222.56161 0
935693.187113 1916222.3285 0
935693.220892 1916222.10635 0
935693.236931 1916221.88433 0
935693.261925 1916221.67334 0
935693.260141 1916221.44037 0
935693.276266 1916221.22944 0
935693.265612 1916220.99654 0
935693.263828 1916220.76356 0
935693.253174 1916220.53066 0
935693.251389 1916220.29768 0
935693.222827 1916220.04272 0
935693.194434 1916219.80995 0
935693.183696 1916219.56595 0
935693.146348 1916219.32216 0
935693.12691 1916219.10041 0
935693.14278 1916218.85621 0
935693.123257 1916218.62337 0
935693.130427 1916218.40142 0
935693.128642 1916218.16845 0
935693.109204 1916217.9467 0
935693.107505 1916217.72482 0
935693.087982 1916217.49198 0
935693.086367 1916217.2812 0
935693.075799 1916217.05938 0
935693.082969 1916216.83743 0
935693.081354 1916216.62665 0
935693.088354 1916216.38251 0
935693.09544 1916216.14947 0
935693.111394 1916215.91636 0
935693.127349 1916215.68325 0
935693.152088 1916215.43898 0
935693.185866 1916215.21682 0
935693.201736 1916214.97262 0
935693.23543 1916214.73937 0
935693.251384 1916214.50626 0
935693.276293 1916214.28418 0
935693.292248 1916214.05107 0
935693.299333 1916213.81803 0
935693.324157 1916213.58485 0
935693.331327 1916213.3629 0
935693.347282 1916213.12979 0
935693.363151 1916212.88559 0
935693.379191 1916212.66357 0
935693.403845 1916212.4082 0
935693.4198 1916212.17509 0
935693.4268 1916211.93096 0
935693.433885 1916211.69791 0
935693.458709 1916211.46474 0
935693.448055 1916211.23183 0
935693.454971 1916210.9766 0
935693.453356 1916210.76581 0
935693.451487 1916210.52174 0
935693.458572 1916210.2887 0
935693.456788 1916210.05573 0
935693.472658 1916209.81152 0
935693.470788 1916209.56746 0
935693.477789 1916209.32332 0
935693.484704 1916209.06809 0
935693.509443 1916208.82382 0
935693.507489 1916208.56865 0
935693.523273 1916208.31336 0
935693.539058 1916208.05806 0
935693.537019 1916207.7918 0
935693.535065 1916207.53664 0
935693.54198 1916207.28141 0
935693.539856 1916207.00406 0
935693.529117 1916206.76006 0
935693.526993 1916206.48271 0
935693.516084 1916206.21652 0
935693.514045 1916205.95026 0
935693.52983 1916205.69496 0
935693.53666 1916205.42864 0
935693.561229 1916205.16218 0
935693.585798 1916204.89572 0
935693.610453 1916204.64035 0
935693.617283 1916204.37403 0
935693.641937 1916204.11866 0
935693.648852 1916203.86343 0
935693.664467 1916203.58594 0
935693.671467 1916203.34181 0
935693.678298 1916203.07548 0
935693.685128 1916202.80916 0
935693.674219 1916202.54297 0
935693.68105 1916202.27665 0
935693.670141 1916202.01046 0
935693.668017 1916201.73311 0
935693.683717 1916201.46671 0
935693.681677 1916201.20046 0
935693.706077 1916200.91181 0
935693.730646 1916200.64535 0
935693.75513 1916200.3678 0
935693.77083 1916200.1014 0
935693.786445 1916199.82392 0
935693.80206 1916199.54643 0
935693.826629 1916199.27997 0
935693.842329 1916199.01358 0
935693.858028 1916198.74719 0
935693.882598 1916198.48073 0
935693.889513 1916198.22549 0
935693.905213 1916197.9591 0
935693.912128 1916197.70387 0
935693.927913 1916197.44857 0
935693.925958 1916197.19341 0
935693.924004 1916196.93825 0
935693.930919 1916196.68302 0
935693.937835 1916196.42779 0
935693.944835 1916196.18365 0
935693.951665 1916195.91733 0
935693.97632 1916195.66196 0
935693.992019 1916195.39557 0
935694.007804 1916195.14027 0
935694.050112 1916194.87367 0
935694.083551 1916194.60715 0
935694.10812 1916194.34069 0
935694.13269 1916194.07423 0
935694.157259 1916193.80777 0
935694.172959 1916193.54137 0
935694.188743 1916193.28607 0
935694.204358 1916193.00859 0
935694.211273 1916192.75336 0
935694.235758 1916192.4758 0
935694.242673 1916192.22057 0
935694.258288 1916191.94309 0
935694.265033 1916191.66567 0
935694.280648 1916191.38818 0
935694.296178 1916191.0996 0
935694.302753 1916190.8 0
935694.318283 1916190.51142 0
935694.324944 1916190.2229 0
935694.340474 1916189.93432 0
935694.33818 1916189.63478 0
935694.344755 1916189.33518 0
935694.3515 1916189.05776 0
935694.349121 1916188.74713 0
935694.355782 1916188.45861 0
935694.362442 1916188.1701 0
935694.351279 1916187.87063 0
935694.366809 1916187.58205 0
935694.364599 1916187.29361 0
935694.37126 1916187.00509 0
935694.386705 1916186.70542 0
935694.402235 1916186.41684 0
935694.426634 1916186.12819 0
935694.442164 1916185.83961 0
935694.475518 1916185.56199 0
935694.491048 1916185.27341 0
935694.515447 1916184.98476 0
935694.539846 1916184.69611 0
935694.546592 1916184.41869 0
935694.570991 1916184.13004 0
935694.568867 1916183.85269 0
935694.566658 1916183.56425 0
935694.573319 1916183.27574 0
935694.571194 1916182.99839 0
935694.560031 1916182.69892 0
935694.549122 1916182.43273 0
935694.537959 1916182.13326 0
935694.544704 1916181.85584 0
935694.533626 1916181.56746 0
935694.549071 1916181.26779 0
935694.57347 1916180.97914 0
935694.571261 1916180.69069 0
935694.586706 1916180.39102 0
935694.584497 1916180.10258 0
935694.582203 1916179.80304 0
935694.571039 1916179.50357 0
935694.56883 1916179.21512 0
935694.575491 1916178.92661 0
935694.555543 1916178.6383 0
935694.571073 1916178.34972 0
935694.568778 1916178.05018 0
935694.575439 1916177.76167 0
935694.582014 1916177.46206 0
935694.579805 1916177.17362 0
935694.595165 1916176.86285 0
935694.592956 1916176.57441 0
935694.590577 1916176.26377 0
935694.606107 1916175.97519 0
935694.603728 1916175.66456 0
935694.610304 1916175.36495 0
935694.625749 1916175.06528 0
935694.623455 1916174.76574 0
935694.6389 1916174.46607 0
935694.64539 1916174.15537 0
935694.651966 1916173.85576 0
935694.658456 1916173.54506 0
935694.673986 1916173.25648 0
935694.680392 1916172.93468 0
935694.695922 1916172.6461 0
935694.719981 1916172.31308 0
935694.735511 1916172.0245 0
935694.759571 1916171.69147 0
935694.775016 1916171.3918 0
935694.79916 1916171.06987 0
935694.81452 1916170.7591 0
935694.820926 1916170.43731 0
935694.827501 1916170.1377 0
935694.842776 1916169.81584 0
935694.840228 1916169.48302 0
935694.838018 1916169.19457 0
935694.826515 1916168.85073 0
935694.815437 1916168.56235 0
935694.804018 1916168.2296 0
935694.783985 1916167.93019 0
935694.754743 1916167.58648 0
935694.725755 1916167.27605 0
935694.723206 1916166.94323 0
935694.729527 1916166.61035 0
935694.709409 1916166.29985 0
935694.724599 1916165.96689 0
935694.704396 1916165.6453 0
935694.701932 1916165.32358 0
935694.699553 1916165.01294 0
935694.679435 1916164.70245 0
935694.677056 1916164.39181 0
935694.665723 1916164.07016 0
935694.654644 1916163.78178 0
935694.661135 1916163.47108 0
935694.641272 1916163.19386 0
935694.656632 1916162.8831 0
935694.654508 1916162.60574 0
935694.652214 1916162.30621 0
935694.676613 1916162.01756 0
935694.665535 1916161.72918 0
935694.698634 1916161.41828 0
935694.705294 1916161.12976 0
935694.720654 1916160.819 0
935694.736099 1916160.51932 0
935694.724766 1916160.19766 0
935694.731256 1916159.88696 0
935694.720008 1916159.5764 0
935694.717544 1916159.25467 0
935694.71525 1916158.95513 0
935694.703917 1916158.63347 0
935694.719277 1916158.32271 0
935694.734552 1916158.00084 0
935694.749657 1916157.65679 0
935694.765017 1916157.34602 0
935694.780207 1916157.01307 0
935694.786613 1916156.69127 0
935694.801888 1916156.36941 0
935694.817163 1916156.04755 0
935694.832523 1916155.73678 0
935694.847798 1916155.41492 0
935694.863073 1916155.09306 0
935694.887303 1916154.78222 0
935694.893878 1916154.48261 0
935694.909153 1916154.16075 0
935694.915729 1916153.86114 0
935694.922134 1916153.53935 0
935694.937495 1916153.22858 0
935694.926331 1916152.92911 0
935694.932822 1916152.61841 0
935694.921658 1916152.31894 0
935694.919194 1916151.99721 0
935694.9169 1916151.69767 0
935694.914521 1916151.38704 0
935694.912142 1916151.07641 0
935694.909848 1916150.77687 0
935694.916339 1916150.46617 0
935694.913875 1916150.14444 0
935694.911496 1916149.83381 0
935694.917902 1916149.51202 0
935694.915438 1916149.19029 0
935694.930628 1916148.85733 0
935694.936948 1916148.52445 0
935694.952224 1916148.20258 0
935694.976198 1916147.85846 0
935694.991219 1916147.50332 0
935695.015363 1916147.18139 0
935695.030384 1916146.82625 0
935695.036789 1916146.50445 0
935695.060764 1916146.16033 0
935695.0583 1916145.83861 0
935695.07349 1916145.50565 0
935695.088765 1916145.18379 0
935695.086386 1916144.87315 0
935695.101577 1916144.5402 0
935695.099198 1916144.22957 0
935695.114473 1916143.9077 0
935695.120878 1916143.58591 0
935695.118499 1916143.27528 0
935695.124905 1916142.95348 0
935695.122441 1916142.63176 0
935695.137716 1916142.30989 0
935695.135252 1916141.98817 0
935695.132789 1916141.66644 0
935695.148064 1916141.34458 0
935695.145515 1916141.01176 0
935695.152005 1916140.70106 0
935695.167196 1916140.3681 0
935695.173601 1916140.04631 0
935695.197661 1916139.71328 0
935695.221891 1916139.40244 0
935695.25499 1916139.09154 0
935695.261396 1916138.76975 0
935695.285625 1916138.45891 0
935695.318639 1916138.13691 0
935695.307476 1916137.83744 0
935695.305097 1916137.52681 0
935695.302718 1916137.21618 0
935695.29147 1916136.90561 0
935695.289346 1916136.62826 0
935695.278012 1916136.3066 0
935695.266934 1916136.01823 0
935695.26464 1916135.71869 0
935695.244607 1916135.41928 0
935695.242398 1916135.13084 0
935695.222365 1916134.83144 0
935695.211371 1916134.55415 0
935695.217947 1916134.25455 0
935695.189214 1916133.9774 0
935695.18692 1916133.67786 0
935695.176011 1916133.41167 0
935695.164848 1916133.1122 0
935695.153939 1916132.84602 0
935695.142861 1916132.55764 0
935695.122913 1916132.26933 0
935695.103049 1916131.99212 0
935695.083016 1916131.69271 0
935695.054284 1916131.41557 0
935695.016597 1916131.12739 0
935694.97004 1916130.83929 0
935694.932353 1916130.55112 0
935694.885881 1916130.27411 0
935694.839239 1916129.97491 0
935694.783983 1916129.70906 0
935694.719602 1916129.40999 0
935694.664346 1916129.14415 0
935694.582396 1916128.86741 0
935694.509315 1916128.5906 0
935694.43632 1916128.32489 0
935694.35437 1916128.04815 0
935694.281459 1916127.79353 0
935694.190725 1916127.52795 0
935694.117814 1916127.27333 0
935694.026995 1916126.99666 0
935693.927476 1916126.74225 0
935693.827872 1916126.47674 0
935693.728267 1916126.21123 0
935693.628833 1916125.96791 0
935693.52036 1916125.70246 0
935693.420925 1916125.45914 0
935693.294967 1916125.22712 0
935693.186664 1916124.98387 0
935693.060876 1916124.77403 0
935692.934833 1916124.53091 0
935692.80896 1916124.30998 0
935692.665433 1916124.10029 0
935692.512866 1916123.86847 0
935692.360469 1916123.65883 0
935692.199203 1916123.44927 0
935692.038022 1916123.2508 0
935691.876926 1916123.06343 0
935691.689136 1916122.86516 0
935691.510385 1916122.68901 0
935691.313726 1916122.49082 0
935691.108452 1916122.32597 0
935690.912047 1916122.16105 0
935690.715727 1916122.00723 0
935690.501669 1916121.85354 0
935690.296564 1916121.71088 0
935690.082591 1916121.56829 0
935689.877486 1916121.42563 0
935689.663682 1916121.30523 0
935689.476317 1916121.16243 0
935689.271298 1916121.03087 0
935689.057494 1916120.91046 0
935688.85256 1916120.78999 0
935688.647625 1916120.66952 0
935688.433906 1916120.56021 0
935688.229142 1916120.46193 0
935688.024377 1916120.36364 0
935687.810743 1916120.26543 0
935687.597194 1916120.17831 0
935687.392515 1916120.09112 0
935687.179051 1916120.01509 0
935686.965587 1916119.93906 0
935686.761077 1916119.87406 0
935686.538744 1916119.7981 0
935686.325449 1916119.74426 0
935686.103201 1916119.67939 0
935685.872082 1916119.6146 0
935685.658873 1916119.57185 0
935685.427755 1916119.50705 0
935685.223415 1916119.46424 0
935685.001252 1916119.41047 0
935684.787958 1916119.35663 0
935684.565879 1916119.31395 0
935684.361539 1916119.27114 0
935684.13946 1916119.22846 0
935683.926336 1916119.19681 0
935683.713212 1916119.16516 0
935683.482349 1916119.13364 0
935683.26044 1916119.11315 0
935683.038361 1916119.07047 0
935682.816452 1916119.04998 0
935682.585504 1916119.00737 0
935682.36351 1916118.97579 0
935682.132562 1916118.93318 0
935681.901614 1916118.89057 0
935681.67075 1916118.85905 0
935681.448756 1916118.82747 0
935681.217893 1916118.79596 0
935680.987115 1916118.77553 0
935680.765206 1916118.75504 0
935680.534428 1916118.73462 0
935680.321303 1916118.70297 0
935680.090525 1916118.68255 0
935679.88644 1916118.67302 0
935679.655662 1916118.6526 0
935679.433838 1916118.6432 0
935679.211929 1916118.62271 0
935679.008014 1916118.63537 0
935678.777236 1916118.61495 0
935678.555412 1916118.60555 0
935678.342458 1916118.59609 0
935678.111679 1916118.57567 0
935677.90768 1916118.57723 0
935677.685686 1916118.54565 0
935677.481686 1916118.54721 0
935677.268732 1916118.53775 0
935677.064562 1916118.51712 0
935676.842653 1916118.49663 0
935676.620914 1916118.49833 0
935676.399091 1916118.48893 0
935676.177267 1916118.47954 0
935675.955528 1916118.48124 0
935675.733704 1916118.47184 0
935675.511965 1916118.47354 0
935675.281357 1916118.47531 0
935675.059618 1916118.47701 0
935674.829009 1916118.47877 0
935674.607186 1916118.46938 0
935674.394231 1916118.45991 0
935674.172407 1916118.45052 0
935673.950584 1916118.44112 0
935673.728675 1916118.42063 0
935673.506851 1916118.41124 0
935673.293897 1916118.40178 0
935673.071988 1916118.38129 0
935672.867903 1916118.37176 0
935672.646079 1916118.36236 0
935672.441994 1916118.35283 0
935672.23791 1916118.3433 0
935672.02487 1916118.32274 0
935671.820786 1916118.31321 0
935671.607831 1916118.30375 0
935671.403661 1916118.28312 0
935671.190707 1916118.27366 0
935670.986537 1916118.25303 0
935670.791237 1916118.23234 0
935670.587237 1916118.2339 0
935670.391937 1916118.21321 0
935670.196722 1916118.20361 0
935670.001507 1916118.19401 0
935669.815161 1916118.18434 0
935669.619946 1916118.17474 0
935669.433685 1916118.17617 0
935669.220731 1916118.16671 0
935669.03447 1916118.16814 0
935668.821516 1916118.15867 0
935668.626386 1916118.16017 0
935668.413517 1916118.1618 0
935668.218386 1916118.16329 0
935668.014472 1916118.17595 0
935667.819341 1916118.17745 0
935667.624211 1916118.17894 0
935667.420296 1916118.1916 0
935667.233951 1916118.18193 0
935667.029951 1916118.18349 0
935666.85256 1916118.18485 0
935666.657515 1916118.19744 0
935666.471169 1916118.18777 0
935666.284823 1916118.17811 0
935666.071954 1916118.17974 0
935665.885693 1916118.18117 0
935665.655085 1916118.18293 0
935665.45987 1916118.17333 0
935665.238131 1916118.17503 0
935665.034216 1916118.18769 0
935664.812562 1916118.20048 0
935664.590823 1916118.20218 0
935664.395778 1916118.21477 0
935664.182994 1916118.2275 0
935663.996818 1916118.24002 0
935663.774994 1916118.23062 0
935663.579949 1916118.24321 0
935663.367165 1916118.25594 0
935663.163165 1916118.2575 0
935662.950381 1916118.27022 0
935662.737596 1916118.28295 0
935662.542636 1916118.30663 0
935662.329937 1916118.33045 0
935662.134892 1916118.34304 0
935661.931232 1916118.38898 0
935661.718448 1916118.4017 0
935661.532442 1916118.43641 0
935661.337567 1916118.47119 0
935661.142607 1916118.49487 0
935660.947901 1916118.55184 0
935660.77068 1916118.57539 0
935660.549196 1916118.61037 0
935660.399094 1916118.70028 0
935660.17744 1916118.71307 0
935660.018213 1916118.76976 0
935659.814724 1916118.83789 0
935659.637417 1916118.85034 0
935659.496185 1916118.94018 0
935659.274786 1916118.98626 0
935659.106434 1916119.00974 0
935658.947632 1916119.1219 0
935658.744143 1916119.19003 0
935658.585001 1916119.25781 0
935658.372982 1916119.37039 0
935658.205055 1916119.44934 0
935658.028344 1916119.53945 0
935657.842849 1916119.64072 0
935657.657268 1916119.7309 0
935657.471773 1916119.83217 0
935657.294977 1916119.91119 0
935657.136175 1916120.02335 0
935656.959549 1916120.12456 0
935656.791792 1916120.2257 0
935656.624121 1916120.33793 0
935656.456535 1916120.46125 0
935656.297733 1916120.57342 0
935656.121447 1916120.719 0
935655.980469 1916120.84212 0
935655.830792 1916120.9875 0
935655.690154 1916121.155 0
935655.558131 1916121.28914 0
935655.435233 1916121.45651 0
935655.312334 1916121.62387 0
935655.198305 1916121.79116 0
935655.102015 1916121.95832 0
935654.997111 1916122.15883 0
935654.909776 1916122.33701 0
935654.84035 1916122.53725 0
935654.753184 1916122.73762 0
935654.692628 1916122.93779 0
935654.632156 1916123.14905 0
935654.589424 1916123.36018 0
935654.555646 1916123.58233 0
935654.530568 1916123.78223 0
935654.505574 1916123.99322 0
935654.498405 1916124.21516 0
935654.508805 1916124.41479 0
935654.510505 1916124.63667 0
935654.512035 1916124.83636 0
935654.522605 1916125.05817 0
935654.559699 1916125.26869 0
935654.570269 1916125.4905 0
935654.571969 1916125.71238 0
935654.582454 1916125.9231 0
935654.601893 1916126.14484 0
935654.612548 1916126.37775 0
935654.632157 1916126.62168 0
935654.669421 1916126.85438 0
935654.706939 1916127.12037 0
935654.752987 1916127.34191 0
935654.781466 1916127.58577 0
935654.809775 1916127.80745 0
935654.847124 1916128.05125 0
935654.866733 1916128.29518 0
935654.895382 1916128.56123 0
935654.923691 1916128.78291 0
935654.95217 1916129.02677 0
935654.971865 1916129.2818 0
935655.009043 1916129.50341 0
935655.028737 1916129.75843 0
935655.065916 1916129.98004 0
935655.094395 1916130.22391 0
935655.104965 1916130.44572 0
935655.124489 1916130.67856 0
935655.126189 1916130.90044 0
935655.136674 1916131.11116 0
935655.165153 1916131.35502 0
935655.157899 1916131.56588 0
935655.186208 1916131.78755 0
935655.196863 1916132.02046 0
935655.207347 1916132.23118 0
935655.226702 1916132.44183 0
935655.228402 1916132.66371 0
935655.247756 1916132.87436 0
935655.258156 1916133.07398 0
935655.286465 1916133.29566 0
935655.29695 1916133.50638 0
935655.316134 1916133.69484 0
935655.344358 1916133.90542 0
935655.363713 1916134.11607 0
935655.391851 1916134.31556 0
935655.411206 1916134.52621 0
935655.43943 1916134.73679 0
935655.467569 1916134.93628 0
935655.487008 1916135.15803 0
935655.506277 1916135.35758 0
935655.516847 1916135.5794 0
935655.536201 1916135.79005 0
935655.546686 1916136.00077 0
935655.557256 1916136.22258 0
935655.576695 1916136.44432 0
935655.58718 1916136.65504 0
935655.59758 1916136.85466 0
935655.625974 1916137.08744 0
935655.636374 1916137.28706 0
935655.664683 1916137.50874 0
935655.701691 1916137.70816 0
935655.712176 1916137.91888 0
935655.740315 1916138.11836 0
935655.759754 1916138.34011 0
935655.787808 1916138.5285 0
935655.816032 1916138.73908 0
935655.835301 1916138.93864 0
935655.872309 1916139.13806 0
935655.909233 1916139.32639 0
935655.946241 1916139.52581 0
935655.992119 1916139.72516 0
935656.037997 1916139.92451 0
935656.101614 1916140.12373 0
935656.156446 1916140.33411 0
935656.211279 1916140.54449 0
935656.265941 1916140.73268 0
935656.329643 1916140.94299 0
935656.393175 1916141.13111 0
935656.456877 1916141.34142 0
935656.520409 1916141.52954 0
935656.584026 1916141.72876 0
935656.647558 1916141.91688 0
935656.719959 1916142.10494 0
935656.792446 1916142.30409 0
935656.864847 1916142.49214 0
935656.937249 1916142.6802 0
935657.00965 1916142.86825 0
935657.090921 1916143.05624 0
935657.172107 1916143.23313 0
935657.244509 1916143.42118 0
935657.31691 1916143.60924 0
935657.406965 1916143.78606 0
935657.479367 1916143.97412 0
935657.551683 1916144.15108 0
935657.641824 1916144.339 0
935657.72284 1916144.4937 0
935657.81298 1916144.68162 0
935657.894081 1916144.84742 0
935657.984051 1916145.01315 0
935658.082891 1916145.17881 0
935658.155208 1916145.35577 0
935658.254048 1916145.52144 0
935658.326364 1916145.6984 0
935658.40738 1916145.8531 0
935658.479526 1916146.00787 0
935658.534189 1916146.19606 0
935658.61512 1916146.33967 0
935658.669697 1916146.51677 0
935658.715405 1916146.69394 0
935658.787551 1916146.84871 0
935658.833259 1916147.02587 0
935658.878882 1916147.19194 0
935658.933544 1916147.38013 0
935658.979167 1916147.5462 0
935659.024874 1916147.72337 0
935659.061713 1916147.9006 0
935659.098551 1916148.07783 0
935659.144344 1916148.26609 0
935659.190052 1916148.44326 0
935659.21802 1916148.62056 0
935659.254859 1916148.79779 0
935659.282912 1916148.98618 0
935659.310881 1916149.16348 0
935659.338935 1916149.35188 0
935659.358034 1916149.52925 0
935659.396232 1916149.88398 0
935659.406462 1916150.06142 0
935659.416777 1916150.24995 0
935659.435876 1916150.42732 0
935659.446191 1916150.61585 0
935659.45642 1916150.79329 0
935659.46665 1916150.97072 0
935659.485749 1916151.14809 0
935659.495979 1916151.32553 0
935659.506208 1916151.50296 0
935659.516353 1916151.66931 0
935659.508844 1916151.84688 0
935659.510119 1916152.01329 0
935659.520349 1916152.19072 0
935659.512754 1916152.3572 0
935659.514029 1916152.52361 0
935659.515389 1916152.70112 0
935659.516665 1916152.86753 0
935659.51794 1916153.03394 0
935659.5193 1916153.21144 0
935659.511705 1916153.37792 0
935659.504111 1916153.5444 0
935659.505471 1916153.7219 0
935659.506831 1916153.89941 0
935659.517061 1916154.07684 0
935659.527376 1916154.26537 0
935659.528651 1916154.43178 0
935659.538881 1916154.60922 0
935659.54911 1916154.78666 0
935659.559425 1916154.97519 0
935659.569655 1916155.15262 0
935659.579969 1916155.34115 0
935659.590284 1916155.52968 0
935659.600599 1916155.71821 0
935659.602214 1916155.929 0
935659.612443 1916156.10644 0
935659.631798 1916156.31709 0
935659.633158 1916156.49459 0
935659.643557 1916156.69422 0
935659.645088 1916156.89391 0
935659.646618 1916157.0936 0
935659.639278 1916157.29336 0
935659.640639 1916157.47087 0
935659.651123 1916157.68158 0
935659.643699 1916157.87025 0
935659.645229 1916158.06994 0
935659.646589 1916158.24745 0
935659.657074 1916158.45817 0
935659.649565 1916158.63574 0
935659.659964 1916158.83536 0
935659.65254 1916159.02403 0
935659.653985 1916159.21263 0
935659.655515 1916159.41232 0
935659.648176 1916159.61208 0
935659.649706 1916159.81177 0
935659.642367 1916160.01153 0
935659.643982 1916160.22232 0
935659.636558 1916160.41098 0
935659.638003 1916160.59958 0
935659.630748 1916160.81044 0
935659.632109 1916160.98794 0
935659.633639 1916161.18763 0
935659.626299 1916161.38739 0
935659.636699 1916161.58702 0
935659.62049 1916161.78685 0
935659.639674 1916161.97531 0
935659.632505 1916162.19726 0
935659.642905 1916162.39688 0
935659.653389 1916162.6076 0
935659.654835 1916162.7962 0
935659.674189 1916163.00685 0
935659.693458 1916163.20641 0
935659.695158 1916163.42829 0
935659.714597 1916163.65003 0
935659.716213 1916163.86082 0
935659.735652 1916164.08256 0
935659.746136 1916164.29328 0
935659.747837 1916164.51516 0
935659.758406 1916164.73697 0
935659.742283 1916164.9479 0
935659.743983 1916165.16978 0
935659.754637 1916165.40268 0
935659.756423 1916165.63566 0
935659.749253 1916165.8576 0
935659.742254 1916166.10174 0
935659.726215 1916166.32376 0
935659.728085 1916166.56783 0
935659.712132 1916166.80094 0
935659.713917 1916167.03391 0
935659.706832 1916167.26695 0
935659.708618 1916167.49993 0
935659.701448 1916167.72188 0
935659.694194 1916167.93273 0
935659.67824 1916168.16584 0
935659.670986 1916168.37669 0
935659.637293 1916168.60994 0
935659.629954 1916168.8097 0
935659.614 1916169.04281 0
935659.589092 1916169.2649 0
935659.564268 1916169.49807 0
935659.557014 1916169.70893 0
935659.549845 1916169.93088 0
935659.533721 1916170.1418 0
935659.544291 1916170.36361 0
935659.545906 1916170.5744 0
935659.538822 1916170.80744 0
935659.558176 1916171.01809 0
935659.559791 1916171.22888 0
935659.561491 1916171.45076 0
935659.572061 1916171.67257 0
935659.573761 1916171.89445 0
935659.575461 1916172.11633 0
935659.577161 1916172.33821 0
935659.587816 1916172.57112 0
935659.571777 1916172.79313 0
935659.573648 1916173.0372 0
935659.584302 1916173.27011 0
935659.577133 1916173.49206 0
935659.579003 1916173.73613 0
935659.571834 1916173.95807 0
935659.564665 1916174.18002 0
935659.548711 1916174.41313 0
935659.550496 1916174.64611 0
935659.552196 1916174.86799 0
935659.553896 1916175.08987 0
935659.546727 1916175.31182 0
935659.548427 1916175.5337 0
935659.541088 1916175.73346 0
935659.542788 1916175.95534 0
935659.535534 1916176.16619 0
935659.546104 1916176.388 0
935659.547719 1916176.59879 0
935659.540464 1916176.80964 0
935659.550864 1916177.00927 0
935659.552564 1916177.23115 0
935659.562964 1916177.43077 0
935659.573449 1916177.64149 0
935659.575064 1916177.85228 0
935659.576594 1916178.05197 0
935659.56934 1916178.26283 0
935659.562085 1916178.47368 0
935659.563616 1916178.67337 0
935659.547322 1916178.86211 0
935659.531283 1916179.08412 0
935659.497165 1916179.2619 0
935659.481041 1916179.47282 0
935659.455963 1916179.67272 0
935659.430885 1916179.87261 0
935659.414676 1916180.07244 0
935659.389683 1916180.28343 0
935659.373389 1916180.47217 0
935659.36605 1916180.67193 0
935659.349756 1916180.86066 0
935659.333547 1916181.06049 0
935659.335077 1916181.26018 0
935659.327738 1916181.45994 0
935659.320484 1916181.6708 0
935659.321929 1916181.85939 0
935659.323544 1916182.07018 0
935659.333859 1916182.25871 0
935659.326519 1916182.45847 0
935659.345789 1916182.65803 0
935659.347489 1916182.87991 0
935659.349104 1916183.0907 0
935659.359504 1916183.29032 0
935659.34355 1916183.52343 0
935659.345165 1916183.73422 0
935659.337996 1916183.95616 0
935659.321957 1916184.17818 0
935659.314788 1916184.40013 0
935659.298749 1916184.62215 0
935659.282625 1916184.83307 0
935659.266587 1916185.05508 0
935659.250378 1916185.25491 0
935659.243209 1916185.47686 0
935659.235784 1916185.66553 0
935659.237399 1916185.87631 0
935659.23006 1916186.07607 0
935659.222721 1916186.27583 0
935659.224251 1916186.47553 0
935659.225696 1916186.66412 0
935659.227226 1916186.86382 0
935659.237626 1916187.06344 0
935659.239071 1916187.25204 0
935659.231732 1916187.4518 0
935659.233262 1916187.65149 0
935659.225838 1916187.84016 0
935659.218584 1916188.05101 0
935659.20246 1916188.26194 0
935659.177467 1916188.47293 0
935659.161343 1916188.68385 0
935659.145219 1916188.89477 0
935659.111441 1916189.11692 0
935659.086363 1916189.31682 0
935659.043631 1916189.52795 0
935659.009768 1916189.739 0
935658.975736 1916189.92787 0
935658.923964 1916190.11688 0
935658.889931 1916190.30575 0
935658.846944 1916190.48359 0
935658.786388 1916190.68376 0
935658.734446 1916190.85058 0
935658.682674 1916191.03959 0
935658.622033 1916191.22866 0
935658.552523 1916191.4178 0
935658.482927 1916191.59585 0
935658.422201 1916191.77383 0
935658.35269 1916191.96297 0
935658.300749 1916192.12979 0
935658.240107 1916192.31886 0
935658.179211 1916192.47466 0
935658.118485 1916192.65264 0
935658.066458 1916192.80836 0
935657.996693 1916192.96422 0
935657.936137 1916193.16439 0
935657.892979 1916193.32005 0
935657.832253 1916193.49803 0
935657.798051 1916193.66471 0
935657.728455 1916193.84276 0
935657.694337 1916194.02053 0
935657.642311 1916194.17626 0
935657.5815 1916194.34314 0
935657.547127 1916194.48764 0
935657.477361 1916194.6435 0
935657.434034 1916194.77696 0
935657.399576 1916194.91036 0
935657.338595 1916195.05506 0
935657.303967 1916195.16627 0
935657.26951 1916195.29967 0
935657.243666 1916195.39972 0
935657.217908 1916195.51087 0
935657.18328 1916195.62208 0
935657.148568 1916195.7222 0
935657.122809 1916195.83334 0
935657.096881 1916195.9223 0
935657.071038 1916196.02235 0
935657.036325 1916196.12247 0
935657.010397 1916196.21142 0
935656.993423 1916196.31141 0
935656.95871 1916196.41152 0
935656.932697 1916196.48939 0
935656.915638 1916196.57827 0
935656.88971 1916196.66723 0
935656.863866 1916196.76728 0
935656.846807 1916196.85617 0
935656.829749 1916196.94506 0
935656.81269 1916197.03394 0
935656.8045 1916197.12276 0
935656.787442 1916197.21165 0
935656.770383 1916197.30054 0
935656.762193 1916197.38936 0
935656.754004 1916197.47818 0
935656.73703 1916197.57816 0
935656.737795 1916197.67801 0
935656.720907 1916197.78908 0
935656.721587 1916197.87784 0
935656.713397 1916197.96666 0
935656.705208 1916198.05548 0
935656.688234 1916198.15546 0
935656.68013 1916198.25537 0
935656.672025 1916198.35529 0
935656.655137 1916198.46636 0
935656.638248 1916198.57744 0
935656.630229 1916198.68845 0
935656.61334 1916198.79952 0
935656.60532 1916198.91053 0
935656.579732 1916199.04386 0
935656.562843 1916199.15494 0
935656.546125 1916199.28821 0
935656.53819 1916199.41031 0
935656.521302 1916199.52138 0
935656.513282 1916199.63239 0
935656.496393 1916199.74347 0
935656.497159 1916199.84331 0
935656.480185 1916199.9433 0
935656.47208 1916200.04321 0
935656.463891 1916200.13203 0
935656.464656 1916200.23188 0
935656.456467 1916200.3207 0
935656.448192 1916200.39842 0
935656.440003 1916200.48724 0
935656.449468 1916200.56483 0
935656.432409 1916200.65372 0
935656.433089 1916200.74247 0
935656.433769 1916200.83123 0
935656.434619 1916200.94217 0
935656.41773 1916201.05324 0
935656.418496 1916201.15309 0
935656.419346 1916201.26403 0
935656.411241 1916201.36394 0
935656.411922 1916201.45269 0
935656.403817 1916201.55261 0
935656.404497 1916201.64136 0
935656.396223 1916201.71909 0
935656.405858 1916201.81887 0
935656.397498 1916201.8855 0
935656.398093 1916201.96316 0
935656.398603 1916202.02972 0
935656.390244 1916202.09635 0
935656.399539 1916202.15175 0
935656.391179 1916202.21839 0
935656.391519 1916202.26276 0
935656.391859 1916202.30714 0
935656.38333 1916202.35158 0
935656.383585 1916202.38486 0
935656.383925 1916202.42924 0
935656.384265 1916202.47362 0
935656.375821 1916202.52915 0
935656.376076 1916202.56244 0
935656.376501 1916202.61791 0
935656.368056 1916202.67344 0
935656.368481 1916202.72891 0
935656.368907 1916202.78438 0
935656.360547 1916202.85102 0
935656.360887 1916202.89539 0
935656.361397 1916202.96196 0
935656.352783 1916202.99531 0
935656.344253 1916203.03975 0
935656.344253 1916203.03975 0
935656.352698 1916202.98421 0
935656.344083 1916203.01756 0
935656.352783 1916202.99531 0
935656.352698 1916202.98421 0
935656.352868 1916203.0064 0
935656.352698 1916202.98421 0
935656.343913 1916202.99537 0
935656.352698 1916202.98421 0
935656.352783 1916202.99531 0
935656.352698 1916202.98421 0
935656.352783 1916202.99531 0
935656.352698 1916202.98421 0
935656.343913 1916202.99537 0
935656.352783 1916202.99531 0
935656.352698 1916202.98421 0
935656.352698 1916202.98421 0
935656.352783 1916202.99531 0
935656.352698 1916202.98421 0
935656.352698 1916202.98421 0
935656.352698 1916202.98421 0
935656.343828 1916202.98428 0
935656.343828 1916202.98428 0
935656.352698 1916202.98421 0
935656.343828 1916202.98428 0
935656.343828 1916202.98428 0
