935656.797421639 1916157.75744813 20
935656.74199051 1916160.74966107 20
935656.687574638 1916163.7408904 20
935656.633142893 1916166.73311917 20
935656.6312681645 1916166.7433247294 20
935656.6294514682 1916166.7535341769 20
935656.6276925808 1916166.76374752 20
935656.6259912797 1916166.7739647676 20
935656.6243473417 1916166.784185927 20
935656.6227605438 1916166.7944110062 20
935656.6212306629 1916166.8046400128 20
935656.619757476 1916166.8148729554 20
935656.6183407601 1916166.825109841 20
935656.6169802925 1916166.8353506788 20
935656.6156758495 1916166.8455954758 20
935656.6144272087 1916166.85584424 20
935656.6132341468 1916166.8660969797 20
935656.6120964411 1916166.8763537025 20
935656.6110138681 1916166.8866144167 20
935656.6099862051 1916166.89687913 20
935656.609013229 1916166.9071478501 20
935656.6080947168 1916166.9174205856 20
935656.6072304455 1916166.9276973435 20
935656.6064201922 1916166.9379781326 20
935656.6056637337 1916166.9482629607 20
935656.6049608468 1916166.9585518353 20
935656.6043113089 1916166.9688447644 20
935656.603714897 1916166.9791417564 20
935656.6031713877 1916166.9894428183 20
935656.6026805583 1916166.9997479592 20
935656.6022421857 1916167.0100571865 20
935656.6018560467 1916167.020370508 20
935656.6015219187 1916167.0306879317 20
935656.6012395782 1916167.0410094652 20
935656.6010088025 1916167.0513351175 20
935656.6008293687 1916167.0616648956 20
935656.6007010534 1916167.0719988076 20
935656.6006236337 1916167.0823368616 20
935656.6005968868 1916167.0926790657 20
935656.6006205896 1916167.103025427 20
935656.600694519 1916167.1133759546 20
935656.6008184518 1916167.1237306555 20
935656.6009921655 1916167.1340895381 20
935656.6012154367 1916167.1444526105 20
935656.6014880425 1916167.1548198797 20
935656.6018097599 1916167.1651913547 20
935656.6021803657 1916167.175567043 20
935656.6025996372 1916167.1859469526 20
935656.6030673513 1916167.1963310912 20
935656.6035832847 1916167.206719467 20
935656.6041472147 1916167.2171120879 20
935656.6047589182 1916167.2275089617 20
935656.6054181721 1916167.2379100965 20
935656.6061247535 1916167.2483155 20
935656.6068784394 1916167.2587251805 20
935656.6076790066 1916167.2691391455 20
935656.6085262324 1916167.2795574034 20
935656.6094198935 1916167.2899799617 20
935656.6103597669 1916167.3004068288 20
935656.6113456298 1916167.310838012 20
935656.6123772591 1916167.3212735197 20
935656.6134544316 1916167.3317133596 20
935656.6145769245 1916167.34215754 20
935656.6157445147 1916167.3526060684 20
935656.6169569792 1916167.363058953 20
935656.618214095 1916167.3735162017 20
935656.619515639 1916167.3839778223 20
935656.6208613885 1916167.3944438228 20
935656.62225112 1916167.4049142112 20
935656.6236846109 1916167.4153889955 20
935656.625161638 1916167.4258681834 20
935656.6266819782 1916167.4363517829 20
935656.6282454086 1916167.446839802 20
935656.6298517063 1916167.4573322488 20
935656.631500648 1916167.4678291308 20
935656.633192011 1916167.4783304564 20
935656.6349255721 1916167.4888362333 20
935656.6367011082 1916167.4993464693 20
935656.6385183966 1916167.5098611724 20
935656.640377214 1916167.520380351 20
935656.6422773374 1916167.5309040123 20
935656.644218544 1916167.5414321646 20
935656.6462006106 1916167.5519648157 20
935656.6482233142 1916167.562501974 20
935656.6502864318 1916167.573043647 20
935656.6523897405 1916167.5835898428 20
935656.6545330172 1916167.5941405692 20
935656.6567160388 1916167.604695834 20
935656.6589385824 1916167.6152556452 20
935656.661200425 1916167.6258200111 20
935656.6635013435 1916167.6363889393 20
935656.6658411148 1916167.646962438 20
935656.6682195163 1916167.6575405148 20
935656.6706363243 1916167.6681231777 20
935656.6730913166 1916167.6787104348 20
935656.6755842696 1916167.689302294 20
935656.6781149603 1916167.699898763 20
935656.6806831661 1916167.7104998503 20
935656.6832886636 1916167.721105563 20
935656.6859312298 1916167.73171591 20
935656.6886106421 1916167.742330898 20
935656.691326677 1916167.7529505363 20
935656.6940791117 1916167.7635748321 20
935656.696867723 1916167.7742037931 20
935656.6996922883 1916167.7848374275 20
935656.7025525842 1916167.7954757437 20
935656.7054483879 1916167.8061187488 20
935656.7083794761 1916167.8167664516 20
935656.7113456262 1916167.8274188593 20
935656.7143466149 1916167.8380759798 20
935656.7173822192 1916167.848737822 20
935656.7204522162 1916167.859404393 20
935656.7235563828 1916167.8700757006 20
935656.7266944961 1916167.8807517535 20
935656.729866333 1916167.891432559 20
935656.7330716704 1916167.9021181248 20
935656.7363102854 1916167.9128084597 20
935656.739581955 1916167.923503571 20
935656.742886456 1916167.934203467 20
935656.7462235657 1916167.9449081554 20
935656.7495930609 1916167.955617644 20
935656.7529947187 1916167.9663319408 20
935656.7564283159 1916167.9770510544 20
935656.7598936294 1916167.9877749921 20
935656.7633904365 1916167.9985037616 20
935656.7669185142 1916168.0092373714 20
935656.770477639 1916168.0199758287 20
935656.7740675885 1916168.0307191424 20
935656.7776881394 1916168.0414673197 20
935656.7813390684 1916168.052220369 20
935656.7850201532 1916168.0629782977 20
935656.7887311701 1916168.073741114 20
935656.7924718965 1916168.0845088263 20
935656.7962421092 1916168.095281442 20
935656.8000415851 1916168.1060589692 20
935656.8038701015 1916168.1168414154 20
935656.807727435 1916168.127628789 20
935656.8116133629 1916168.138421098 20
935656.815527662 1916168.1492183504 20
935656.8194701094 1916168.1600205537 20
935656.823440482 1916168.1708277161 20
935656.8274385569 1916168.1816398455 20
935656.8314641109 1916168.1924569495 20
935656.8355169212 1916168.2032790366 20
935656.8395967647 1916168.2141061146 20
935656.8437034182 1916168.2249381912 20
935656.847836659 1916168.2357752745 20
935656.851996264 1916168.2466173721 20
935656.85618201 1916168.2574644925 20
935656.8603936742 1916168.2683166433 20
935656.8646310334 1916168.2791738326 20
935656.8688938648 1916168.290036068 20
935656.8731819452 1916168.3009033578 20
935656.8774950516 1916168.3117757097 20
935656.8818329612 1916168.3226531318 20
935656.8861954507 1916168.3335356317 20
935656.8905822972 1916168.3444232177 20
935656.8949932778 1916168.3553158978 20
935656.8994281694 1916168.3662136795 20
935656.903886749 1916168.3771165712 20
935656.9083687934 1916168.3880245804 20
935656.9128740798 1916168.3989377155 20
935656.9174023853 1916168.4098559842 20
935656.9219534864 1916168.420779394 20
935656.9265271606 1916168.4317079533 20
935656.9311231847 1916168.4426416701 20
935656.9357413357 1916168.4535805527 20
935656.9403813904 1916168.464524608 20
935656.9450431261 1916168.4754738447 20
935656.9497263196 1916168.4864282701 20
935656.9544307479 1916168.4973878933 20
935656.9591561881 1916168.5083527206 20
935656.963902417 1916168.5193227613 20
935656.9686692116 1916168.530298023 20
935656.9734563491 1916168.5412785131 20
935656.9782636063 1916168.5522642403 20
935656.9830907603 1916168.563255212 20
935656.9879375879 1916168.574251436 20
935656.9928038662 1916168.585252921 20
935656.9976893723 1916168.596259674 20
935657.002593883 1916168.6072717034 20
935657.0075171754 1916168.6182890176 20
935657.0124590265 1916168.6293116235 20
935657.0174192131 1916168.64033953 20
935657.0223975126 1916168.6513727445 20
935657.0273937015 1916168.6624112746 20
935657.0324075569 1916168.6734551291 20
935657.0374388561 1916168.6845043155 20
935657.0424873757 1916168.6955588416 20
935657.0475528929 1916168.7066187158 20
935657.0526351847 1916168.7176839453 20
935657.057734028 1916168.7287545386 20
935657.0628491999 1916168.7398305037 20
935657.0679804771 1916168.750911848 20
935657.0731276368 1916168.7619985798 20
935657.0782904562 1916168.7730907071 20
935657.0834687118 1916168.7841882377 20
935657.0886621809 1916168.7952911796 20
935657.0938706406 1916168.8063995405 20
935657.0990938676 1916168.8175133287 20
935657.104331639 1916168.8286325517 20
935657.1095837317 1916168.8397572176 20
935657.1148499228 1916168.8508873347 20
935657.1201299893 1916168.8620229107 20
935657.1254237082 1916168.8731639534 20
935657.1307308563 1916168.8843104707 20
935657.1360512109 1916168.8954624706 20
935657.1413845486 1916168.9066199614 20
935657.1467306467 1916168.9177829504 20
935657.1520892822 1916168.9289514462 20
935657.1574602318 1916168.9401254558 20
935657.1628432726 1916168.951304988 20
935657.1682381816 1916168.9624900508 20
935657.173644736 1916168.973680651 20
935657.1790627126 1916168.9848767978 20
935657.1844918882 1916168.996078499 20
935657.1899320402 1916169.0072857614 20
935657.1953829452 1916169.0184985944 20
935657.2008443803 1916169.0297170049 20
935657.2063161227 1916169.0409410011 20
935657.2117979492 1916169.0521705912 20
935657.2172896366 1916169.063405783 20
935657.2227909623 1916169.0746465842 20
935657.228301703 1916169.0858930028 20
935657.2338216358 1916169.097145047 20
935657.2393505377 1916169.1084027246 20
935657.2448881855 1916169.1196660437 20
935657.2504343564 1916169.1309350114 20
935657.2559888273 1916169.142209637 20
935657.2615513752 1916169.1534899273 20
935657.267121777 1916169.1647758908 20
935657.2726998099 1916169.1760675353 20
935657.2782852508 1916169.1873648684 20
935657.2838778764 1916169.1986678988 20
935657.289477464 1916169.2099766338 20
935657.2950837907 1916169.2212910815 20
935657.3006966332 1916169.2326112497 20
935657.3063157683 1916169.2439371466 20
935657.3119409736 1916169.25526878 20
935657.3175720257 1916169.2666061579 20
935657.3232087017 1916169.277949288 20
935657.3288507783 1916169.2892981789 20
935657.3344980328 1916169.3006528374 20
935657.3401502423 1916169.3120132727 20
935657.3458071832 1916169.3233794915 20
935657.3514686332 1916169.3347515026 20
935657.3571343689 1916169.3461293138 20
935657.3628041672 1916169.3575129327 20
935657.3684778053 1916169.3689023678 20
935657.3741550602 1916169.3802976261 20
935657.3798357086 1916169.3916987164 20
935657.385519528 1916169.4031056464 20
935657.3912062948 1916169.414518424 20
935657.3968957864 1916169.4259370568 20
935657.4025877796 1916169.4373615538 20
935657.4082820512 1916169.4487919214 20
935657.4139783788 1916169.4602281689 20
935657.4196765388 1916169.471670303 20
935657.4253763084 1916169.4831183327 20
935657.4310774646 1916169.4945722653 20
935657.4367797843 1916169.506032109 20
935657.4424830447 1916169.5174978718 20
935657.4481870226 1916169.5289695614 20
935657.4538914948 1916169.5404471857 20
935657.4595962387 1916169.5519307533 20
935657.465301031 1916169.5634202713 20
935657.4710056488 1916169.5749157476 20
935657.4767098691 1916169.586417191 20
935657.4824134689 1916169.5979246085 20
935657.488116225 1916169.6094380089 20
935657.4938179145 1916169.6209573993 20
935657.4995183145 1916169.632482788 20
935657.5052172019 1916169.6440141832 20
935657.5109143538 1916169.6555515924 20
935657.5166095467 1916169.6670950237 20
935657.5223025583 1916169.678644485 20
935657.5279931651 1916169.6901999842 20
935657.5336811444 1916169.7017615298 20
935657.5393662727 1916169.7133291287 20
935657.5450483273 1916169.7249027896 20
935657.5507270854 1916169.7364825201 20
935657.5564023237 1916169.7480683282 20
935657.5620738192 1916169.7596602223 20
935657.567741349 1916169.7712582096 20
935657.57340469 1916169.782862298 20
935657.5790636193 1916169.7944724965 20
935657.5847179135 1916169.806088812 20
935657.5903673501 1916169.8177112523 20
935657.5960117058 1916169.8293398265 20
935657.6016507577 1916169.8409745411 20
935657.6072842827 1916169.8526154053 20
935657.612912058 1916169.8642624263 20
935657.6185338602 1916169.875915612 20
935657.6241494666 1916169.887574971 20
935657.629758654 1916169.8992405103 20
935657.6353611995 1916169.9109122385 20
935657.6409568802 1916169.9225901633 20
935657.6465454728 1916169.9342742926 20
935657.6521267544 1916169.9459646347 20
935657.6577005021 1916169.957661197 20
935657.6632664928 1916169.9693639877 20
935657.6688245034 1916169.9810730147 20
935657.674374311 1916169.9927882862 20
935657.6799156925 1916170.0045098097 20
935657.6854484251 1916170.016237593 20
935657.6909722855 1916170.0279716447 20
935657.6964870509 1916170.0397119722 20
935657.7019924981 1916170.0514585837 20
935657.7074884044 1916170.0632114871 20
935657.7129745465 1916170.07497069 20
935657.7184507013 1916170.0867362008 20
935657.723916646 1916170.0985080274 20
935657.7293721576 1916170.1102861774 20
935657.734817013 1916170.122070659 20
935657.7402509892 1916170.1338614798 20
935657.7456738631 1916170.145658648 20
935657.7510854119 1916170.157462172 20
935657.7564854125 1916170.1692720586 20
935657.7618736417 1916170.1810883165 20
935657.7672498766 1916170.192910954 20
935657.7726138944 1916170.204739978 20
935657.7779654717 1916170.2165753974 20
935657.783304386 1916170.2284172194 20
935657.7886304137 1916170.2402654523 20
935657.7939433322 1916170.252120104 20
935657.7992429183 1916170.2639811824 20
935657.8045289491 1916170.275848695 20
935657.8098012015 1916170.287722651 20
935657.8150594523 1916170.299603057 20
935657.8203034789 1916170.3114899218 20
935657.8255330581 1916170.3233832526 20
935657.8307479669 1916170.3352830578 20
935657.835947982 1916170.3471893452 20
935657.8411328809 1916170.3591021227 20
935657.8463024402 1916170.3710213988 20
935657.851456437 1916170.3829471802 20
935657.8565946483 1916170.3948794762 20
935657.8617168512 1916170.4068182937 20
935657.8668228225 1916170.4187636413 20
935657.8719123391 1916170.4307155265 20
935657.8769851783 1916170.4426739574 20
935657.882041117 1916170.4546389421 20
935657.887079932 1916170.4666104885 20
935657.8921014004 1916170.478588604 20
935657.8971052992 1916170.490573297 20
935657.9020914054 1916170.5025645755 20
935657.9070594958 1916170.5145624476 20
935657.9120093477 1916170.5265669206 20
935657.9169407379 1916170.5385780025 20
935657.9218534435 1916170.550595702 20
935657.9267472412 1916170.5626200263 20
935657.9316219082 1916170.5746509838 20
935657.9364772217 1916170.5866885819 20
935657.9413129583 1916170.5987328289 20
935657.9461288952 1916170.6107837327 20
935657.9509248092 1916170.6228413014 20
935657.9557004776 1916170.6349055427 20
935657.9604556771 1916170.6469764642 20
935657.9651901848 1916170.6590540744 20
935657.9699037777 1916170.6711383811 20
935657.9745962325 1916170.6832293922 20
935657.9792673269 1916170.6953271157 20
935657.9839168371 1916170.707431559 20
935657.9885445405 1916170.7195427308 20
935657.9931502142 1916170.731660639 20
935657.9977336347 1916170.7437852907 20
935658.0022945795 1916170.7559166946 20
935658.0068328251 1916170.7680548583 20
935658.011348149 1916170.78019979 20
935658.0158403278 1916170.7923514973 20
935658.0203091386 1916170.8045099888 20
935658.0247543586 1916170.8166752716 20
935658.0291757644 1916170.8288473533 20
935658.0335731333 1916170.8410262433 20
935658.037946242 1916170.8532119486 20
935658.0422948677 1916170.8654044773 20
935658.0466187873 1916170.8776038375 20
935658.0509177779 1916170.8898100362 20
935658.0551916165 1916170.9020230826 20
935658.05944008 1916170.9142429843 20
935658.0636629453 1916170.9264697486 20
935658.0678599894 1916170.938703384 20
935658.0720309893 1916170.9509438984 20
935658.0761757223 1916170.9631912997 20
935658.0802939648 1916170.9754455958 20
935658.0843854945 1916170.9877067942 20
935658.0884500877 1916170.9999749034 20
935658.0924875218 1916171.0122499312 20
935658.0964975735 1916171.0245318857 20
935658.10048002 1916171.0368207744 20
935658.1044346385 1916171.0491166057 20
935658.1083612054 1916171.061419387 20
935658.1122594983 1916171.0737291267 20
935658.1161292937 1916171.0860458326 20
935658.1199703688 1916171.0983695127 20
935658.1237825006 1916171.1107001747 20
935658.127565466 1916171.1230378265 20
935658.1313190422 1916171.1353824765 20
935658.1350430058 1916171.1477341321 20
935658.1387371343 1916171.160092802 20
935658.1424012042 1916171.172458493 20
935658.1460349926 1916171.184831214 20
935658.1496382768 1916171.1972109722 20
935658.1532108336 1916171.2095977762 20
935658.1567524397 1916171.2219916335 20
935658.1602628725 1916171.234392552 20
935658.1637419086 1916171.24680054 20
935658.1671893253 1916171.2592156054 20
935658.1706048996 1916171.271637756 20
935658.1739884084 1916171.2840669993 20
935658.1773396285 1916171.2965033436 20
935658.1806583372 1916171.3089467974 20
935658.1839443111 1916171.3213973679 20
935658.1871973276 1916171.3338550632 20
935658.1904171635 1916171.346319891 20
935658.1936035958 1916171.3587918598 20
935658.1967564014 1916171.3712709772 20
935658.1998753574 1916171.383757251 20
935658.2029602408 1916171.3962506894 20
935658.2060108284 1916171.4087513003 20
935658.2090268974 1916171.4212590915 20
935658.2120082248 1916171.433774071 20
935658.2149545874 1916171.446296247 20
935658.2178657623 1916171.4588256269 20
935658.2207415263 1916171.4713622187 20
935658.2235816567 1916171.483906031 20
935658.2263859304 1916171.4964570708 20
935658.2291541242 1916171.5090153469 20
935658.2318860154 1916171.5215808665 20
935658.2345813805 1916171.5341536382 20
935658.237239997 1916171.5467336692 20
935658.2398616415 1916171.5593209683 20
935658.2424460913 1916171.5719155427 20
935658.2449931232 1916171.584517401 20
935658.2475025142 1916171.5971265498 20
935658.2499740414 1916171.6097429988 20
935658.2524074815 1916171.6223667548 20
935658.2548026118 1916171.6349978263 20
935658.2571592092 1916171.6476362203 20
935658.2594770505 1916171.660281946 20
935658.2617559131 1916171.6729350106 20
935658.2639955735 1916171.6855954223 20
935658.2661958091 1916171.6982631888 20
935658.2683563966 1916171.7109383177 20
935658.270477113 1916171.723620818 20
935658.2725577356 1916171.7363106967 20
935658.2745980409 1916171.7490079622 20
935658.2765978063 1916171.7617126221 20
935658.2785568085 1916171.7744246842 20
935658.2804748246 1916171.7871441573 20
935658.2823516318 1916171.7998710487 20
935658.2841870066 1916171.8126053663 20
935658.2859807266 1916171.825347118 20
935658.2877325682 1916171.8380963118 20
935658.2894423088 1916171.850852956 20
935658.2911097251 1916171.863617058 20
935658.2927345943 1916171.8763886262 20
935658.2943166933 1916171.8891676678 20
935658.2958557991 1916171.9019541917 20
935658.2973516887 1916171.9147482053 20
935658.298804139 1916171.9275497166 20
935658.300212927 1916171.9403587335 20
935658.3015778299 1916171.9531752637 20
935658.3028986243 1916171.9659993157 20
935658.3041750876 1916171.9788308972 20
935658.3054069965 1916171.991670016 20
935658.3065941281 1916172.0045166803 20
935658.3077362593 1916172.017370897 20
935658.3088331672 1916172.0302326756 20
935658.3098846287 1916172.0431020232 20
935658.3108904208 1916172.0559789478 20
935658.3118503207 1916172.0688634573 20
935658.312764105 1916172.0817555597 20
935658.3136315509 1916172.094655263 20
935658.3144524355 1916172.107562575 20
935658.3152265353 1916172.1204775039 20
935658.3159536279 1916172.133400057 20
935658.31663349 1916172.146330243 20
935658.3172658988 1916172.1592680695 20
935658.3178506307 1916172.1722135444 20
935658.3183874633 1916172.1851666756 20
935658.3188761733 1916172.198127471 20
935658.3193165378 1916172.2110959387 20
935658.3197083338 1916172.2240720866 20
935658.320051338 1916172.2370559229 20
935658.320345328 1916172.250047455 20
935658.3205900801 1916172.2630466907 20
935658.3207853715 1916172.2760536387 20
935658.3209309796 1916172.2890683066 20
935658.3210266806 1916172.302090702 20
935658.3210722525 1916172.3151208332 20
935658.3210674713 1916172.328158708 20
935658.3210121144 1916172.3412043345 20
935658.3209059591 1916172.3542577203 20
935658.3207487818 1916172.3673188738 20
935658.3205403601 1916172.3803878024 20
935658.3202804703 1916172.3934645145 20
935658.31996889 1916172.4065490176 20
935658.3196053957 1916172.41964132 20
935658.3191897647 1916172.4327414297 20
935658.318721774 1916172.445849354 20
935658.3182012005 1916172.4589651015 20
935658.317627821 1916172.47208868 20
935658.317627821 1916172.47208868 20
935658.3166055321 1916172.525202643 20
935658.315583243 1916172.5783166059 20
935658.3145609541 1916172.631430569 20
935658.3135386651 1916172.684544532 20
935658.3125163761 1916172.737658495 20
935658.3114940872 1916172.790772458 20
935658.3104717982 1916172.8438864213 20
935658.3094495093 1916172.8970003843 20
935658.3084272203 1916172.9501143473 20
935658.3074049313 1916173.0032283103 20
935658.3063826424 1916173.0563422735 20
935658.3053603533 1916173.1094562365 20
935658.3043380644 1916173.1625701995 20
935658.3033157755 1916173.2156841625 20
935658.3022934864 1916173.2687981257 20
935658.3012711975 1916173.3219120887 20
935658.3002489085 1916173.3750260517 20
935658.2992266195 1916173.4281400146 20
935658.2982043306 1916173.4812539779 20
935658.2971820416 1916173.5343679409 20
935658.2961597526 1916173.5874819038 20
935658.2951374636 1916173.6405958668 20
935658.2941151747 1916173.69370983 20
935658.2930928858 1916173.746823793 20
935658.2920705967 1916173.799937756 20
935658.2910483078 1916173.853051719 20
935658.2900260189 1916173.9061656822 20
935658.2890037298 1916173.9592796452 20
935658.2879814409 1916174.0123936082 20
935658.2869591519 1916174.0655075712 20
935658.2859368629 1916174.1186215344 20
935658.284914574 1916174.1717354974 20
935658.283892285 1916174.2248494604 20
935658.282869996 1916174.2779634234 20
935658.281847707 1916174.3310773866 20
935658.2808254181 1916174.3841913496 20
935658.2798031291 1916174.4373053126 20
935658.2787808401 1916174.4904192756 20
935658.2777585512 1916174.5435332388 20
935658.2767362623 1916174.5966472018 20
935658.2757139732 1916174.6497611648 20
935658.2746916843 1916174.7028751278 20
935658.2736693952 1916174.755989091 20
935658.2726471063 1916174.809103054 20
935658.2716248174 1916174.862217017 20
935658.2706025284 1916174.91533098 20
935658.2695802394 1916174.968444943 20
935658.2685579504 1916175.0215589062 20
935658.2675356615 1916175.0746728692 20
935658.2665133725 1916175.1277868322 20
935658.2654910835 1916175.1809007952 20
935658.2644687946 1916175.2340147584 20
935658.2634465056 1916175.2871287214 20
935658.2624242166 1916175.3402426844 20
935658.2614019277 1916175.3933566473 20
935658.2603796386 1916175.4464706106 20
935658.2593573497 1916175.4995845736 20
935658.2583350608 1916175.5526985365 20
935658.2573127717 1916175.6058124995 20
935658.2562904828 1916175.6589264628 20
935658.2552681938 1916175.7120404257 20
935658.2542459049 1916175.7651543887 20
935658.2532236159 1916175.8182683517 20
935658.2522013269 1916175.871382315 20
935658.251179038 1916175.924496278 20
935658.2501567489 1916175.977610241 20
935658.24913446 1916176.030724204 20
935658.2481121711 1916176.0838381671 20
935658.247089882 1916176.1369521301 20
935658.2460675931 1916176.190066093 20
935658.2450453042 1916176.243180056 20
935658.2440230151 1916176.2962940193 20
935658.2430007262 1916176.3494079823 20
935658.2419784372 1916176.4025219453 20
935658.2409561482 1916176.4556359083 20
935658.2399338593 1916176.5087498715 20
935658.2389115703 1916176.5618638345 20
935658.2378892814 1916176.6149777975 20
935658.2368669923 1916176.6680917605 20
935658.2358447034 1916176.7212057237 20
935658.2348224145 1916176.7743196867 20
935658.2338001254 1916176.8274336497 20
935658.2327778365 1916176.8805476127 20
935658.2322516103 1916176.9080559702 20
935658.2318245965 1916176.9304432066 20
935658.2313975828 1916176.9528304427 20
935658.2309705692 1916176.975217679 20
935658.2305435555 1916176.9976049154 20
935658.2301165417 1916177.0199921518 20
935658.229689528 1916177.0423793881 20
935658.2292625144 1916177.0647666245 20
935658.2288355007 1916177.0871538606 20
935658.2284084869 1916177.109541097 20
935658.2279814732 1916177.1319283333 20
935658.2275544596 1916177.1543155697 20
935658.2271274459 1916177.176702806 20
935658.2267004321 1916177.1990900424 20
935658.2262734184 1916177.2214772785 20
935658.2258464048 1916177.2438645149 20
935658.2254193911 1916177.2662517512 20
935658.2249923773 1916177.2886389876 20
935658.2245653636 1916177.311026224 20
935658.22413835 1916177.33341346 20
935658.2237113363 1916177.3558006964 20
935658.2232843225 1916177.3781879328 20
935658.2228573088 1916177.4005751691 20
935658.2224302952 1916177.4229624055 20
935658.2220032815 1916177.4453496418 20
935658.2215762677 1916177.467736878 20
935658.221149254 1916177.4901241143 20
935658.2207222404 1916177.5125113507 20
935658.2202952267 1916177.534898587 20
935658.2198682129 1916177.5572858234 20
935658.2194411992 1916177.5796730595 20
935658.2190141856 1916177.6020602959 20
935658.2185871719 1916177.6244475322 20
935658.2181601581 1916177.6468347686 20
935658.2177331444 1916177.669222005 20
935658.2173061308 1916177.6916092413 20
935658.2168791171 1916177.7139964774 20
935658.2164521033 1916177.7363837138 20
935658.2160250896 1916177.7587709501 20
935658.215598076 1916177.7811581865 20
935658.2151710623 1916177.8035454229 20
935658.2147440485 1916177.825932659 20
935658.2143170348 1916177.8483198953 20
935658.2138900212 1916177.8707071317 20
935658.2134630075 1916177.893094368 20
935658.2130359937 1916177.9154816044 20
935658.21260898 1916177.9378688408 20
935658.2121819664 1916177.9602560769 20
935658.2117549527 1916177.9826433132 20
935658.211327939 1916178.0050305496 20
935658.2109009252 1916178.027417786 20
935658.2104739116 1916178.0498050223 20
935658.2100468979 1916178.0721922584 20
935658.2096198841 1916178.0945794948 20
935658.2091928704 1916178.1169667311 20
935658.2087658568 1916178.1393539675 20
935658.2083388431 1916178.1617412039 20
935658.2079118293 1916178.1841284402 20
935658.2074848156 1916178.2065156763 20
935658.207057802 1916178.2289029127 20
935658.2066307883 1916178.251290149 20
935658.2062037745 1916178.2736773854 20
935658.2057767608 1916178.2960646218 20
935658.2053497472 1916178.318451858 20
935658.2049227335 1916178.3408390942 20
935658.2044957198 1916178.3632263306 20
935658.204068706 1916178.385613567 20
935658.2036416924 1916178.4080008033 20
935658.2032146787 1916178.4303880397 20
935658.202787665 1916178.4527752758 20
935658.2023606512 1916178.4751625122 20
935658.2019336376 1916178.4975497485 20
935658.2015066239 1916178.5199369849 20
935658.2010796102 1916178.5423242212 20
935658.2006525964 1916178.5647114576 20
935658.2002255828 1916178.5870986937 20
935658.1997985691 1916178.60948593 20
935658.1993715554 1916178.6318731664 20
935658.1989445416 1916178.6542604028 20
935658.198517528 1916178.6766476391 20
935658.1980905143 1916178.6990348753 20
935658.1976635006 1916178.7214221116 20
935658.1972364868 1916178.743809348 20
935658.196659441 1916178.7736388405 20
935658.1960073791 1916178.807189461 20
935658.1953553172 1916178.8407400816 20
935658.1947032552 1916178.8742907024 20
935658.1940511933 1916178.907841323 20
935658.1933991314 1916178.9413919435 20
935658.1927470694 1916178.974942564 20
935658.1920950075 1916179.0084931846 20
935658.1914429456 1916179.0420438054 20
935658.1907908836 1916179.075594426 20
935658.1901388217 1916179.1091450464 20
935658.1894867598 1916179.142695667 20
935658.1888346978 1916179.1762462878 20
935658.1881826359 1916179.2097969083 20
935658.187530574 1916179.2433475289 20
935658.186878512 1916179.2768981494 20
935658.1862264501 1916179.3104487702 20
935658.1855743882 1916179.3439993907 20
935658.1849223264 1916179.3775500113 20
935658.1842702643 1916179.4111006318 20
935658.1836182025 1916179.4446512524 20
935658.1829661406 1916179.4782018731 20
935658.1823140786 1916179.5117524937 20
935658.1816620167 1916179.5453031142 20
935658.1810099548 1916179.5788537348 20
935658.1803578928 1916179.6124043555 20
935658.1797058309 1916179.645954976 20
935658.179053769 1916179.6795055966 20
935658.178401707 1916179.7130562172 20
935658.1777496451 1916179.746606838 20
935658.1770975832 1916179.7801574585 20
935658.1764455212 1916179.813708079 20
935658.1757934593 1916179.8472586996 20
935658.1751413974 1916179.8808093201 20
935658.1744893355 1916179.914359941 20
935658.1738372735 1916179.9479105615 20
935658.1731852116 1916179.981461182 20
935658.1725331497 1916180.0150118025 20
935658.1718810877 1916180.0485624233 20
935658.1712290258 1916180.0821130439 20
935658.1705769639 1916180.1156636644 20
935658.1699249019 1916180.149214285 20
935658.16927284 1916180.1827649057 20
935658.1686207781 1916180.2163155263 20
935658.1679687161 1916180.2498661468 20
935658.1673166542 1916180.2834167674 20
935658.1666645923 1916180.3169673881 20
935658.1660125304 1916180.3505180087 20
935658.1653604684 1916180.3840686292 20
935658.1647084065 1916180.4176192498 20
935658.1640563447 1916180.4511698703 20
935658.1634042826 1916180.484720491 20
935658.1627522208 1916180.5182711117 20
935658.1621001589 1916180.5518217322 20
935658.1614480969 1916180.5853723527 20
935658.160796035 1916180.6189229735 20
935658.1601439731 1916180.652473594 20
935658.1594919111 1916180.6860242146 20
935658.1588398492 1916180.7195748352 20
935658.1581877873 1916180.753125456 20
935658.1575357253 1916180.7866760765 20
935658.1568836634 1916180.820226697 20
935658.1562316015 1916180.8537773176 20
935658.1555795396 1916180.887327938 20
935658.1549274776 1916180.920878559 20
935658.1542754157 1916180.9544291794 20
935658.1536233538 1916180.9879798 20
935658.1529712918 1916181.0215304205 20
935658.1523192299 1916181.0550810413 20
935658.151667168 1916181.0886316618 20
935658.151015106 1916181.1221822824 20
935658.1503630441 1916181.155732903 20
935658.1497109822 1916181.1892835237 20
935658.1490589202 1916181.2228341443 20
935658.1484068583 1916181.2563847648 20
935658.1477547964 1916181.2899353853 20
935658.1471027345 1916181.323486006 20
935658.1464506725 1916181.3570366267 20
935658.1457986106 1916181.3905872472 20
935658.1451465487 1916181.4241378678 20
935658.1444944867 1916181.4576884883 20
935658.1438424248 1916181.491239109 20
935658.143190363 1916181.5247897296 20
935658.1425077092 1916181.5595118543 20
935658.1417944639 1916181.595405483 20
935658.1410812185 1916181.6312991115 20
935658.1403679731 1916181.6671927401 20
935658.1396547277 1916181.703086369 20
935658.1389414823 1916181.7389799976 20
935658.1382282369 1916181.7748736262 20
935658.1375149915 1916181.8107672548 20
935658.1368017461 1916181.8466608834 20
935658.1360885007 1916181.8825545122 20
935658.1353752554 1916181.9184481408 20
935658.1346620099 1916181.9543417695 20
935658.1339487645 1916181.990235398 20
935658.1332355192 1916182.026129027 20
935658.1325222737 1916182.0620226555 20
935658.1318090283 1916182.097916284 20
935658.131095783 1916182.1338099127 20
935658.1303825376 1916182.1697035413 20
935658.1296692921 1916182.2055971702 20
935658.1289560468 1916182.2414907988 20
935658.1282428014 1916182.2773844274 20
935658.127529556 1916182.313278056 20
935658.1268163106 1916182.3491716848 20
935658.1261030652 1916182.3850653134 20
935658.1253898198 1916182.420958942 20
935658.1246765744 1916182.4568525706 20
935658.123963329 1916182.4927461995 20
935658.1232500836 1916182.528639828 20
935658.1225368383 1916182.5645334567 20
935658.1218235928 1916182.6004270853 20
935658.1211103474 1916182.636320714 20
935658.1203971021 1916182.6722143427 20
935658.1196838566 1916182.7081079714 20
935658.1189706112 1916182.7440016 20
935658.1182573659 1916182.7798952286 20
935658.1175441205 1916182.8157888574 20
935658.116830875 1916182.851682486 20
935658.1161176297 1916182.8875761146 20
935658.1154043843 1916182.9234697432 20
935658.1146911388 1916182.9593633718 20
935658.1139778935 1916182.9952570007 20
935658.1132646481 1916183.0311506293 20
935658.1125514028 1916183.067044258 20
935658.1118381573 1916183.1029378865 20
935658.1111249119 1916183.1388315153 20
935658.1104116666 1916183.174725144 20
935658.1096984212 1916183.2106187725 20
935658.1089851757 1916183.2465124012 20
935658.1082719304 1916183.2824060298 20
935658.107558685 1916183.3182996586 20
935658.1068454395 1916183.3541932872 20
935658.1061321942 1916183.3900869158 20
935658.1054189488 1916183.4259805444 20
935658.1047057034 1916183.4618741733 20
935658.103992458 1916183.4977678019 20
935658.1032792126 1916183.5336614305 20
935658.1025659672 1916183.569555059 20
935658.1018527218 1916183.605448688 20
935658.1011394764 1916183.6413423165 20
935658.100426231 1916183.6772359451 20
935658.0997129857 1916183.7131295737 20
935658.0989997402 1916183.7490232023 20
935658.0982864948 1916183.7849168312 20
935658.0975732495 1916183.8208104598 20
935658.0968600041 1916183.8567040884 20
935658.0961467586 1916183.892597717 20
935658.0954335133 1916183.9284913458 20
935658.0947202679 1916183.9643849744 20
935658.0940070224 1916184.000278603 20
935658.0932937771 1916184.0361722317 20
935658.0925805317 1916184.0720658603 20
935658.0918672864 1916184.107959489 20
935658.0911540409 1916184.1438531177 20
935658.0904407955 1916184.1797467463 20
935658.0897275502 1916184.215640375 20
935658.0890143047 1916184.2515340038 20
935658.0883010593 1916184.2874276324 20
935658.087587814 1916184.323321261 20
935658.0868745686 1916184.3592148896 20
935658.0861613231 1916184.3951085184 20
935658.0854480778 1916184.431002147 20
935658.0847348324 1916184.4668957756 20
935658.084021587 1916184.5027894042 20
935658.083308405 1916184.5386790272 20
935658.0825953498 1916184.5745606385 20
935658.0818822945 1916184.6104422498 20
935658.0811692394 1916184.646323861 20
935658.0804561841 1916184.6822054726 20
935658.0797431289 1916184.718087084 20
935658.0790300736 1916184.7539686952 20
935658.0783170185 1916184.7898503065 20
935658.0776039632 1916184.825731918 20
935658.076890908 1916184.8616135293 20
935658.0761778527 1916184.8974951406 20
935658.0754647976 1916184.9333767518 20
935658.0747517423 1916184.9692583634 20
935658.074038687 1916185.0051399746 20
935658.0733256319 1916185.041021586 20
935658.0726125767 1916185.0769031972 20
935658.0718995214 1916185.1127848087 20
935658.0711864661 1916185.14866642 20
935658.070473411 1916185.1845480313 20
935658.0697603557 1916185.2204296426 20
935658.0690473005 1916185.256311254 20
935658.0683342452 1916185.2921928654 20
935658.0676211901 1916185.3280744767 20
935658.0669081348 1916185.363956088 20
935658.0661950796 1916185.3998376995 20
935658.0654820245 1916185.4357193108 20
935658.0647689692 1916185.471600922 20
935658.064055914 1916185.5074825333 20
935658.0633428587 1916185.5433641449 20
935658.0626298035 1916185.5792457561 20
935658.0619167483 1916185.6151273674 20
935658.061203693 1916185.6510089787 20
935658.0604906378 1916185.6868905902 20
935658.0597775826 1916185.7227722015 20
935658.0590645274 1916185.7586538128 20
935658.0583514721 1916185.794535424 20
935658.057638417 1916185.8304170354 20
935658.0569253617 1916185.866298647 20
935658.0562123065 1916185.9021802582 20
935658.0554992512 1916185.9380618695 20
935658.0547861961 1916185.9739434808 20
935658.0540731408 1916186.0098250923 20
935658.0533600856 1916186.0457067036 20
935658.0526470303 1916186.0815883148 20
935658.0519339752 1916186.1174699261 20
935658.0512209199 1916186.1533515377 20
935658.0505078647 1916186.189233149 20
935658.0497948095 1916186.2251147602 20
935658.0490817543 1916186.2609963715 20
935658.048368699 1916186.296877983 20
935658.0476556438 1916186.3327595943 20
935658.0469425886 1916186.3686412056 20
935658.0462295334 1916186.4045228169 20
935658.0455164781 1916186.4404044284 20
935658.0448034229 1916186.4762860397 20
935658.0440903677 1916186.512167651 20
935658.0433773125 1916186.5480492623 20
935658.0426642572 1916186.5839308738 20
935658.0419512021 1916186.619812485 20
935658.0412381468 1916186.6556940963 20
935658.0405250916 1916186.6915757076 20
935658.0398120363 1916186.7274573192 20
935658.0390989812 1916186.7633389304 20
935658.0383859259 1916186.7992205417 20
935658.0376728707 1916186.835102153 20
935658.0369598154 1916186.8709837645 20
935658.0362467603 1916186.9068653758 20
935658.035533705 1916186.942746987 20
935658.0348206498 1916186.9786285984 20
935658.0341075946 1916187.0145102097 20
935658.0333945394 1916187.0503918212 20
935658.0326814841 1916187.0862734325 20
935658.0319684289 1916187.1221550438 20
935658.0312553737 1916187.158036655 20
935658.0305423185 1916187.1939182666 20
935658.0298292632 1916187.2297998779 20
935658.029116208 1916187.2656814891 20
935658.0284031528 1916187.3015631004 20
935658.0276900976 1916187.337444712 20
935658.0269770423 1916187.3733263232 20
935658.0262639872 1916187.4092079345 20
935658.0255509319 1916187.4450895458 20
935658.0248378767 1916187.4809711573 20
935658.0241247896 1916187.5168547714 20
935658.0234115436 1916187.5527484 20
935658.0226982974 1916187.5886420289 20
935658.0219850513 1916187.6245356575 20
935658.0212718053 1916187.660429286 20
935658.0205585591 1916187.6963229147 20
935658.019845313 1916187.7322165433 20
935658.0191320669 1916187.7681101721 20
935658.0184188208 1916187.8040038007 20
935658.0177055747 1916187.8398974293 20
935658.0169923286 1916187.875791058 20
935658.0162790825 1916187.9116846868 20
935658.0155658363 1916187.9475783154 20
935658.0148525903 1916187.983471944 20
935658.0141393442 1916188.0193655726 20
935658.013426098 1916188.0552592012 20
935658.012712852 1916188.09115283 20
935658.0119996059 1916188.1270464587 20
935658.0112863597 1916188.1629400873 20
935658.0105731137 1916188.1988337159 20
935658.0098598675 1916188.2347273445 20
935658.0091466215 1916188.2706209733 20
935658.0084333754 1916188.306514602 20
935658.0077201292 1916188.3424082305 20
935658.0070068832 1916188.3783018591 20
935658.006293637 1916188.414195488 20
935658.0055803909 1916188.4500891166 20
935658.0048671449 1916188.4859827452 20
935658.0041538987 1916188.5218763738 20
935658.0034406526 1916188.5577700024 20
935658.0027274064 1916188.5936636312 20
935658.0020141604 1916188.6295572598 20
935658.0013009143 1916188.6654508885 20
935658.0005876682 1916188.701344517 20
935657.9998744221 1916188.7372381457 20
935657.999161176 1916188.7731317745 20
935657.9984479299 1916188.809025403 20
935657.9977346838 1916188.8449190317 20
935657.9970214376 1916188.8808126603 20
935657.9963081916 1916188.9167062892 20
935657.9955949455 1916188.9525999178 20
935657.9948816993 1916188.9884935464 20
935657.9941684533 1916189.024387175 20
935657.9934552071 1916189.0602808036 20
935657.992741961 1916189.0961744324 20
935657.992028715 1916189.132068061 20
935657.9913154688 1916189.1679616896 20
935657.9906022227 1916189.2038553183 20
935657.9898889767 1916189.2397489469 20
935657.9891757305 1916189.2756425757 20
935657.9884624844 1916189.3115362043 20
935657.9877492383 1916189.347429833 20
935657.9870359922 1916189.3833234615 20
935657.9863227461 1916189.4192170904 20
935657.9856095 1916189.455110719 20
935657.9848962539 1916189.4910043476 20
935657.9841830077 1916189.5268979762 20
935657.9834697617 1916189.5627916048 20
935657.9827565156 1916189.5986852336 20
935657.9820432694 1916189.6345788622 20
935657.9813300234 1916189.6704724908 20
935657.9806167773 1916189.7063661194 20
935657.9799035311 1916189.742259748 20
935657.9791902851 1916189.778153377 20
935657.9784770389 1916189.8140470055 20
935657.9777637928 1916189.849940634 20
935657.9770505468 1916189.8858342627 20
935657.9763373006 1916189.9217278915 20
935657.9756240546 1916189.9576215202 20
935657.9749108084 1916189.9935151488 20
935657.9741975623 1916190.0294087774 20
935657.9734843163 1916190.065302406 20
935657.9727710701 1916190.1011960348 20
935657.972057824 1916190.1370896634 20
935657.9713445778 1916190.172983292 20
935657.9706313318 1916190.2088769206 20
935657.9699180857 1916190.2447705492 20
935657.9692048396 1916190.280664178 20
935657.9684915935 1916190.3165578067 20
935657.9677783474 1916190.3524514353 20
935657.9670651013 1916190.388345064 20
935657.9663518552 1916190.4242386927 20
935657.965638609 1916190.4601323213 20
935657.964925363 1916190.4960259 21
935657.964925363 1916190.49602595 21
935657.9692750188 1916190.5123592652 21
935657.9735245727 1916190.5286021738 21
935657.9776744342 1916190.5447550563 21
935657.9817250128 1916190.5608182931 21
935657.9856767183 1916190.5767922648 21
935657.9895299604 1916190.5926773525 21
935657.9932851486 1916190.6084739366 21
935657.9969426928 1916190.6241823973 21
935658.0005030025 1916190.6398031153 21
935658.0039664875 1916190.6553364717 21
935658.0073335572 1916190.6707828464 21
935658.0106046213 1916190.6861426204 21
935658.0137800897 1916190.7014161744 21
935658.0168603718 1916190.716603889 21
935658.0198458777 1916190.7317061443 21
935658.0227370163 1916190.7467233213 21
935658.0255341979 1916190.7616558005 21
935658.028237832 1916190.7765039622 21
935658.030848328 1916190.7912681876 21
935658.033366096 1916190.8059488572 21
935658.0357915454 1916190.8205463511 21
935658.0381250858 1916190.8350610503 21
935658.040367127 1916190.849493335 21
935658.0425180785 1916190.8638435865 21
935658.0445783501 1916190.8781121848 21
935658.0465483516 1916190.8922995108 21
935658.0484284924 1916190.9064059448 21
935658.0502191822 1916190.9204318672 21
935658.0519208305 1916190.9343776596 21
935658.0535338474 1916190.9482437016 21
935658.0550586423 1916190.9620303742 21
935658.056495625 1916190.975738058 21
935658.0578452048 1916190.9893671337 21
935658.0591077916 1916191.0029179812 21
935658.060283795 1916191.016390982 21
935658.0613736248 1916191.029786516 21
935658.0623776907 1916191.0431049645 21
935658.0632964022 1916191.0563467077 21
935658.0641301689 1916191.0695121258 21
935658.0648794005 1916191.0826016003 21
935658.0655445067 1916191.095615511 21
935658.0661258972 1916191.1085542387 21
935658.0666239817 1916191.1214181643 21
935658.0670391697 1916191.1342076682 21
935658.067371871 1916191.1469231306 21
935658.0676224951 1916191.159564933 21
935658.0677914519 1916191.1721334553 21
935658.0678791507 1916191.184629078 21
935658.0678860015 1916191.1970521822 21
935658.0678124139 1916191.2094031482 21
935658.0676587975 1916191.2216823562 21
935658.0674255618 1916191.233890188 21
935658.0671131166 1916191.246027023 21
935658.0667218717 1916191.258093242 21
935658.0662522366 1916191.2700892263 21
935658.065704621 1916191.282015356 21
935658.0650794345 1916191.2938720114 21
935658.0643770867 1916191.3056595735 21
935658.0635979876 1916191.3173784227 21
935658.0627425463 1916191.32902894 21
935658.0618111731 1916191.3406115058 21
935658.0608042772 1916191.3521265 21
935658.0597222684 1916191.3635743042 21
935658.0585655564 1916191.3749552986 21
935658.0573345507 1916191.3862698635 21
935658.0560296611 1916191.39751838 21
935658.0546512974 1916191.4087012284 21
935658.0531998689 1916191.4198187892 21
935658.0516757856 1916191.4308714434 21
935658.0500794569 1916191.4418595713 21
935658.0484112925 1916191.4527835536 21
935658.0466717022 1916191.4636437707 21
935658.0448610957 1916191.4744406033 21
935658.0429798824 1916191.4851744322 21
935658.0410284721 1916191.4958456377 21
935658.0390072746 1916191.5064546007 21
935658.0369166993 1916191.5170017013 21
935658.034757156 1916191.5274873208 21
935658.0325290543 1916191.5379118393 21
935658.0302328039 1916191.548275637 21
935658.0278688144 1916191.5585790954 21
935658.0254374957 1916191.5688225946 21
935658.0229392572 1916191.5790065154 21
935658.0203745087 1916191.5891312384 21
935658.0177436596 1916191.5991971437 21
935658.0150471198 1916191.6092046127 21
935658.012285299 1916191.6191540253 21
935658.0094586067 1916191.6290457621 21
935658.0065674526 1916191.6388802044 21
935658.0036122465 1916191.6486577324 21
935658.0005933978 1916191.6583787263 21
935657.9975113163 1916191.6680435673 21
935657.9943664117 1916191.6776526356 21
935657.9911590936 1916191.6872063118 21
935657.9878897718 1916191.696704977 21
935657.9845588558 1916191.7061490114 21
935657.9811667551 1916191.715538795 21
935657.9777138798 1916191.7248747097 21
935657.9742006392 1916191.734157135 21
935657.970627443 1916191.743386452 21
935657.9669947011 1916191.7525630414 21
935657.9633028228 1916191.7616872834 21
935657.9595522181 1916191.7707595588 21
935657.9557432964 1916191.7797802482 21
935657.9518764674 1916191.788749732 21
935657.947952141 1916191.7976683911 21
935657.9439707267 1916191.8065366063 21
935657.939932634 1916191.8153547575 21
935657.9358382727 1916191.8241232259 21
935657.9316880526 1916191.8328423914 21
935657.9274823831 1916191.8415126354 21
935657.9232216739 1916191.850134338 21
935657.9189063349 1916191.8587078801 21
935657.9145367757 1916191.8672336421 21
935657.9101134054 1916191.8757120045 21
935657.9056366344 1916191.8841433483 21
935657.9011068721 1916191.8925280534 21
935657.896524528 1916191.900866501 21
935657.8918900122 1916191.9091590717 21
935657.8872037338 1916191.9174061457 21
935657.8824661027 1916191.925608104 21
935657.8776775285 1916191.9337653269 21
935657.872838421 1916191.9418781947 21
935657.8679491897 1916191.949947089 21
935657.8630102446 1916191.9579723894 21
935657.8580219949 1916191.9659544767 21
935657.8529848504 1916191.9738937323 21
935657.847899221 1916191.9817905354 21
935657.842765516 1916191.989645268 21
935657.8375841454 1916191.9974583096 21
935657.8323555186 1916192.0052300415 21
935657.8270800454 1916192.012960844 21
935657.8217581352 1916192.0206510979 21
935657.8163901981 1916192.0283011834 21
935657.8109766435 1916192.0359114814 21
935657.8055178811 1916192.0434823725 21
935657.8000143203 1916192.0510142369 21
935657.7944663713 1916192.058507456 21
935657.7888744433 1916192.0659624098 21
935657.7832389461 1916192.0733794787 21
935657.7775602895 1916192.0807590438 21
935657.771838883 1916192.0881014855 21
935657.7660751363 1916192.0954071842 21
935657.760269459 1916192.1026765208 21
935657.7544222609 1916192.109909876 21
935657.7485339514 1916192.11710763 21
935657.7426049405 1916192.1242701637 21
935657.7366356377 1916192.1313978573 21
935657.7306264527 1916192.1384910916 21
935657.7245777949 1916192.1455502475 21
935657.7184900743 1916192.1525757054 21
935657.7123637004 1916192.1595678458 21
935657.7061990829 1916192.1665270492 21
935657.6999966314 1916192.1734536963 21
935657.6937567557 1916192.180348168 21
935657.6874798652 1916192.1872108446 21
935657.6811663697 1916192.1940421064 21
935657.674816679 1916192.2008423347 21
935657.6684312026 1916192.2076119094 21
935657.6620103503 1916192.2143512114 21
935657.6555545316 1916192.2210606216 21
935657.6490641562 1916192.2277405204 21
935657.6425396337 1916192.2343912877 21
935657.635981374 1916192.241013305 21
935657.6293897864 1916192.2476069527 21
935657.6227652809 1916192.254172611 21
935657.6161082669 1916192.260710661 21
935657.6094191541 1916192.267221483 21
935657.6026983524 1916192.2737054578 21
935657.5959462712 1916192.2801629656 21
935657.5891633203 1916192.2865943874 21
935657.5823499092 1916192.2930001037 21
935657.5755064477 1916192.299380495 21
935657.5686333454 1916192.305735942 21
935657.561731012 1916192.312066825 21
935657.5547998572 1916192.318373525 21
935657.5478402906 1916192.3246564225 21
935657.5408527217 1916192.3309158979 21
935657.5338375603 1916192.3371523318 21
935657.5267952164 1916192.343366105 21
935657.519726099 1916192.3495575981 21
935657.5126306182 1916192.3557271915 21
935657.5055091834 1916192.361875266 21
935657.4983622046 1916192.368002202 21
935657.4911900912 1916192.3741083802 21
935657.483993253 1916192.3801941813 21
935657.4767720995 1916192.3862599856 21
935657.4695270405 1916192.392306174 21
935657.4622584855 1916192.3983331267 21
935657.4549668443 1916192.4043412246 21
935657.4476525267 1916192.4103308488 21
935657.4403159419 1916192.416302379 21
935657.4329574999 1916192.422256196 21
935657.4255776104 1916192.4281926807 21
935657.4181766829 1916192.4341122133 21
935657.4107551271 1916192.440015175 21
935657.4033133526 1916192.4459019457 21
935657.3958517693 1916192.4517729064 21
935657.3883707864 1916192.4576284378 21
935657.3808708141 1916192.4634689202 21
935657.3733522617 1916192.469294734 21
935657.365815539 1916192.4751062605 21
935657.3582610557 1916192.4809038797 21
935657.3506892212 1916192.4866879724 21
935657.3431004455 1916192.4924589193 21
935657.335495138 1916192.4982171007 21
935657.3278737084 1916192.5039628975 21
935657.3202365665 1916192.5096966904 21
935657.3125841221 1916192.5154188594 21
935657.3049167843 1916192.5211297858 21
935657.2972349632 1916192.5268298495 21
935657.2895390684 1916192.5325194316 21
935657.2818295094 1916192.5381989125 21
935657.274106696 1916192.543868673 21
935657.2663710379 1916192.5495290933 21
935657.2586229447 1916192.5551805545 21
935657.250862826 1916192.5608234366 21
935657.2430910914 1916192.5664581207 21
935657.235308151 1916192.5720849873 21
935657.2275144138 1916192.5777044166 21
935657.2197102897 1916192.58331679 21
935657.2118961887 1916192.588922487 21
935657.2040725201 1916192.5945218895 21
935657.1962396937 1916192.6001153768 21
935657.188398119 1916192.6057033304 21
935657.180548206 1916192.6112861303 21
935657.172690364 1916192.6168641578 21
935657.1648250025 1916192.6224377928 21
935657.1569525319 1916192.6280074161 21
935657.1490733612 1916192.6335734085 21
935657.1411879003 1916192.6391361505 21
935657.1332965587 1916192.6446960224 21
935657.1253997465 1916192.6502534056 21
935657.1174978728 1916192.6558086795 21
935657.1095913475 1916192.6613622257 21
935657.1016805803 1916192.6669144244 21
935657.0937659809 1916192.6724656562 21
935657.0858479588 1916192.6780163017 21
935657.0779269238 1916192.6835667416 21
935657.0700032855 1916192.6891173562 21
935657.0620774534 1916192.6946685265 21
935657.0541498375 1916192.7002206328 21
935657.046220847 1916192.7057740558 21
935657.0382908923 1916192.7113291763 21
935657.0303603822 1916192.7168863744 21
935657.0224297268 1916192.7224460312 21
935657.0144993358 1916192.728008527 21
935657.0065696187 1916192.7335742423 21
935656.9986409853 1916192.739143558 21
935656.990713845 1916192.7447168548 21
935656.982788608 1916192.7502945128 21
935656.9748656832 1916192.7558769127 21
935656.9669454809 1916192.7614644356 21
935656.9590284106 1916192.7670574617 21
935656.9511148816 1916192.7726563716 21
935656.943205304 1916192.7782615456 21
935656.9353000873 1916192.7838733648 21
935656.9273996411 1916192.78949221 21
935656.9195043751 1916192.7951184611 21
935656.911614699 1916192.800752499 21
935656.9037310226 1916192.8063947044 21
935656.8958537551 1916192.8120454578 21
935656.8879833065 1916192.8177051395 21
935656.8801200866 1916192.8233741308 21
935656.8722645048 1916192.829052812 21
935656.8644169706 1916192.834741563 21
935656.8565778941 1916192.8404407655 21
935656.8487476847 1916192.8461507994 21
935656.8409267522 1916192.8518720453 21
935656.8331155061 1916192.8576048843 21
935656.825314356 1916192.8633496964 21
935656.8175237117 1916192.8691068627 21
935656.809743983 1916192.8748767632 21
935656.8019755792 1916192.8806597793 21
935656.7942189102 1916192.8864562907 21
935656.7864743858 1916192.8922666786 21
935656.7787424152 1916192.8980913234 21
935656.7710234084 1916192.903930606 21
935656.7633177752 1916192.9097849063 21
935656.7556259248 1916192.9156546057 21
935656.7479482671 1916192.921540084 21
935656.7402852119 1916192.9274417225 21
935656.7326371687 1916192.9333599014 21
935656.7250045472 1916192.9392950016 21
935656.7173877569 1916192.9452474033 21
935656.7097872078 1916192.9512174875 21
935656.7022033092 1916192.9572056346 21
935656.694636471 1916192.963212225 21
935656.6870871027 1916192.9692376393 21
935656.6795556141 1916192.9752822584 21
935656.6720424148 1916192.9813464626 21
935656.6645479143 1916192.987430633 21
935656.6570725226 1916192.9935351496 21
935656.649616649 1916192.9996603935 21
935656.6421807035 1916193.0058067448 21
935656.6347650954 1916193.0119745843 21
935656.6273702348 1916193.018164293 21
935656.6199965309 1916193.0243762508 21
935656.6126443936 1916193.0306108387 21
935656.6053142326 1916193.0368684372 21
935656.5980064574 1916193.043149427 21
935656.5907214778 1916193.0494541884 21
935656.5834597034 1916193.0557831023 21
935656.5762215438 1916193.0621365493 21
935656.5690074087 1916193.0685149098 21
935656.5618177077 1916193.0749185644 21
935656.5546528508 1916193.0813478942 21
935656.5475132472 1916193.087803279 21
935656.5403993068 1916193.0942850998 21
935656.5333114391 1916193.1007937372 21
935656.5262500541 1916193.1073295719 21
935656.5192155611 1916193.113892984 21
935656.5122083698 1916193.120484355 21
935656.5052288901 1916193.1271040644 21
935656.4982775314 1916193.1337524937 21
935656.4913547034 1916193.140430023 21
935656.4844608159 1916193.1471370333 21
935656.4775962785 1916193.1538739046 21
935656.4707615008 1916193.1606410178 21
935656.4639568926 1916193.1674387539 21
935656.4571828634 1916193.1742674927 21
935656.4504398229 1916193.1811276155 21
935656.4437281807 1916193.1880195024 21
935656.4370483466 1916193.1949435344 21
935656.4304007302 1916193.2019000915 21
935656.4237857412 1916193.2088895552 21
935656.417203789 1916193.2159123053 21
935656.4106552838 1916193.2229687227 21
935656.4041406346 1916193.2300591879 21
935656.3976602516 1916193.237184082 21
935656.3912145441 1916193.2443437846 21
935656.384803922 1916193.2515386771 21
935656.3784287948 1916193.2587691399 21
935656.3720895721 1916193.2660355535 21
935656.365786664 1916193.2733382988 21
935656.3595204797 1916193.2806777558 21
935656.3532914288 1916193.2880543056 21
935656.3470999214 1916193.2954683285 21
935656.3409463668 1916193.3029202053 21
935656.3348311747 1916193.3104103163 21
935656.328754755 1916193.3179390426 21
935656.322717517 1916193.3255067645 21
935656.3167198708 1916193.3331138627 21
935656.3107622257 1916193.3407607176 21
935656.3048449914 1916193.3484477098 21
935656.2989685776 1916193.35617522 21
935656.293133394 1916193.363943629 21
935656.2873398503 1916193.3717533168 21
935656.2815883562 1916193.3796046644 21
935656.275879321 1916193.3874980528 21
935656.2702131548 1916193.3954338618 21
935656.264590267 1916193.4034124725 21
935656.2590110675 1916193.4114342653 21
935656.2534759657 1916193.4194996213 21
935656.2479853713 1916193.42760892 21
935656.242539694 1916193.4357625428 21
935656.2371393434 1916193.4439608704 21
935656.2317847294 1916193.4522042829 21
935656.2264762615 1916193.4604931613 21
935656.2212143493 1916193.4688278858 21
935656.2159994025 1916193.4772088374 21
935656.2108318306 1916193.4856363963 21
935656.2057120437 1916193.4941109433 21
935656.2006404509 1916193.5026328596 21
935656.1956174624 1916193.5112025246 21
935656.1906434875 1916193.5198203197 21
935656.1857189358 1916193.528486625 21
935656.1808442173 1916193.5372018218 21
935656.1760197415 1916193.5459662902 21
935656.1712459179 1916193.5547804106 21
935656.1665231563 1916193.563644564 21
935656.1618518665 1916193.5725591308 21
935656.157232458 1916193.5815244918 21
935656.1526653405 1916193.5905410277 21
935656.1481509233 1916193.5996091187 21
935656.1436896167 1916193.6087291453 21
935656.1392818299 1916193.6179014884 21
935656.1349279728 1916193.6271265286 21
935656.130628455 1916193.6364046463 21
935656.126383686 1916193.6457362224 21
935656.1221940756 1916193.6551216373 21
935656.1180600335 1916193.6645612717 21
935656.1139819692 1916193.674055506 21
935656.1099602926 1916193.683604721 21
935656.105995413 1916193.693209297 21
935656.1020877406 1916193.7028696148 21
935656.0982376846 1916193.712586055 21
935656.0944456545 1916193.7223589984 21
935656.0907120607 1916193.7321888253 21
935656.0870373121 1916193.7420759161 21
935656.0834218188 1916193.752020652 21
935656.0798659903 1916193.762023413 21
935656.0763702363 1916193.7720845805 21
935656.0729349664 1916193.7822045342 21
935656.0695605903 1916193.792383655 21
935656.0662475177 1916193.8026223234 21
935656.0629961583 1916193.8129209203 21
935656.0598069215 1916193.8232798262 21
935656.0566802174 1916193.8336994215 21
935656.053616455 1916193.8441800869 21
935656.0506160447 1916193.8547222032 21
935656.0476793958 1916193.8653261508 21
935656.0448069178 1916193.8759923102 21
935656.0419990206 1916193.8867210625 21
935656.0392561138 1916193.8975127875 21
935656.036578607 1916193.9083678662 21
935656.0339669101 1916193.9192866792 21
935656.0314214323 1916193.930269607 21
935656.0289425838 1916193.9413170307 21
935656.0265307738 1916193.95242933 21
935656.0241864121 1916193.9636068863 21
935656.0219099085 1916193.97485008 21
935656.0197016726 1916193.9861592911 21
935656.0175621139 1916193.997534901 21
935656.0154916423 1916194.0089772898 21
935656.0134906672 1916194.0204868382 21
935656.0115595985 1916194.0320639268 21
935656.0096988458 1916194.0437089363 21
935656.0079088185 1916194.0554222474 21
935656.0061899268 1916194.0672042402 21
935656.0045425798 1916194.079055296 21
935656.0029671874 1916194.090975795 21
935656.0014641592 1916194.1029661177 21
935656.0000339051 1916194.1150266447 21
935655.9986768345 1916194.1271577568 21
935655.9973933571 1916194.1393598344 21
935655.9961838825 1916194.1516332582 21
935655.9950488205 1916194.163978409 21
935655.9939885807 1916194.1763956668 21
935655.9930035729 1916194.1888854129 21
935655.9920942063 1916194.2014480275 21
935655.9912608912 1916194.2140838914 21
935655.9905040367 1916194.2267933849 21
935655.9898240528 1916194.2395768887 21
935655.9892213491 1916194.2524347836 21
935655.9886963351 1916194.26536745 21
935655.9882494208 1916194.2783752684 21
935655.9878810154 1916194.2914586198 21
935655.9875915288 1916194.3046178843 21
935655.9873813707 1916194.3178534429 21
935655.9872509507 1916194.3311656762 21
935655.9872006786 1916194.3445549645 21
935655.9872309638 1916194.3580216882 21
935655.9873422161 1916194.3715662283 21
935655.9875348451 1916194.3851889656 21
935655.9878092605 1916194.3988902802 21
935655.9881658719 1916194.412670553 21
935655.9886050893 1916194.426530164 21
935655.9891273218 1916194.4404694948 21
935655.9897329794 1916194.4544889252 21
935655.9904224717 1916194.4685888367 21
935655.9911962083 1916194.4827696087 21
935655.992054599 1916194.4970316226 21
935655.9929980532 1916194.5113752587 21
935655.9940269811 1916194.5258008973 21
935655.9951417915 1916194.5403089197 21
935655.996342895 1916194.554899706 21
935655.9976307006 1916194.569573637 21
935655.999005618 1916194.5843310934 21
935656.0004680573 1916194.5991724555 21
935656.0020184278 1916194.6140981042 21
935656.0036571393 1916194.6291084196 21
935656.0053846013 1916194.6442037828 21
935656.0072012235 1916194.6593845743 21
935656.0091074157 1916194.6746511743 21
935656.0111035873 1916194.690003964 21
935656.0131901485 1916194.7054433236 21
935656.0153675083 1916194.720969634 21
935656.0176360768 1916194.736583275 21
935656.0199962634 1916194.7522846283 21
935656.022448478 1916194.768074074 21
935656.02499313 1916194.7839519924 21
935656.0276306293 1916194.7999187645 21
935656.0303613853 1916194.8159747708 21
935656.0331858079 1916194.8321203915 21
935656.0361043067 1916194.848356008 21
935656.0391172912 1916194.8646820001 21
935656.0422251712 1916194.8810987489 21
935656.0454283564 1916194.897606635 21
935656.0487272565 1916194.914206039 21
935656.052122281 1916194.9308973409 21
935656.0556138394 1916194.947680922 21
935656.0592023418 1916194.9645571623 21
935656.0628881975 1916194.9815264428 21
935656.0666718164 1916194.998589144 21
935656.0705536081 1916195.0157456466 21
935656.0745339821 1916195.032996331 21
935656.0786133482 1916195.0503415782 21
935656.082792116 1916195.0677817683 21
935656.0870706951 1916195.0853172822 21
935656.0914494954 1916195.1029485003 21
935656.0959289264 1916195.1206758032 21
935656.1005093977 1916195.1384995715 21
935656.1051913189 1916195.156420186 21
935656.1099751 1916195.1744380272 21
935656.1148611503 1916195.1925534755 21
935656.1198498796 1916195.2107669115 21
935656.1249416977 1916195.2290787161 21
935656.1301370141 1916195.247489269 21
935656.070707734 1916198.23963883 21
935656.011262579 1916201.23278782 21
935655.999645279 1916201.77643862 21
935655.950833795 1916204.22492153 21
935655.918614516 1916205.81592778 21