935650.80717 1916122.8899 3
935650.826609 1916123.11165 3
935650.864213 1916123.38872 3
935650.910516 1916123.64355 3
935650.956564 1916123.86509 3
935651.029306 1916124.09752 3
935651.110662 1916124.2966 3
935651.218712 1916124.50657 3
935651.335462 1916124.69428 3
935651.478905 1916124.89289 3
935651.622093 1916125.05821 3
935651.791975 1916125.23442 3
935651.953072 1916125.4218 3
935652.131568 1916125.56466 3
935652.283371 1916125.69663 3
935652.426474 1916125.85086 3
935652.605395 1916126.0492 3
935652.766407 1916126.22548 3
935652.945498 1916126.446 3
935653.10685 1916126.66666 3
935653.259078 1916126.8541 3
935653.375742 1916127.03072 3
935653.501446 1916127.22946 3
935653.582717 1916127.41745 3
935653.672858 1916127.60536 3
935653.763169 1916127.81547 3
935653.85331 1916128.00339 3
935653.987968 1916128.21316 3
935654.131496 1916128.42286 3
935654.292593 1916128.61023 3
935654.444566 1916128.76439 3
935654.596453 1916128.90746 3
935654.792773 1916129.06128 3
935654.953445 1916129.19318 3
935655.150021 1916129.38029 3
935655.328942 1916129.57862 3
935655.481169 1916129.76606 3
935655.606788 1916129.95371 3
935655.723367 1916130.11924 3
935655.831162 1916130.29592 3
935655.947996 1916130.49473 3
935656.082655 1916130.7045 3
935656.199489 1916130.90331 3
935656.334232 1916131.12417 3
935656.442282 1916131.33414 3
935656.57728 1916131.58828 3
935656.703494 1916131.85359 3
935656.793635 1916132.04151 3
935656.883861 1916132.24052 3
935656.974086 1916132.43953 3
935657.064397 1916132.64964 3
935657.145923 1916132.87091 3
935657.227534 1916133.10327 3
935657.3181 1916133.34666 3
935657.399881 1916133.60121 3
935657.463923 1916133.8559 3
935657.536919 1916134.12161 3
935657.618871 1916134.39835 3
935657.701077 1916134.70837 3
935657.774243 1916134.99627 3
935657.865234 1916135.29513 3
935657.94744 1916135.60515 3
935658.011822 1916135.90421 3
935658.076034 1916136.18109 3
935658.122422 1916136.447 3
935658.159856 1916136.70189 3
935658.206073 1916136.94562 3
935658.234467 1916137.17839 3
935658.271561 1916137.38891 3
935658.308569 1916137.58833 3
935658.336708 1916137.78782 3
935658.355977 1916137.98737 3
935658.411575 1916138.2976 3
935658.439798 1916138.50818 3
935658.468362 1916138.76314 3
935658.505796 1916139.01803 3
935658.552183 1916139.28395 3
935658.589787 1916139.56102 3
935658.627475 1916139.8492 3
935658.665249 1916140.14846 3
935658.703192 1916140.46992 3
935658.758875 1916140.79124 3
935658.796903 1916141.12379 3
935658.834846 1916141.44524 3
935658.881914 1916141.79991 3
935658.920113 1916142.15465 3
935658.958311 1916142.50938 3
935658.978856 1916142.87535 3
935659.017224 1916143.25227 3
935659.046893 1916143.65146 3
935659.066162 1916143.85101 3
935659.103171 1916144.05043 3
935659.131309 1916144.24992 3
935659.141794 1916144.46064 3
935659.178802 1916144.66006 3
935659.215981 1916144.88167 3
935659.235335 1916145.09232 3
935659.254604 1916145.29188 3
935659.282913 1916145.51355 3
935659.311392 1916145.75742 3
935659.35897 1916146.17865 3
935659.378409 1916146.40039 3
935659.415417 1916146.59981 3
935659.434856 1916146.82156 3
935659.454296 1916147.0433 3
935659.491389 1916147.25382 3
935659.502044 1916147.48672 3
935659.521313 1916147.68628 3
935659.540667 1916147.89693 3
935659.560106 1916148.11868 3
935659.579545 1916148.34042 3
935659.609469 1916148.77288 3
935659.628909 1916148.99463 3
935659.630609 1916149.21651 3
935659.650048 1916149.43825 3
935659.669487 1916149.66 3
935659.688842 1916149.87065 3
935659.681757 1916150.10369 3
935659.692327 1916150.3255 3
935659.702982 1916150.55841 3
935659.713636 1916150.79131 3
935659.715251 1916151.0021 3
935659.725991 1916151.2461 3
935659.736561 1916151.46791 3
935659.747046 1916151.67863 3
935659.76657 1916151.91147 3
935659.76827 1916152.13335 3
935659.77884 1916152.35516 3
935659.789494 1916152.58807 3
935659.809019 1916152.82091 3
935659.828458 1916153.04265 3
935659.830243 1916153.27563 3
935659.849682 1916153.49737 3
935659.860167 1916153.70809 3
935659.879691 1916153.94093 3
935659.881306 1916154.15172 3
935659.882922 1916154.3625 3
935659.884792 1916154.60657 3
935659.888022 1916155.02814 3
935659.880938 1916155.26118 3
935659.884168 1916155.68276 3
935659.868129 1916155.90477 3
935659.878614 1916156.11549 3
935659.87136 1916156.32635 3
935659.86419 1916156.5483 3
935659.865805 1916156.75908 3
935659.867506 1916156.98096 3
935659.860421 1916157.214 3
935659.862036 1916157.42479 3
935659.854867 1916157.64674 3
935659.865437 1916157.86855 3
935659.867052 1916158.07934 3
935659.859798 1916158.29019 3
935659.852713 1916158.52323 3
935659.855944 1916158.94481 3
935659.859174 1916159.36638 3
935659.85192 1916159.57723 3
935659.84475 1916159.79918 3
935659.828626 1916160.0101 3
935659.821372 1916160.22096 3
935659.806778 1916160.63157 3
935659.799694 1916160.86462 3
935659.774701 1916161.07561 3
935659.776316 1916161.28639 3
935659.751408 1916161.50848 3
935659.726499 1916161.73056 3
935659.712076 1916162.16336 3
935659.704906 1916162.38531 3
935659.690568 1916162.82921 3
935659.683398 1916163.05116 3
935659.676144 1916163.26201 3
935659.660275 1916163.50622 3
935659.66206 1916163.73919 3
935659.646107 1916163.9723 3
935659.647807 1916164.19418 3
935659.640808 1916164.43832 3
935659.633723 1916164.67136 3
935659.626639 1916164.9044 3
935659.619555 1916165.13744 3
935659.612555 1916165.38158 3
935659.605471 1916165.61462 3
935659.598472 1916165.85876 3
935659.609211 1916166.10276 3
935659.602212 1916166.3469 3
935659.595298 1916166.60213 3
935659.597083 1916166.8351 3
935659.599038 1916167.09026 3
935659.591869 1916167.31221 3
935659.584955 1916167.56744 3
935659.595779 1916167.82254 3
935659.597565 1916168.05551 3
935659.581696 1916168.29972 3
935659.574697 1916168.54385 3
935659.576652 1916168.79902 3
935659.587391 1916169.04302 3
935659.580307 1916169.27606 3
935659.582262 1916169.53122 3
935659.557184 1916169.73112 3
935659.558884 1916169.953 3
935659.551885 1916170.19713 3
935659.553585 1916170.41901 3
935659.537461 1916170.62994 3
935659.530377 1916170.86298 3
935659.523123 1916171.07383 3
935659.516039 1916171.30688 3
935659.508869 1916171.52882 3
935659.494276 1916171.93944 3
935659.478152 1916172.15036 3
935659.472428 1916172.56091 3
935659.457664 1916172.94933 3
935659.460384 1916173.30434 3
935659.45432 1916173.67051 3
935659.438961 1916173.98128 3
935659.441172 1916174.26973 3
935659.443382 1916174.55817 3
935659.427598 1916174.81347 3
935659.429468 1916175.05754 3
935659.431084 1916175.26832 3
935659.432699 1916175.47911 3
935659.434739 1916175.74537 3
935659.427485 1916175.95622 3
935659.4204 1916176.18926 3
935659.430885 1916176.39998 3
935659.423631 1916176.61084 3
935659.416972 1916176.89935 3
935659.374239 1916177.11047 3
935659.331762 1916177.35488 3
935659.262591 1916177.5884 3
935659.184381 1916177.7998 3
935659.11504 1916178.01113 3
935659.018921 1916178.20048 3
935658.914103 1916178.41208 3
935658.800329 1916178.61265 3
935658.677602 1916178.8022 3
935658.528095 1916178.96977 3
935658.378589 1916179.13733 3
935658.19369 1916179.31627 3
935658.02619 1916179.45069 3
935657.832421 1916179.62969 3
935657.691615 1916179.77499 3
935657.542194 1916179.95365 3
935657.392943 1916180.1545 3
935657.243946 1916180.38863 3
935657.139043 1916180.58914 3
935657.02578 1916180.85628 3
935656.93887 1916181.08993 3
935656.861 1916181.34571 3
935656.765646 1916181.6349 3
935656.678651 1916181.85746 3
935656.573918 1916182.08016 3
935656.477799 1916182.2695 3
935656.337502 1916182.48138 3
935656.161898 1916182.71571 3
935655.950815 1916182.95032 3
935655.739733 1916183.18492 3
935655.528481 1916183.39734 3
935655.326268 1916183.63188 3
935655.141794 1916183.86628 3
935654.983844 1916184.08938 3
935654.852417 1916184.30119 3
935654.729774 1916184.50183 3
935654.615916 1916184.69131 3
935654.510928 1916184.88073 3
935654.397325 1916185.10349 3
935654.283637 1916185.31516 3
935654.152465 1916185.56025 3
935654.030162 1916185.80527 3
935653.916814 1916186.06132 3
935653.812251 1916186.3062 3
935653.725342 1916186.53985 3
935653.621033 1916186.81802 3
935653.534549 1916187.10714 3
935653.439365 1916187.41853 3
935653.344181 1916187.72991 3
935653.249168 1916188.06347 3
935653.127375 1916188.37506 3
935652.996374 1916188.64233 3
935652.865117 1916188.87633 3
935652.716036 1916189.09936 3
935652.557831 1916189.28919 3
935652.399455 1916189.45682 3
935652.258819 1916189.62432 3
935652.065306 1916189.8366 3
935651.907186 1916190.03751 3
935651.757765 1916190.21617 3
935651.626083 1916190.3947 3
935651.494571 1916190.59541 3
935651.371844 1916190.78496 3
935651.231718 1916191.01902 3
935651.065323 1916191.29766 3
935650.916497 1916191.55398 3
935650.785411 1916191.81016 3
935650.671893 1916192.04402 3
935650.567245 1916192.27781 3
935650.48008 1916192.47818 3
935650.410655 1916192.67842 3
935650.341144 1916192.86756 3
935650.236666 1916193.12354 3
935650.149672 1916193.3461 3
935650.062678 1916193.56866 3
935649.976109 1916193.84669 3
935649.907108 1916194.1024 3
935649.829409 1916194.38036 3
935649.760663 1916194.66935 3
935649.700873 1916194.96936 3
935649.66786 1916195.29136 3
935649.634508 1916195.56898 3
935649.601241 1916195.8577 3
935649.585543 1916196.12409 3
935649.569504 1916196.34611 3
935649.553551 1916196.57922 3
935649.546297 1916196.79007 3
935649.530598 1916197.05647 3
935649.532384 1916197.28944 3
935649.525215 1916197.51139 3
