935641.442361 1916218.00651 7
935641.443146 1916217.8059 7
935641.445238 1916217.58444 7
935641.446408 1916217.3836 7
935641.447382 1916217.1692 7
935641.448657 1916216.95883 7
935641.450415 1916216.67477 7
935641.451838 1916216.42523 7
935641.452883 1916216.22463 7
935641.453945 1916216.00657 7
935641.455162 1916215.75752 7
935641.456469 1916215.51054 7
935641.457744 1916215.2704 7
935641.459137 1916214.99585 7
935641.460374 1916214.75424 7
935641.461379 1916214.53973 7
935641.462416 1916214.28189 7
935641.463402 1916214.04455 7
935641.464455 1916213.82222 7
935641.465643 1916213.61161 7
935641.46713 1916213.36 7
935641.468594 1916213.09448 7
935641.469905 1916212.84531 7
935641.471204 1916212.5882 7
935641.47219 1916212.38455 7
935641.47315 1916212.13634 7
935641.473934 1916211.89253 7
935641.474601 1916211.6763 7
935641.475361 1916211.46764 7
935641.476149 1916211.21394 7
935641.4772 1916210.97441 7
935641.478744 1916210.73464 7
935641.479651 1916210.52536 7
935641.481394 1916210.27303 7
935641.48258 1916210.06156 7
935641.483077 1916209.85314 7
935641.483984 1916209.59676 7
935641.485262 1916209.38432 7
935641.486517 1916209.16175 7
935641.480881 1916208.94664 7
935641.451885 1916208.72615 7
935641.416305 1916208.52167 7
935641.371801 1916208.3201 7
935641.310141 1916208.11337 7
935641.248233 1916207.8992 7
935641.182947 1916207.67582 7
935641.119429 1916207.45833 7
935641.054526 1916207.26278 7
935640.985179 1916207.05508 7
935640.906369 1916206.8255 7
935640.831898 1916206.60613 7
935640.763765 1916206.40552 7
935640.690694 1916206.19117 7
935640.62622 1916206.00124 7
935640.548993 1916205.77389 7
935640.473197 1916205.55144 7
935640.413234 1916205.35121 7
935640.349403 1916205.14482 7
935640.29021 1916204.94704 7
935640.233868 1916204.75419 7
935640.176534 1916204.55937 7
935640.129474 1916204.35446 7
935640.083182 1916204.15408 7
935640.037091 1916203.95151 7
935639.989209 1916203.7417 7
935639.935308 1916203.50118 7
935639.907117 1916203.30157 7
935639.867542 1916203.10179 7
935639.838744 1916202.88997 7
935639.806146 1916202.68163 7
935639.775925 1916202.47687 7
935639.754628 1916202.27395 7
935639.730482 1916202.06697 7
935639.707631 1916201.86635 7
935639.684474 1916201.66341 7
935639.666547 1916201.46348 7
935639.650995 1916201.26139 7
935639.642302 1916201.05587 7
935639.636498 1916200.85234 7
935639.633669 1916200.6507 7
935639.631898 1916200.42271 7
935639.63053 1916200.2189 7
935639.629153 1916200.01471 7
935639.627572 1916199.80796 7
935639.625876 1916199.59499 7
935639.623754 1916199.32709 7
935639.621851 1916199.10936 7
935639.620895 1916198.88004 7
935639.622692 1916198.62526 7
935639.624932 1916198.37086 7
935639.62732 1916198.14038 7
935639.630258 1916197.92662 7
935639.633959 1916197.70763 7
935639.638074 1916197.47644 7
935639.642403 1916197.225 7
935639.646142 1916197.01223 7
935639.649619 1916196.78665 7
935639.652938 1916196.57387 7
935639.655818 1916196.34987 7
935639.659251 1916196.13234 7
935639.662527 1916195.92859 7
935639.665774 1916195.72326 7
935639.669868 1916195.4684 7
935639.673614 1916195.23354 7
935639.678759 1916194.9715 7
935639.682652 1916194.73652 7
935639.686233 1916194.49813 7
935639.690061 1916194.22972 7
935639.692895 1916194.02926 7
935639.696743 1916193.74852 7
935639.693757 1916193.5448 7
935639.694141 1916193.34443 7
935639.695014 1916193.13113 7
935639.695154 1916192.91733 7
935639.696094 1916192.67901 7
935639.702126 1916192.44188 7
935639.703713 1916192.23115 7
935639.706274 1916192.00897 7
935639.709438 1916191.80168 7
935639.712841 1916191.58745 7
935639.716638 1916191.34942 7
935639.720237 1916191.11224 7
935639.724556 1916190.84896 7
935639.728094 1916190.63156 7
935639.732878 1916190.38073 7
935639.736998 1916190.15455 7
935639.740807 1916189.90176 7
935639.744266 1916189.68069 7
935639.748102 1916189.43241 7
935639.75152 1916189.21439 7
935639.755397 1916188.9655 7
935639.758565 1916188.75993 7
935639.762373 1916188.50811 7
935639.766196 1916188.26313 7
935639.770149 1916188.02096 7
935639.773302 1916187.81965 7
935639.777659 1916187.59054 7
935639.782384 1916187.35644 7
935639.788046 1916187.14895 7
935639.794108 1916186.9378 7
935639.800279 1916186.71019 7
935639.806168 1916186.49892 7
935639.810918 1916186.29264 7
935639.81662 1916186.08063 7
935639.82181 1916185.87545 7
935639.827201 1916185.64648 7
935639.832704 1916185.41385 7
935639.838227 1916185.18916 7
935639.843776 1916184.96275 7
935639.849032 1916184.74134 7
935639.855441 1916184.54058 7
935639.864781 1916184.32046 7
935639.871679 1916184.097 7
935639.879238 1916183.88283 7
935639.887066 1916183.66427 7
935639.895491 1916183.43925 7
935639.903988 1916183.20447 7
935639.912765 1916182.9736 7
935639.92059 1916182.76676 7
935639.929151 1916182.55053 7
935639.937043 1916182.34661 7
935639.94492 1916182.13989 7
935639.953028 1916181.91902 7
935639.960659 1916181.70705 7
935639.96867 1916181.47641 7
935639.97508 1916181.26405 7
935639.981158 1916181.05242 7
935639.988746 1916180.83739 7
935639.994903 1916180.63089 7
935640.001637 1916180.41634 7
935640.008094 1916180.20484 7
935640.01449 1916179.98467 7
935640.021111 1916179.76475 7
935640.026885 1916179.56458 7
935640.032615 1916179.35563 7
935640.038202 1916179.15522 7
935640.043499 1916178.9476 7
935640.048652 1916178.74621 7
935640.053 1916178.54028 7
935640.057798 1916178.329 7
935640.061415 1916178.11769 7
935640.064842 1916177.91017 7
935640.068018 1916177.70545 7
935640.070344 1916177.47216 7
935640.074699 1916177.24219 7
935640.079614 1916177.00431 7
935640.083723 1916176.77348 7
935640.088207 1916176.53681 7
935640.092145 1916176.32636 7
935640.096489 1916176.09372 7
935640.100463 1916175.88108 7
935640.104397 1916175.67136 7
935640.108381 1916175.45469 7
935640.112068 1916175.23558 7
935640.11595 1916174.98303 7
935640.119149 1916174.77929 7
935640.123516 1916174.4855 7
935640.127307 1916174.22331 7
935640.13358 1916173.79007 7
935640.136405 1916173.5541 7
935640.139974 1916173.31839 7
935640.143279 1916173.10025 7
935640.14719 1916172.84441 7
935640.150349 1916172.64127 7
935640.153884 1916172.41496 7
935640.157156 1916172.2095 7
935640.160594 1916172.00125 7
935640.164255 1916171.78043 7
935640.168338 1916171.53057 7
935640.172659 1916171.27485 7
935640.176602 1916171.04293 7
935640.180417 1916170.81625 7
935640.184214 1916170.59885 7
935640.188161 1916170.38352 7
935640.192879 1916170.11 7
935640.195957 1916169.90235 7
935640.199302 1916169.68555 7
935640.20305 1916169.44142 7
935640.206076 1916169.23804 7
935640.209082 1916169.02868 7
935640.212169 1916168.80601 7
935640.215271 1916168.57237 7
935640.218478 1916168.31517 7
935640.222465 1916168.00405 7
935640.225632 1916167.75418 7
935640.22666 1916167.52868 7
935640.229172 1916167.31296 7
935640.232683 1916167.05248 7
935640.236989 1916166.82996 7
935640.241463 1916166.58425 7
935640.245508 1916166.32671 7
935640.249941 1916166.05428 7
935640.253962 1916165.82662 7
935640.257736 1916165.60678 7
935640.26172 1916165.37571 7
935640.268984 1916165.16764 7
935640.283836 1916164.93516 7
935640.293679 1916164.70296 7
935640.3066 1916164.46715 7
935640.3141 1916164.2298 7
935640.321981 1916164.02039 7
935640.328494 1916163.81499 7
935640.334042 1916163.61177 7
935640.339911 1916163.40221 7
935640.346907 1916163.16826 7
935640.352332 1916162.96602 7
935640.35797 1916162.75328 7
935640.364684 1916162.50151 7
935640.370826 1916162.28488 7
935640.376675 1916162.07129 7
935640.377405 1916161.85445 7
935640.380657 1916161.63825 7
935640.383126 1916161.42474 7
935640.38453 1916161.20339 7
935640.385837 1916160.98814 7
935640.387297 1916160.77095 7
935640.390125 1916160.54059 7
935640.392659 1916160.3394 7
935640.395751 1916160.10966 7
935640.398948 1916159.88541 7
935640.402036 1916159.66898 7
935640.404901 1916159.46803 7
935640.408197 1916159.23842 7
935640.411317 1916159.02235 7
935640.414569 1916158.79847 7
935640.417407 1916158.59826 7
935640.420597 1916158.37975 7
935640.424027 1916158.15038 7
935640.427798 1916157.90234 7
935640.430703 1916157.68493 7
935640.433709 1916157.47703 7
935640.43686 1916157.26145 7
935640.439699 1916157.05928 7
935640.443093 1916156.82637 7
935640.446266 1916156.61421 7
935640.449268 1916156.40363 7
935640.452404 1916156.1784 7
935640.461653 1916155.96829 7
935640.467232 1916155.74823 7
935640.473594 1916155.54465 7
935640.480574 1916155.33865 7
935640.487816 1916155.12045 7
935640.495613 1916154.88505 7
935640.503605 1916154.64452 7
935640.510453 1916154.43962 7
935640.517552 1916154.22422 7
935640.523586 1916154.01051 7
935640.529632 1916153.80425 7
935640.535059 1916153.60237 7
935640.540869 1916153.37975 7
935640.547005 1916153.15336 7
935640.55346 1916152.90256 7
935640.558571 1916152.69945 7
935640.563706 1916152.49391 7
935640.570987 1916152.20395 7
935640.576779 1916151.98194 7
935640.583601 1916151.74116 7
935640.590631 1916151.47426 7
935640.592881 1916151.26452 7
935640.594499 1916151.04598 7
935640.59745 1916150.8271 7
935640.599505 1916150.61712 7
935640.6043 1916150.41523 7
935640.611398 1916150.16615 7
935640.615928 1916149.93143 7
935640.612825 1916149.72441 7
935640.614579 1916149.50124 7
935640.614091 1916149.27413 7
935640.616304 1916149.0373 7
935640.61801 1916148.83731 7
935640.620234 1916148.62916 7
935640.622631 1916148.40197 7
935640.625095 1916148.16807 7
935640.627378 1916147.96199 7
935640.629799 1916147.74335 7
935640.63199 1916147.52482 7
935640.636148 1916147.32121 7
935640.64097 1916147.09833 7
935640.646436 1916146.8801 7
935640.652912 1916146.63467 7
935640.659763 1916146.39877 7
935640.665175 1916146.19018 7
935640.671174 1916145.96183 7
935640.677211 1916145.75422 7
935640.683562 1916145.51331 7
935640.689808 1916145.27813 7
935640.695962 1916145.04868 7
935640.701392 1916144.8418 7
935640.707837 1916144.59832 7
935640.713876 1916144.37571 7
935640.719758 1916144.15858 7
935640.72666 1916143.92817 7
935640.732892 1916143.70153 7
935640.739713 1916143.44927 7
935640.743607 1916143.18916 7
935640.748418 1916142.94151 7
935640.754448 1916142.627 7
935640.75778 1916142.40959 7
935640.761071 1916142.19047 7
935640.764757 1916141.94976 7
935640.767887 1916141.73064 7
935640.771059 1916141.50456 7
935640.774677 1916141.24554 7
935640.777614 1916141.02276 7
935640.780684 1916140.79009 7
935640.784071 1916140.53558 7
935640.788102 1916140.24227 7
935640.79115 1916140.01827 7
935640.794185 1916139.7989 7
935640.797594 1916139.55452 7
935640.800775 1916139.32881 7
935640.803923 1916139.10713 7
935640.80704 1916138.8913 7
935640.810072 1916138.68267 7
935640.81364 1916138.44122 7
935640.817402 1916138.19429 7
935640.820963 1916137.96919 7
935640.825196 1916137.68871 7
935640.828503 1916137.44018 7
935640.831251 1916137.23069 7
935640.834665 1916136.9918 7
935640.837879 1916136.77073 7
935640.841294 1916136.50914 7
935640.843861 1916136.30295 7
935640.846484 1916136.09224 7
935640.849421 1916135.86176 7
935640.852305 1916135.64325 7
935640.855527 1916135.40826 7
935640.858532 1916135.18645 7
935640.861735 1916134.95025 7
935640.864925 1916134.71673 7
935640.868464 1916134.4632 7
935640.871213 1916134.26286 7
935640.874174 1916134.04716 7
935640.877578 1916133.81608 7
935640.880793 1916133.59598 7
935640.88395 1916133.37564 7
935640.887566 1916133.12443 7
935640.890246 1916132.92263 7
935640.893097 1916132.70912 7
935640.906287 1916132.48137 7
935640.913904 1916132.25158 7
935640.923144 1916132.02999 7
935640.928069 1916131.80113 7
935640.93454 1916131.58487 7
935640.939618 1916131.37042 7
