935578.072699 1915934.44991 4
935578.180668 1915934.64878 4
935578.324456 1915934.89176 4
935578.44138 1915935.10166 4
935578.549349 1915935.30054 4
935578.657318 1915935.49941 4
935578.756247 1915935.67617 4
935578.882296 1915935.91929 4
935578.99922 1915936.12919 4
935579.098234 1915936.31704 4
935579.197418 1915936.52708 4
935579.296432 1915936.71493 4
935579.404656 1915936.94708 4
935579.494971 1915937.15719 4
935579.594325 1915937.38941 4
935579.711675 1915937.65479 4
935579.792949 1915937.84277 4
935579.865524 1915938.05301 4
935579.946969 1915938.26319 4
935580.019544 1915938.47343 4
935580.101074 1915938.6947 4
935580.182774 1915938.93815 4
935580.255604 1915939.18168 4
935580.319735 1915939.44746 4
935580.40152 1915939.70201 4
935580.483221 1915939.94546 4
935580.538567 1915940.22241 4
935580.576173 1915940.49948 4
935580.62282 1915940.79868 4
935580.660682 1915941.10904 4
935580.680719 1915941.40845 4
935580.691887 1915941.70792 4
935580.67619 1915941.97431 4
935580.660408 1915942.22961 4
935580.644711 1915942.496 4
935580.602235 1915942.74041 4
935580.577328 1915942.96249 4
935580.543466 1915943.17355 4
935580.500734 1915943.38468 4
935580.440774 1915943.6625 4
935580.371858 1915943.9293 4
935580.285374 1915944.21843 4
935580.207674 1915944.49639 4
935580.112149 1915944.7634 4
935580.00784 1915945.04156 4
935579.929715 1915945.26406 4
935579.83385 1915945.48669 4
935579.720501 1915945.74273 4
935579.598197 1915945.98775 4
935579.449454 1915946.25517 4
935579.274187 1915946.53388 4
935579.08118 1915946.81273 4
935578.861565 1915947.09178 4
935578.668728 1915947.39281 4
935578.413378 1915947.63885 4
935578.166983 1915947.89592 4
935577.911719 1915948.15306 4
935577.665068 1915948.37684 4
935577.409378 1915948.57851 4
935577.197866 1915948.75765 4
935576.9687 1915948.94801 4
935576.748233 1915949.11613 4
935576.545506 1915949.2841 4
935576.369133 1915949.41859 4
935576.16632 1915949.57547 4
935575.972037 1915949.68791 4
935575.707307 1915949.86745 4
935575.530764 1915949.97976 4
935575.34535 1915950.09212 4
935575.115759 1915950.22702 4
935574.895037 1915950.36185 4
935574.67423 1915950.48559 4
935574.471162 1915950.60919 4
935574.241485 1915950.73299 4
935574.020678 1915950.85673 4
935573.791001 1915950.98053 4
935573.552455 1915951.1044 4
935573.305209 1915951.25053 4
935573.057878 1915951.38556 4
935572.792807 1915951.52073 4
935572.536692 1915951.66693 4
935572.262751 1915951.80217 4
935571.971242 1915951.95973 4
935571.688602 1915952.11722 4
935571.397093 1915952.27478 4
935571.087844 1915952.43248 4
935570.787465 1915952.59011 4
935570.469431 1915952.75897 4
935570.133658 1915952.92797 4
935569.80684 1915953.10799 4
935569.471152 1915953.28808 4
935569.294524 1915953.38929 4
935568.958836 1915953.56938 4
935568.782207 1915953.67059 4
935568.43765 1915953.85074 4
935568.252152 1915953.95202 4
935568.075523 1915954.05323 4
935567.713311 1915954.24462 4
935567.351185 1915954.4471 4
935567.165687 1915954.54837 4
935566.830084 1915954.73956 4
935566.494396 1915954.91965 4
935566.167664 1915955.11077 4
935565.8585 1915955.27956 4
935565.558206 1915955.44828 4
935565.248872 1915955.59489 4
935564.975102 1915955.75231 4
935564.692378 1915955.89871 4
935564.436177 1915956.03381 4
935564.180062 1915956.18001 4
935563.941516 1915956.30388 4
935563.711924 1915956.43878 4
935563.491118 1915956.56252 4
935563.270226 1915956.67516 4
935563.049419 1915956.79889 4
935562.819743 1915956.9227 4
935562.616675 1915957.0463 4
935562.422393 1915957.15873 4
935562.201501 1915957.27138 4
935561.989564 1915957.39504 4
935561.768757 1915957.51878 4
935561.539166 1915957.65368 4
935561.300705 1915957.78864 4
935561.062244 1915957.92361 4
935560.806129 1915958.06981 4
935560.541143 1915958.21607 4
935560.285028 1915958.36227 4
935560.028913 1915958.50846 4
935559.737489 1915958.67712 4
935559.45485 1915958.83461 4
935559.163256 1915958.98108 4
935558.871832 1915959.14974 4
935558.553799 1915959.3186 4
935558.235766 1915959.48746 4
935557.917818 1915959.66741 4
935557.582045 1915959.83641 4
935557.246358 1915960.0165 4
935556.901886 1915960.20775 4
935556.54846 1915960.38798 4
935556.195033 1915960.56821 4
935556.018405 1915960.66942 4
935555.673763 1915960.83848 4
935555.329206 1915961.01864 4
935555.019957 1915961.17634 4
935554.710709 1915961.33404 4
935554.410331 1915961.49167 4
935554.127606 1915961.63807 4
935553.836012 1915961.78454 4
935553.571028 1915961.9308 4
935553.323527 1915962.04365 4
935553.058372 1915962.16772 4
935552.837565 1915962.29146 4
935552.616674 1915962.4041 4
935552.378128 1915962.52797 4
935552.18376 1915962.62932 4
935551.998262 1915962.73059 4
