935639.400828 1916208.58698 7
935639.402714 1916208.36699 7
935639.405415 1916208.13358 7
935639.408865 1916207.90153 7
935639.411391 1916207.67385 7
935639.41144 1916207.43113 7
935639.413809 1916207.14122 7
935639.415896 1916206.91524 7
935639.417489 1916206.7094 7
935639.421029 1916206.50102 7
935639.425744 1916206.26325 7
935639.429641 1916206.05781 7
935639.433263 1916205.83223 7
935639.437237 1916205.60324 7
935639.441574 1916205.35082 7
935639.445089 1916205.13963 7
935639.44861 1916204.92284 7
935639.452228 1916204.7047 7
935639.456555 1916204.43703 7
935639.460221 1916204.17642 7
935639.463455 1916203.93973 7
935639.466952 1916203.68498 7
935639.470685 1916203.42828 7
935639.474921 1916203.13559 7
935639.479003 1916202.85644 7
935639.483751 1916202.54204 7
935639.487408 1916202.3012 7
935639.491039 1916202.05438 7
935639.494835 1916201.78988 7
935639.498708 1916201.51048 7
935639.501852 1916201.29002 7
935639.506058 1916200.99391 7
935639.510469 1916200.68048 7
935639.513334 1916200.47233 7
935639.516085 1916200.27188 7
935639.519227 1916200.04189 7
935639.522536 1916199.79373 7
935639.525629 1916199.56155 7
935639.530661 1916199.18735 7
935639.534388 1916198.88733 7
935639.53793 1916198.62734 7
935639.54127 1916198.38198 7
935639.543994 1916198.17933 7
935639.547308 1916197.94337 7
935639.550587 1916197.71729 7
935639.557033 1916197.51128 7
935639.561532 1916197.3006 7
935639.565953 1916197.08089 7
935639.571719 1916196.83118 7
935639.577043 1916196.61319 7
935639.582968 1916196.38093 7
935639.589652 1916196.10744 7
935639.595712 1916195.89983 7
935639.600868 1916195.68477 7
935639.606156 1916195.44018 7
935639.611754 1916195.19339 7
935639.617488 1916194.94283 7
935639.623922 1916194.66494 7
935639.630658 1916194.37619 7
935639.637728 1916194.06927 7
935639.644992 1916193.75441 7
935639.653706 1916193.37405 7
935639.659729 1916193.10336 7
935639.665894 1916192.82558 7
935639.67143 1916192.57977 7
935639.680191 1916192.19795 7
935639.689313 1916191.80771 7
935639.699207 1916191.39674 7
935639.7086 1916191.00821 7
935639.718478 1916190.66899 7
935639.723743 1916190.46723 7
935639.729486 1916190.23387 7
935639.73444 1916190.02869 7
935639.741332 1916189.74068 7
935639.746881 1916189.5133 7
935639.754264 1916189.21212 7
935639.760676 1916188.94765 7
935639.768018 1916188.65916 7
935639.775514 1916188.36237 7
935639.783726 1916188.01129 7
935639.791664 1916187.67802 7
935639.799532 1916187.33999 7
935639.807987 1916186.98122 7
935639.813286 1916186.7586 7
935639.818609 1916186.52291 7
935639.824272 1916186.26576 7
935639.830199 1916186.00153 7
935639.835376 1916185.76926 7
935639.845044 1916185.33985 7
935639.850709 1916185.08733 7
935639.856252 1916184.84116 7
935639.863176 1916184.58524 7
935639.869432 1916184.35519 7
935639.87496 1916184.12915 7
935639.879966 1916183.91005 7
935639.884977 1916183.68876 7
935639.891024 1916183.42564 7
935639.897917 1916183.15629 7
935639.904444 1916182.90818 7
935639.910623 1916182.67617 7
935639.916668 1916182.44929 7
935639.921757 1916182.24423 7
935639.927736 1916181.99745 7
935639.933817 1916181.75726 7
935639.939283 1916181.55099 7
935639.947024 1916181.28594 7
935639.955103 1916181.04285 7
935639.960809 1916180.82816 7
935639.967074 1916180.57492 7
935639.973548 1916180.30509 7
935639.978337 1916180.1021 7
935639.985292 1916179.85436 7
935639.993747 1916179.551 7
935640.001313 1916179.27288 7
935640.007296 1916179.05332 7
935640.014231 1916178.8439 7
935640.021812 1916178.57542 7
935640.027521 1916178.3683 7
935640.027927 1916178.11802 7
935640.031516 1916177.90842 7
935640.037168 1916177.59086 7
935640.041751 1916177.37444 7
935640.049246 1916177.13208 7
935640.054402 1916176.93142 7
935640.061234 1916176.6982 7
935640.067935 1916176.48719 7
935640.074927 1916176.26361 7
935640.081222 1916176.06138 7
935640.085034 1916175.85166 7
935640.090171 1916175.61036 7
935640.094222 1916175.39138 7
935640.098013 1916175.15323 7
935640.101474 1916174.91471 7
935640.105121 1916174.66924 7
935640.107893 1916174.46646 7
935640.11081 1916174.2377 7
935640.114614 1916174.00687 7
935640.117771 1916173.77884 7
935640.123028 1916173.56561 7
935640.12771 1916173.34724 7
935640.133906 1916173.14159 7
935640.140828 1916172.91423 7
935640.142319 1916172.68788 7
935640.145945 1916172.46828 7
935640.149086 1916172.2682 7
935640.152016 1916172.05359 7
935640.15558 1916171.82202 7
935640.158844 1916171.61901 7
935640.162569 1916171.39172 7
935640.165921 1916171.18408 7
935640.169378 1916170.96313 7
935640.172869 1916170.72705 7
935640.1758 1916170.52196 7
935640.178919 1916170.30357 7
935640.182149 1916170.08054 7
935640.185545 1916169.84373 7
935640.189067 1916169.58739 7
935640.192768 1916169.32264 7
935640.195556 1916169.11596 7
935640.199426 1916168.82278 7
935640.2036 1916168.49067 7
935640.206178 1916168.27898 7
935640.209889 1916167.97701 7
935640.211487 1916167.70014 7
935640.21446 1916167.44184 7
935640.218032 1916167.16891 7
935640.221585 1916166.88268 7
935640.22655 1916166.58585 7
935640.230306 1916166.28302 7
935640.2335 1916165.95834 7
935640.236944 1916165.63232 7
935640.240475 1916165.32302 7
935640.245298 1916165.01826 7
935640.248623 1916164.77388 7
935640.251808 1916164.52291 7
935640.254833 1916164.2917 7
935640.257733 1916164.07124 7
935640.260303 1916163.8687 7
935640.264311 1916163.65533 7
935640.27005 1916163.3712 7
935640.273367 1916163.13842 7
935640.277285 1916162.8855 7
935640.281186 1916162.64418 7
935640.284771 1916162.4219 7
935640.289476 1916162.16936 7
935640.293869 1916161.90377 7
935640.297461 1916161.68441 7
935640.300947 1916161.45345 7
935640.304775 1916161.1937 7
935640.308705 1916160.93713 7
935640.312291 1916160.70947 7
935640.315721 1916160.48828 7
935640.320871 1916160.19951 7
935640.337833 1916159.93155 7
935640.345543 1916159.72422 7
935640.35457 1916159.49494 7
935640.365038 1916159.21516 7
935640.369906 1916159.0101 7
935640.378354 1916158.76006 7
935640.385458 1916158.54576 7
935640.391606 1916158.33743 7
935640.398979 1916158.072 7
935640.404798 1916157.86464 7
935640.411047 1916157.64654 7
935640.416658 1916157.41769 7
935640.422097 1916157.18714 7
935640.42725 1916156.95926 7
935640.432069 1916156.74432 7
935640.437196 1916156.51375 7
935640.442574 1916156.26684 7
935640.447547 1916156.03298 7
935640.452682 1916155.77594 7
935640.45832 1916155.49535 7
935640.462703 1916155.27613 7
935640.467446 1916155.04093 7
935640.472691 1916154.78364 7
935640.47949 1916154.44376 7
935640.483499 1916154.24137 7
935640.489295 1916153.94798 7
935640.494682 1916153.67214 7
935640.501248 1916153.33775 7
935640.505812 1916153.11097 7
935640.51068 1916152.86454 7
935640.514923 1916152.64543 7
935640.521806 1916152.29067 7
935640.529012 1916151.92944 7
935640.536496 1916151.55882 7
935640.544468 1916151.18394 7
935640.550551 1916150.89689 7
935640.556676 1916150.60094 7
935640.562377 1916150.32841 7
935640.567668 1916150.06343 7
935640.572425 1916149.82494 7
935640.57692 1916149.6001 7
935640.581268 1916149.38209 7
935640.585325 1916149.18202 7
935640.59044 1916148.92864 7
935640.595451 1916148.67172 7
935640.600378 1916148.43066 7
935640.605075 1916148.20461 7
935640.610287 1916147.94988 7
935640.614983 1916147.74653 7
935640.619231 1916147.53145 7
935640.625068 1916147.21621 7
935640.629602 1916146.9677 7
935640.634456 1916146.70577 7
935640.639565 1916146.42969 7
935640.643324 1916146.22766 7
935640.647807 1916145.98721 7
935640.652675 1916145.72918 7
935640.656802 1916145.51411 7
935640.660843 1916145.30244 7
935640.668084 1916144.96452 7
935640.675636 1916144.64016 7
935640.680577 1916144.39629 7
935640.685398 1916144.15425 7
935640.689896 1916143.93454 7
935640.694089 1916143.7335 7
935640.699456 1916143.47768 7
935640.704973 1916143.21967 7
935640.709508 1916143.00911 7
935640.714118 1916142.78855 7
935640.719058 1916142.55054 7
935640.723329 1916142.34315 7
935640.727325 1916142.13393 7
935640.731449 1916141.93154 7
935640.735605 1916141.72903 7
935640.740258 1916141.50188 7
935640.744499 1916141.29205 7
935640.749468 1916141.03634 7
935640.754511 1916140.77405 7
935640.758547 1916140.56422 7
935640.764038 1916140.27985 7
935640.768564 1916140.04635 7
935640.773382 1916139.79821 7
935640.777965 1916139.57166 7
935640.783011 1916139.32499 7
935640.786999 1916139.12492 7
935640.792402 1916138.85287 7
935640.796553 1916138.6406 7
935640.800996 1916138.41466 7
935640.805627 1916138.17738 7
935640.811612 1916137.87008 7
935640.816875 1916137.60449 7
935640.827857 1916137.04112 7
935640.833633 1916136.74796 7
935640.840004 1916136.41443 7
935640.845474 1916136.11455 7
935640.851219 1916135.8181 7
935640.856338 1916135.56106 7
935640.861266 1916135.31036 7
935640.865957 1916135.0765 7
935640.870326 1916134.85764 7
935640.874466 1916134.65135 7
935640.878841 1916134.43456 7
935640.883 1916134.22559 7
935640.887036 1916134.02198 7
935640.891715 1916133.79129 7
935640.896758 1916133.54437 7
935640.900731 1916133.34283 7
935640.905996 1916133.10642 7
935640.909859 1916132.90561 7
935640.915159 1916132.61745 7
935640.919813 1916132.40226 7
935640.924331 1916132.18365 7
935640.929461 1916131.93368 7
935640.93404 1916131.70446 7
935640.93875 1916131.47377 7
935640.943204 1916131.25052 7
935640.947318 1916131.03812 7
935640.951819 1916130.81194 7
935640.956448 1916130.5926 7
935640.963048 1916130.32875 7
935640.968827 1916130.10515 7
935640.974401 1916129.83872 7
935640.978737 1916129.61522 7
935640.983179 1916129.39417 7