935497.460619 1915778.43084 0
935497.551133 1915778.64254 0
935497.636207 1915778.83767 0
935497.726058 1915779.04375 0
935497.823789 1915779.26862 0
935497.924335 1915779.50061 0
935498.011099 1915779.70078 0
935498.095129 1915779.89492 0
935498.179227 1915780.08919 0
935498.264981 1915780.28727 0
935498.346373 1915780.47551 0
935498.440944 1915780.6946 0
935498.544454 1915780.93481 0
935498.653497 1915781.18817 0
935498.737961 1915781.38428 0
935498.853342 1915781.65189 0
935498.967165 1915781.91631 0
935499.073893 1915782.16451 0
935499.164351 1915782.37487 0
935499.264303 1915782.60746 0
935499.349887 1915782.80639 0
935499.441217 1915783.01859 0
935499.539513 1915783.24688 0
935499.63785 1915783.47518 0
935499.752421 1915783.74107 0
935499.847604 1915783.962 0
935499.946224 1915784.19079 0
935500.064596 1915784.46553 0
935500.16965 1915784.70943 0
935500.272285 1915784.9478 0
935500.391816 1915785.22525 0
935500.505819 1915785.48992 0
935500.634145 1915785.788 0
935500.756709 1915786.07245 0
935500.878653 1915786.35579 0
935501.001934 1915786.64209 0
935501.100519 1915786.87112 0
935501.191695 1915787.08283 0
935501.287901 1915787.30596 0
935501.389052 1915787.54065 0
935501.55805 1915787.93017 0
935501.687598 1915788.2173 0
935501.7956 1915788.45929 0
935501.891161 1915788.66778 0
935502.008662 1915788.91871 0
935502.125684 1915789.16487 0
935502.225869 1915789.37428 0
935502.366844 1915789.66769 0
935502.565368 1915790.07953 0
935502.674211 1915790.30506 0
935502.765923 1915790.49506 0
935502.910427 1915790.79413 0
935503.132057 1915791.25283 0
935503.283521 1915791.56629 0
935503.432336 1915791.87422 0
935503.596107 1915792.2129 0
935503.771387 1915792.57531 0
935503.904599 1915792.85077 0
935504.09661 1915793.2475 0
935504.222581 1915793.50759 0
935504.394421 1915793.85262 0
935504.523107 1915794.1091 0
935504.616475 1915794.29534 0
935504.783582 1915794.62125 0
935504.923218 1915794.88547 0
935505.121145 1915795.26008 0
935505.287191 1915795.57487 0
935505.426846 1915795.84019 0
935505.553577 1915796.08114 0
935505.797842 1915796.54434 0
935505.902728 1915796.74284 0
935506.035964 1915796.99537 0
935506.148897 1915797.20974 0
935506.305656 1915797.50657 0
935506.457694 1915797.7949 0
935506.596305 1915798.05776 0
935506.716577 1915798.28567 0
935506.836048 1915798.51284 0
935506.944561 1915798.71921 0
935507.047876 1915798.9161 0
935507.146472 1915799.10316 0
935507.239644 1915799.28036 0
935507.338395 1915799.46754 0
935507.444126 1915799.66764 0
935507.538024 1915799.84583 0
935507.64243 1915800.04152 0
935507.757191 1915800.2597 0
935507.850169 1915800.43776 0
935507.972584 1915800.67193 0
935508.067122 1915800.85196 0
935508.187753 1915801.08061 0
935508.323646 1915801.33782 0
935508.511321 1915801.69298 0
935508.612672 1915801.88484 0
935508.762414 1915802.16776 0
935508.874137 1915802.37882 0
935508.971268 1915802.56182 0
935509.10919 1915802.82345 0
935509.208384 1915803.01125 0
935509.307971 1915803.19954 0
935509.41317 1915803.39853 0
935509.574667 1915803.70374 0
935509.69888 1915803.9383 0
935509.857544 1915804.23845 0
935510.032785 1915804.57035 0
935510.185434 1915804.85894 0
935510.292024 1915805.06016 0
935510.493485 1915805.44055 0
935510.680621 1915805.79388 0
935510.811506 1915806.04075 0
935510.952276 1915806.30621 0
935511.091496 1915806.56835 0
935511.20844 1915806.78876 0
935511.303553 1915806.96783 0
935511.444722 1915807.23366 0
935511.58952 1915807.50674 0
935511.740249 1915807.79091 0
935511.903439 1915808.0987 0
935512.05019 1915808.37548 0
935512.199783 1915808.65755 0
935512.353296 1915808.94688 0
935512.450281 1915809.12964 0
935512.553839 1915809.32458 0
935512.742486 1915809.67964 0
935512.936614 1915810.04491 0
935513.090571 1915810.33474 0
935513.258091 1915810.65004 0
935513.433915 1915810.9811 0
935513.607782 1915811.30834 0
935513.743584 1915811.56383 0
935513.844736 1915811.75422 0
935514.007723 1915812.06067 0
935514.110598 1915812.25426 0
935514.277087 1915812.56747 0
935514.496906 1915812.98087 0
935514.652809 1915813.27426 0
935514.85667 1915813.658 0
935514.99657 1915813.92149 0
935515.201612 1915814.30743 0
935515.438601 1915814.75332 0
935515.667381 1915815.18345 0
935515.834806 1915815.4979 0
935516.000276 1915815.80926 0
935516.110008 1915816.01529 0
935516.257908 1915816.29257 0
935516.406786 1915816.57195 0
935516.575974 1915816.88935 0
935516.784846 1915817.28085 0
935516.968504 1915817.62448 0
935517.067095 1915817.80909 0
935517.198958 1915818.05659 0
935517.35438 1915818.34815 0
935517.509287 1915818.63836 0
935517.608286 1915818.82396 0
935517.768458 1915819.12474 0
935517.898551 1915819.36904 0
935518.034336 1915819.62319 0
935518.132795 1915819.80732 0
935518.250081 1915820.02786 0
935518.403696 1915820.31634 0
935518.505212 1915820.50649 0
935518.669405 1915820.81454 0
935518.83715 1915821.12948 0
935518.980399 1915821.39815 0
935519.106845 1915821.63507 0
935519.23078 1915821.86719 0
935519.465495 1915822.30669 0
935519.597922 1915822.55457 0
935519.741664 1915822.82361 0
935519.891295 1915823.10348 0
935520.017715 1915823.33991 0
935520.120836 1915823.53277 0
935520.235612 1915823.74754 0
935520.329965 1915823.92391 0
935520.435079 1915824.12046 0
935520.529103 1915824.29902 0
935520.648537 1915824.52424 0
935520.764725 1915824.74147 0
935520.861735 1915824.92276 0
935520.960047 1915825.10713 0
935521.07913 1915825.33038 0
935521.294315 1915825.73309 0
935521.415369 1915825.95893 0
935521.549974 1915826.21014 0
935521.694915 1915826.48189 0
935521.842263 1915826.7588 0
935521.993528 1915827.04114 0
935522.151977 1915827.33665 0
935522.285667 1915827.58613 0
935522.404699 1915827.80841 0
935522.553722 1915828.08657 0
935522.668079 1915828.30035 0
935522.887023 1915828.71007 0
935523.012754 1915828.94515 0
935523.151577 1915829.20484 0
935523.300582 1915829.48324 0
935523.451948 1915829.76583 0
935523.600048 1915830.04226 0
935523.720991 1915830.26799 0
935523.87586 1915830.55722 0
935524.028548 1915830.84251 0
935524.138904 1915831.04879 0
935524.295099 1915831.34073 0
935524.485878 1915831.69716 0
935524.655804 1915832.01446 0
935524.803984 1915832.29126 0
935524.934769 1915832.53532 0
935525.148751 1915832.93471 0
935525.31096 1915833.23724 0
935525.427327 1915833.45435 0
935525.54547 1915833.67479 0
935525.678649 1915833.92292 0
935525.806694 1915834.16169 0
935525.929893 1915834.39136 0
935526.034303 1915834.58583 0
935526.19823 1915834.89119 0
935526.402404 1915835.27175 0
935526.57848 1915835.59964 0
935526.760194 1915835.93823 0
935526.912228 1915836.22107 0
935527.105254 1915836.58218 0
935527.254067 1915836.86009 0
935527.422701 1915837.17444 0
935527.581663 1915837.47032 0
935527.762334 1915837.80658 0
935527.888296 1915838.04117 0
935528.012478 1915838.27232 0
935528.134691 1915838.49953 0
935528.240818 1915838.69683 0
935528.339236 1915838.87961 0
935528.442734 1915839.07187 0
935528.540836 1915839.25379 0
935528.674091 1915839.50058 0
935528.798947 1915839.73222 0
935528.918125 1915839.95328 0
935529.025853 1915840.15317 0
935529.15174 1915840.38691 0
935529.257498 1915840.58286 0
935529.354111 1915840.76159 0
935529.454385 1915840.94684 0
935529.553304 1915841.13011 0
935529.665139 1915841.3391 0
935529.791033 1915841.5721 0
935529.919539 1915841.81015 0
935530.051135 1915842.05386 0
935530.190639 1915842.31222 0
935530.29995 1915842.51458 0
935530.443146 1915842.77971 0
935530.574868 1915843.02342 0
935530.68009 1915843.21814 0
935530.786919 1915843.4157 0
935530.91312 1915843.6492 0
935531.008037 1915843.82558 0
935531.144114 1915844.07802 0
935531.268253 1915844.30783 0
935531.406577 1915844.56361 0
935531.508872 1915844.75279 0
935531.607792 1915844.9357 0
935531.72077 1915845.14495 0
935531.83163 1915845.34928 0
935531.97086 1915845.60495 0
935532.082764 1915845.8115 0
935532.18866 1915846.00696 0
935532.294496 1915846.20231 0
935532.401321 1915846.39852 0
935532.508554 1915846.59584 0
935532.612301 1915846.78688 0
935532.714402 1915846.97509 0
935532.816145 1915847.16219 0
935532.930082 1915847.37194 1
935533.030905 1915847.56184 1
935533.127025 1915847.73714 1
935533.236349 1915847.93803 1
935533.340476 1915848.13005 1
935533.477637 1915848.383 1
935533.592566 1915848.59497 1
935533.690163 1915848.77517 1
935533.790943 1915848.96116 1
935533.898581 1915849.16019 1
935534.009144 1915849.36477 1
935534.130949 1915849.58977 1
935534.23596 1915849.78376 1
935534.396765 1915850.08029 1
935534.496712 1915850.26431 1
935534.600242 1915850.45486 1
935534.736215 1915850.70438 1
935534.850568 1915850.91438 1
935534.99916 1915851.18765 1
935535.151651 1915851.46867 1
935535.251359 1915851.65257 1
935535.385658 1915851.90047 1
935535.498066 1915852.10776 1
935535.607108 1915852.30913 1
935535.732909 1915852.54104 1
935535.865681 1915852.78611 1
935536.006187 1915853.04558 1
935536.130378 1915853.27514 1
935536.260659 1915853.51578 1
935536.397777 1915853.76898 1
935536.596213 1915854.13542 1
935536.733945 1915854.3896 1
935536.883418 1915854.66544 1
935537.040026 1915854.95434 1
935537.168009 1915855.19018 1
935537.269886 1915855.37802 1
935537.458059 1915855.72489 1
935537.645608 1915856.0709 1
935537.780157 1915856.31893 1
935537.937708 1915856.60918 1
935538.033025 1915856.78496 1
935538.273692 1915857.22895 1
935538.416778 1915857.49297 1
935538.605131 1915857.84046 1
935538.783928 1915858.1701 1
935538.901251 1915858.38637 1
935539.08402 1915858.72279 1
935539.295285 1915859.11127 1
935539.544515 1915859.5698 1
935539.7292 1915859.90917 1
935539.901252 1915860.22589 1
935540.02399 1915860.45567 1
935540.154376 1915860.69802 1
935540.250003 1915860.87453 1
935540.430066 1915861.20675 1
935540.572761 1915861.4698 1
935540.767734 1915861.82886 1
935540.892629 1915862.06307 1
935541.000624 1915862.2676 1
935541.106682 1915862.46698 1
935541.206407 1915862.65466 1
935541.302499 1915862.83594 1
935541.420204 1915863.05807 1
935541.566879 1915863.33522 1
935541.671408 1915863.532 1
935541.783395 1915863.74233 1
935541.889266 1915863.94171 1
935541.999662 1915864.14957 1
935542.117503 1915864.37171 1
935542.25574 1915864.63371 1
935542.385831 1915864.8791 1
935542.490164 1915865.07503 1
935542.686067 1915865.44265 1
935542.838874 1915865.7299 1
935542.97204 1915865.98267 1
935543.096327 1915866.21833 1
935543.210247 1915866.43211 1
935543.321211 1915866.64059 1
935543.426598 1915866.83861 1
935543.540772 1915867.05349 1
935543.670084 1915867.29754 1
935543.803285 1915867.54811 1
935543.967315 1915867.85677 1
935544.075512 1915868.0602 1
935544.227589 1915868.34634 1
935544.365118 1915868.60491 1
935544.472406 1915868.8065 1
935544.607353 1915869.06027 1
935544.723959 1915869.27946 1
935544.896815 1915869.60425 1
935545.046142 1915869.88473 1
935545.173244 1915870.12325 1
935545.271327 1915870.30883 1
935545.366755 1915870.48948 1
935545.505069 1915870.74953 1
935545.672198 1915871.06154 1
935545.801535 1915871.30167 1
935545.904094 1915871.49257 1
935546.009767 1915871.69023 1
935546.107273 1915871.87251 1
935546.207681 1915872.06057 1
935546.331205 1915872.29097 1
935546.436142 1915872.48691 1
935546.545088 1915872.69024 1
935546.675273 1915872.93515 1
935546.793933 1915873.15791 1
935546.902996 1915873.36124 1
935547.008574 1915873.5567 1
935547.117579 1915873.7632 1
935547.231035 1915873.97258 1
935547.33508 1915874.16521 1
935547.441062 1915874.36141 0
935547.538118 1915874.5438 0
935547.63097 1915874.72149 0
935547.730484 1915874.91026 0
935547.82803 1915875.09022 0
935547.931185 1915875.27747 0
935548.04492 1915875.48258 0
935548.149659 1915875.67095 0
935548.267586 1915875.88308 0
935548.372727 1915876.07207 0
935548.475996 1915876.26018 0
935548.607908 1915876.49596 0
935548.759694 1915876.7705 0
935548.8851 1915876.99691 0
935549.015755 1915877.23267 0
935549.114955 1915877.4118 0
935549.225191 1915877.61088 0
935549.342087 1915877.8219 0
935549.462965 1915878.04005 0
935549.592874 1915878.27459 0
935549.7413 1915878.54285 0
935549.888736 1915878.8089 0
935550.004971 1915879.01857 0
935550.127494 1915879.23956 0
935550.238915 1915879.4406 0
935550.338395 1915879.62133 0
935550.447981 1915879.82027 0
935550.566759 1915880.03425 0
935550.675237 1915880.23 0
935550.774213 1915880.41572 0
935550.898687 1915880.64333 0
935551.010673 1915880.84963 0
935551.12971 1915881.06947 0
935551.239415 1915881.27195 0
935551.349982 1915881.47591 0
935551.477393 1915881.71212 0
935551.573137 1915881.89034 0
935551.678263 1915882.08433 0
935551.779516 1915882.27081 0
935551.895485 1915882.48377 0
935552.024064 1915882.7206 0
935552.175493 1915882.99965 0
935552.312735 1915883.25273 0
935552.460081 1915883.52439 0
935552.567121 1915883.72158 0
935552.721099 1915884.00555 0
935552.827721 1915884.20237 0
935552.936247 1915884.40252 0
935553.05101 1915884.61387 0
935553.163707 1915884.82153 0
935553.27839 1915885.03288 0
935553.400426 1915885.25764 0
935553.554259 1915885.54161 0
935553.67626 1915885.76711 0
935553.789136 1915885.97575 0
935553.945275 1915886.26439 0
935554.074957 1915886.50404 0
935554.233758 1915886.79749 0
935554.361354 1915887.03333 0
935554.46172 1915887.21894 0
935554.647783 1915887.56298 0
935554.796315 1915887.83759 0
935554.940555 1915888.10408 0
935555.094059 1915888.38767 0
935555.217682 1915888.61649 0
935555.411999 1915888.97579 0
935555.564092 1915889.25692 0
935555.66382 1915889.44143 0
935555.81578 1915889.72232 0
935556.054148 1915890.16261 0
935556.175786 1915890.38725 0
935556.366294 1915890.73904 0
935556.535886 1915891.05206 0
935556.662853 1915891.28618 0
935556.758229 1915891.46208 0
935556.924909 1915891.76919 0
935557.106 1915892.10253 0
935557.27842 1915892.41974 0
935557.442569 1915892.72169 0
935557.594697 1915893.00136 0
935557.750933 1915893.28891 0
935557.855216 1915893.48032 0
935558.034369 1915893.8096 0
935558.165083 1915894.04891 0
935558.327505 1915894.34631 0
935558.457946 1915894.58574 0
935558.646456 1915894.93103 0
935558.744975 1915895.11125 0
935558.856781 1915895.31571 0
935558.962609 1915895.50923 0
935559.06281 1915895.69252 0
935559.167626 1915895.88395 0
935559.281046 1915896.09101 0
935559.391653 1915896.29314 0
935559.492822 1915896.47767 0
935559.589805 1915896.6542 0
935559.714609 1915896.88121 0
935559.834157 1915897.09861 0
935559.939185 1915897.28943 0
935560.046987 1915897.48566 0
935560.165922 1915897.70184 0
935560.287099 1915897.92232 0
935560.417243 1915898.1593 0
935560.520759 1915898.3474 0
935560.625312 1915898.5376 0
935560.7428 1915898.75363 0
935560.863169 1915898.9741 0
935560.977884 1915899.1824 0
935561.088761 1915899.38344 0
935561.193807 1915899.57596 0
935561.324075 1915899.81526 0
935561.427844 1915900.00374 0
935561.546639 1915900.21955 0
935561.659909 1915900.43075 0
935561.773397 1915900.64769 0
935561.870513 1915900.82936 0
935561.983894 1915901.04434 0
935562.095829 1915901.2587 0
935562.208974 1915901.47539 0
935562.313396 1915901.67706 0
935562.417758 1915901.87617 0
935562.510452 1915902.05361 0
935562.606278 1915902.23696 0
935562.702792 1915902.42166 0
935562.800838 1915902.60907 0
935562.906998 1915902.81198 0
935563.020078 1915903.02795 0
935563.118017 1915903.21755 0
935563.210377 1915903.39486 0
935563.332123 1915903.62756 0
935563.440766 1915903.83479 0
935563.554696 1915904.05247 0
935563.660351 1915904.25428 0
935563.771867 1915904.46716 0
935563.864215 1915904.64594 2
935563.966601 1915904.84318 2
935564.068386 1915905.03676 2
935564.184776 1915905.25826 2
935564.296856 1915905.4714 2
935564.425436 1915905.71616 2
935564.549048 1915905.95194 2
935564.643598 1915906.13209 2
935564.746514 1915906.32861 2
935564.856843 1915906.53916 2
935564.970878 1915906.75745 2
935565.092001 1915906.98904 2
935565.187797 1915907.17214 2
935565.30751 1915907.40102 2
935565.494795 1915907.75886 2
935565.63487 1915908.02638 2
935565.735921 1915908.21909 2
935565.853458 1915908.44354 2
935565.958353 1915908.64375 2
935566.060503 1915908.83904 2
935566.170213 1915909.04872 2
935566.295372 1915909.28818 2
935566.416499 1915909.51977 2
935566.59693 1915909.86493 2
935566.692543 1915910.04755 2
935566.817041 1915910.28541 2
935566.969838 1915910.57742 2
935567.137372 1915910.89711 2
935567.260017 1915911.13104 2
935567.417112 1915911.43081 2
935567.566888 1915911.71642 2
935567.661447 1915911.89743 2
935567.767232 1915912.08167 2
935567.861114 1915912.26279 2
935567.959803 1915912.45436 2
935568.064775 1915912.65811 2
935568.164713 1915912.85178 2
935568.275294 1915913.05989 2
935568.381648 1915913.26012 2
935568.486307 1915913.45886 2
935568.581295 1915913.63829 2
935568.693215 1915913.84972 2
935568.791557 1915914.03579 2
935568.897491 1915914.23639 2
935569.000087 1915914.4307 2
935569.141087 1915914.69665 2
935569.253576 1915914.90882 2
935569.363876 1915915.11705 2
935569.480555 1915915.33746 2
935569.592675 1915915.54975 2
935569.707381 1915915.76683 2
935569.806693 1915915.9545 2
935569.904568 1915916.13947 2
935570.046763 1915916.40849 2
935570.200897 1915916.7004 2
935570.29659 1915916.88155 2
935570.43143 1915917.13654 2
935570.540488 1915917.34255 2
935570.709011 1915917.66068 2
935570.825432 1915917.88047 2
935570.949698 1915918.11516 2
935571.086473 1915918.37409 2
935571.269264 1915918.72002 2
935571.498623 1915919.1537 2
935571.607489 1915919.36105 2
935571.717164 1915919.56878 2
935571.800794 1915919.76756 2
935571.911071 1915919.96602 2
935572.027259 1915920.17593 2
935572.13031 1915920.36184 2
935572.25933 1915920.59562 2
935572.378547 1915920.81205 2
935572.49523 1915921.02233 2
935572.60557 1915921.22177 2
935572.705866 1915921.41666 2
935572.805436 1915921.60996 2
935572.905244 1915921.79691 2
935573.007828 1915921.99366 2
935573.112155 1915922.19362 2
935573.22606 1915922.4124 2
935573.31897 1915922.59107 2
935573.419105 1915922.78339 2
935573.527242 1915922.99024 2
935573.624326 1915923.17654 2
935573.725279 1915923.37059 2
935573.844003 1915923.60006 2
935573.963977 1915923.83004 2
935574.082101 1915924.05621 2
935574.179817 1915924.24325 2
935574.277682 1915924.43078 2
935574.379337 1915924.62557 2
935574.473597 1915924.80719 2
935574.610272 1915925.07075 2
935574.725437 1915925.29162 2
935574.82377 1915925.48038 2
935574.941667 1915925.70667 2
935575.054464 1915925.92226 2
935575.167498 1915926.13846 2
935575.297989 1915926.3868 2
935575.3938 1915926.56294 2
935575.493886 1915926.75515 2
935575.589336 1915926.93288 2
935575.687174 1915927.11467 2
935575.794194 1915927.31357 2
935575.909623 1915927.52884 2
935576.010351 1915927.71666 2
935576.137928 1915927.95445 2
935576.273115 1915928.20603 2
935576.382517 1915928.4096 2
935576.499562 1915928.62758 2
935576.621561 1915928.85491 2
935576.750489 1915929.09504 2
935576.845264 1915929.27154 2
935576.98475 1915929.53173 2
935577.108212 1915929.76201 2
935577.255073 1915930.03574 2
935577.398549 1915930.30331 2
935577.563092 1915930.61027 2
935577.677425 1915930.82369 2
935577.793065 1915931.03933 2
935577.908994 1915931.25582 2
935578.007662 1915931.44007 2
935578.108146 1915931.62788 2
935578.255812 1915931.90321 2
935578.399582 1915932.17128 2
935578.519203 1915932.39418 2
935578.643906 1915932.62655 2
935578.777774 1915932.87592 2
935578.924257 1915933.14891 2
935579.117539 1915933.51002 2
935579.242642 1915933.74435 2
935579.356832 1915933.9574 2
935579.481011 1915934.18891 2
935579.632949 1915934.47212 2
935579.763233 1915934.71642 2
935579.892966 1915934.97963 2
935580.012349 1915935.21631 2
935580.128942 1915935.45466 2
935580.247792 1915935.70379 2
935580.368461 1915935.95733 2
935580.483363 1915936.19834 2
935580.574043 1915936.40564 2
935580.686152 1915936.65832 2
935580.770049 1915936.85088 2
935580.849455 1915937.03702 2
935580.942874 1915937.25962 2
935581.009779 1915937.45642 2
935581.091348 1915937.67067 2
935581.168199 1915937.87849 2
935581.244391 1915938.09276 2
935581.31229 1915938.29324 4
935581.378097 1915938.50491 4
935581.433166 1915938.70934 4
935581.489848 1915938.92599 4
935581.540122 1915939.12546 4
935581.586503 1915939.34524 4
935581.630507 1915939.5534 4
935581.661418 1915939.76281 4
935581.69593 1915939.96105 4
935581.720239 1915940.17987 4
935581.743468 1915940.38746 4
935581.755846 1915940.59779 4
935581.769936 1915940.81316 4
935581.779963 1915941.01345 4
935581.789674 1915941.22656 4
935581.801376 1915941.49058 4
935581.809683 1915941.70268 4
935581.817711 1915941.90307 4
935581.798591 1915942.13682 4
935581.787019 1915942.34959 4
935581.773769 1915942.55085 4
935581.733706 1915942.77586 4
935581.699701 1915942.99595 4
935581.656698 1915943.21359 4
935581.592894 1915943.41393 4
935581.535781 1915943.61084 4
935581.474321 1915943.80622 4
935581.399638 1915944.03617 4
935581.336837 1915944.22957 4
935581.265195 1915944.4509 4
935581.182449 1915944.70452 4
935581.110809 1915944.90364 4
935581.022441 1915945.15094 4
935580.941031 1915945.37224 4
935580.850574 1915945.60511 4
935580.756192 1915945.79203 4
935580.66357 1915945.9979 4
935580.570172 1915946.19448 4
935580.476048 1915946.38543 4
935580.378292 1915946.58219 4
935580.278837 1915946.75866 4
935580.173046 1915946.95712 4
935580.068245 1915947.13155 4
935579.956576 1915947.31039 4
935579.836615 1915947.48446 4
935579.719637 1915947.65199 4
935579.600988 1915947.81619 4
935579.474153 1915947.97624 4
935579.335005 1915948.14293 4
935579.195193 1915948.31058 4
935579.059126 1915948.46268 4
935578.912786 1915948.61083 4
935578.763132 1915948.76832 4
935578.612458 1915948.92213 4
935578.443534 1915949.09457 4
935578.289247 1915949.24149 4
935578.141394 1915949.38669 4
935577.994008 1915949.52701 4
935577.845515 1915949.66829 4
935577.68776 1915949.79417 4
935577.527922 1915949.9299 4
935577.346951 1915950.06895 4
935577.184873 1915950.18988 4
935577.021823 1915950.30835 4
935576.851882 1915950.41915 4
935576.678256 1915950.52977 4
935576.504755 1915950.63807 4
935576.325121 1915950.73919 4
935576.148543 1915950.83561 4
935575.963099 1915950.93444 4
935575.772577 1915951.03893 4
935575.579066 1915951.14435 4
935575.384962 1915951.24915 4
935575.193804 1915951.32862 4
935575.004031 1915951.43349 4
935574.813949 1915951.54104 4
935574.607655 1915951.65748 4
935574.422173 1915951.76205 4
935574.194515 1915951.89036 4
935573.998712 1915952.00063 4
935573.820052 1915952.10091 4
935573.639541 1915952.20227 4
935573.42818 1915952.32083 4
935573.216489 1915952.43975 4
935572.997374 1915952.56295 4
935572.76662 1915952.69243 4
935572.569045 1915952.80327 4
935572.379573 1915952.90961 4
935572.180346 1915953.02031 4
935571.988727 1915953.12808 4
935571.805926 1915953.23098 4
935571.576438 1915953.36 4
935571.366307 1915953.47797 4
935571.180265 1915953.58106 4
935570.99115 1915953.68411 4
935570.764013 1915953.81011 4
935570.559829 1915953.92244 4
935570.377238 1915954.02242 4
935570.186697 1915954.12667 4
935569.98046 1915954.23835 4
935569.775188 1915954.3481 4
935569.573489 1915954.45498 4
935569.390053 1915954.55202 4
935569.188495 1915954.65816 4
935568.952519 1915954.78195 4
935568.770638 1915954.87706 4
935568.593694 1915954.9709 4
935568.355729 1915955.09673 4
935568.152032 1915955.20431 4
935567.919176 1915955.32704 4
935567.656976 1915955.46542 4
935567.425752 1915955.58794 4
935567.187822 1915955.71377 4
935566.915354 1915955.85772 4
935566.716302 1915955.96293 4
935566.482983 1915956.08627 4
935566.228344 1915956.2211 4
935566.04603 1915956.3173 4
935565.8189 1915956.43684 4
935565.527911 1915956.59184 4
935565.280184 1915956.72362 4
935565.100938 1915956.81852 4
935564.864323 1915956.9434 4
935564.666136 1915957.04813 4
935564.479161 1915957.14682 4
935564.297399 1915957.24291 4
935564.107627 1915957.3429 4
935563.906668 1915957.44881 4
935563.702641 1915957.55626 4
935563.476007 1915957.67604 4
935563.247872 1915957.79617 4
935562.976663 1915957.93892 4
935562.727359 1915958.07042 4
935562.454234 1915958.21449 4
935562.20188 1915958.34753 4
935561.913008 1915958.49915 4
935561.711724 1915958.60506 4
935561.487927 1915958.72318 4
935561.307402 1915958.81843 4
935561.128091 1915958.91334 4
935560.947673 1915959.0064 4
935560.630064 1915959.1716 4
935560.420265 1915959.28115 4
935560.202479 1915959.3951 4
935560.007255 1915959.49671 4
935559.82547 1915959.58913 4
935559.643578 1915959.68473 4
935559.418467 1915959.80417 4
935559.221275 1915959.90868 4
935559.040851 1915960.0043 4
935558.849582 1915960.10561 4
935558.624187 1915960.22541 4
935558.446087 1915960.31973 4
935558.233713 1915960.43241 4
935557.997155 1915960.55826 4
935557.776951 1915960.67534 4
935557.564446 1915960.78839 4
935557.323581 1915960.91674 4
935557.05813 1915961.05811 4
935556.79077 1915961.20056 4
935556.511124 1915961.3494 4
935556.322529 1915961.44977 4
935556.127689 1915961.55358 4
935555.918617 1915961.6651 4
935555.738885 1915961.76086 4
935555.393766 1915961.94454 4
935555.141261 1915962.07941 4
935554.907397 1915962.20469 4
935554.634207 1915962.35071 4
935554.415621 1915962.46744 4
935554.189326 1915962.58821 4
935553.944625 1915962.71918 4
935553.713047 1915962.8434 4
935553.50323 1915962.95503 4
935553.290854 1915963.06832 4
935553.092152 1915963.17427 4
935552.903078 1915963.275 4
935552.719595 1915963.37277 4
935552.537457 1915963.46971 4
935552.24908 1915963.62329 4
935552.06554 1915963.72008 4
935551.871422 1915963.82366 4
935551.673072 1915963.92974 4
935551.482336 1915964.0302 4
935551.277422 1915964.13922 4
935551.093784 1915964.23674 4
935550.876714 1915964.35167 4
935550.648722 1915964.47217 4
935550.462823 1915964.57063 4
935550.240911 1915964.68817 4
935550.040157 1915964.79482 4
935549.845108 1915964.89838 4
935549.664875 1915964.99352 4
935549.466164 1915965.09837 4
935549.277623 1915965.19886 4
935549.092 1915965.2977 4
935548.903908 1915965.39808 4
935548.716769 1915965.49799 4
935548.519782 1915965.60323 4
935548.318476 1915965.71084 4
935548.135493 1915965.80862 4
935547.943605 1915965.91102 4
935547.741776 1915966.01887 4
935547.553781 1915966.12474 4
935547.371958 1915966.22131 4
935547.188072 1915966.3181 4
935546.984577 1915966.42605 3
935546.801336 1915966.52016 3
935546.611486 1915966.62027 3
935546.432783 1915966.71457 3
935546.246016 1915966.81375 3
935546.062555 1915966.90225 3
935545.828302 1915967.01727 3
935545.636379 1915967.10661 3
935545.440284 1915967.18209 3
935545.224832 1915967.26825 3
935545.025419 1915967.33941 3
935544.834008 1915967.39751 3
935544.625928 1915967.44864 3
935544.425341 1915967.49989 3
935544.201613 1915967.54906 3
935543.989993 1915967.58817 3
935543.781658 1915967.62294 3
935543.577877 1915967.65425 3
935543.375029 1915967.67703 3
935543.16028 1915967.70425 3
935542.952122 1915967.72682 3
935542.73988 1915967.74921 3
935542.523175 1915967.76139 3
935542.306453 1915967.77504 3
935542.086956 1915967.78389 3
935541.867514 1915967.7765 3
935541.651262 1915967.76832 3
935541.447278 1915967.7541 3
935541.247504 1915967.73531 3
935541.036694 1915967.71306 3
935540.812373 1915967.68351 3
935540.585138 1915967.65379 3
935540.364394 1915967.62296 3
935540.159654 1915967.58017 3
935539.929735 1915967.53931 3
935539.732383 1915967.49237 3
935539.529971 1915967.44694 3
935539.30089 1915967.38534 3
935539.083949 1915967.32162 3
935538.884117 1915967.26341 3
935538.689559 1915967.20212 3
935538.498699 1915967.13258 3
935538.297014 1915967.0619 3
935538.107826 1915966.99337 3
935537.915249 1915966.92003 3
935537.723021 1915966.84937 3
935537.538832 1915966.76018 3
935537.354189 1915966.67976 3
935537.167685 1915966.59284 3
935536.988648 1915966.49604 3
935536.799526 1915966.39883 3
935536.620184 1915966.28799 3
935536.439538 1915966.17432 3
935536.256207 1915966.05219 3
935536.08403 1915965.92755 3
935535.923628 1915965.79248 3
935535.770176 1915965.66301 3
935535.615507 1915965.51717 3
935535.471603 1915965.37504 3
935535.326947 1915965.22423 3
935535.185507 1915965.06639 3
935535.053761 1915964.89541 3
935534.928431 1915964.73832 3
935534.80324 1915964.56708 3
935534.676445 1915964.39703 3
935534.564419 1915964.22062 3
935534.453271 1915964.05253 3
935534.348495 1915963.87612 3
935534.248963 1915963.70027 3
935534.150977 1915963.52409 3
935534.051144 1915963.343 0
935533.930574 1915963.12497 0
935533.831752 1915962.94706 0
935533.708415 1915962.72471 0
935533.58038 1915962.49338 0
935533.457924 1915962.27215 0
935533.354751 1915962.08624 0
935533.248745 1915961.89529 0
935533.100105 1915961.62727 0
935532.977464 1915961.40554 0
935532.852472 1915961.18012 0
935532.753892 1915961.00283 0
935532.62598 1915960.77284 0
935532.528284 1915960.59727 0
935532.420264 1915960.40299 0
935532.269741 1915960.13189 0
935532.166765 1915959.94635 0
935532.064362 1915959.76168 0
935531.954355 1915959.5631 0
935531.832131 1915959.34272 0
935531.701531 1915959.10757 0
935531.512276 1915958.76666 0
935531.398334 1915958.56154 0
935531.291655 1915958.36936 0
935531.15372 1915958.12164 0
935531.04304 1915957.92451 0
935530.886235 1915957.64342 0
935530.7396 1915957.37848 0
935530.590976 1915957.10765 0
935530.474135 1915956.89505 0
935530.334203 1915956.64218 0
935530.205991 1915956.41023 0
935530.102108 1915956.22249 0
935529.979231 1915956.00039 0
935529.864109 1915955.79306 0
935529.746972 1915955.58216 0
935529.623355 1915955.35896 0
935529.525734 1915955.18241 0
935529.424517 1915954.99788 0
935529.312422 1915954.79487 0
935529.196745 1915954.58619 0
935529.075131 1915954.36704 0
935528.954425 1915954.14925 0
935528.823071 1915953.9086 0
935528.688998 1915953.66277 0
935528.590631 1915953.48378 0
935528.465555 1915953.25689 0
935528.353631 1915953.05315 0
935528.230725 1915952.8291 0
935528.132447 1915952.64962 0
935528.034473 1915952.47087 0
935527.932103 1915952.28351 0
935527.819098 1915952.07719 0
935527.698611 1915951.85758 0
935527.595669 1915951.67021 0
935527.483696 1915951.46647 0
935527.379587 1915951.27689 0
935527.280718 1915951.0963 0
935527.139155 1915950.83827 0
935527.03165 1915950.64302 0
935526.918718 1915950.43817 0
935526.790426 1915950.20427 0
935526.691422 1915950.02332 0
935526.592959 1915949.84237 0
935526.486841 1915949.6497 0
935526.370744 1915949.43943 0
935526.249753 1915949.22029 0
935526.105584 1915948.95869 0
935525.981849 1915948.73401 0
935525.84066 1915948.47758 0
935525.687485 1915948.1996 0
935525.564707 1915947.97665 0
935525.416568 1915947.70754 0
935525.309455 1915947.51303 0
935525.204151 1915947.32184 0
935525.093494 1915947.12044 0
935524.983525 1915946.92064 0
935524.863458 1915946.70274 0
935524.729641 1915946.46021 0
935524.592261 1915946.2097 0
935524.467912 1915945.9827 0
935524.346524 1915945.7616 0
935524.238783 1915945.565 0
935524.138409 1915945.38219 0
935524.016237 1915945.15437 0
935523.889331 1915944.92196 0
935523.778737 1915944.71873 0
935523.644329 1915944.47229 0
935523.541327 1915944.28358 0
935523.440424 1915944.0982 0
935523.311388 1915943.85502 0
935523.200939 1915943.64776 0
935523.100204 1915943.45824 0
935522.992918 1915943.24224 0
935522.900314 1915943.06053 0
935522.808777 1915942.87994 0
935522.701716 1915942.66529 0
935522.609492 1915942.47907 0
935522.518972 1915942.29617 0
935522.419511 1915942.09422 0
935522.294355 1915941.84036 0
935522.185462 1915941.62093 0
935522.073194 1915941.39509 0
935521.981673 1915941.20669 0
935521.88788 1915941.01703 0
935521.780532 1915940.80042 0
935521.660192 1915940.55823 0
935521.56139 1915940.35946 0
935521.471054 1915940.1773 0
935521.37155 1915939.97717 0
935521.281531 1915939.7933 0
935521.198986 1915939.60565 0
935521.112925 1915939.42465 0
935521.028175 1915939.24075 0
935520.944722 1915939.05564 0
935520.858663 1915938.86061 3
935520.764089 1915938.65129 3
935520.663311 1915938.42808 3
935520.570359 1915938.22147 3
935520.486368 1915938.03502 3
935520.39247 1915937.82644 3
935520.285796 1915937.5891 3
935520.188029 1915937.37204 3
935520.103199 1915937.17154 3
935520.014486 1915936.97036 3
935519.936581 1915936.78559 3
935519.841832 1915936.55649 3
935519.743396 1915936.31563 3
935519.647701 1915936.07944 3
935519.547905 1915935.8045 3
935519.448637 1915935.52518 3
935519.374839 1915935.29191 3
935519.317989 1915935.09685 3
935519.250641 1915934.84073 3
935519.197167 1915934.64451 3
935519.138295 1915934.42026 3
935519.087269 1915934.21272 3
935519.055185 1915934.01367 3
935519.0074 1915933.78214 3
935518.979831 1915933.57498 3
935518.949493 1915933.36729 3
935518.931147 1915933.16394 3
935518.908604 1915932.94685 3
935518.901288 1915932.73183 3
935518.890196 1915932.5242 3
935518.882075 1915932.31015 3
935518.871407 1915932.07323 3
935518.86793 1915931.84461 3
935518.862452 1915931.60375 3
935518.861183 1915931.35381 3
935518.859669 1915931.10923 3
935518.868665 1915930.90789 3
935518.873285 1915930.67452 3
935518.879456 1915930.45923 3
935518.887592 1915930.22322 3
935518.895149 1915929.98025 3
935518.911307 1915929.7534 3
935518.925085 1915929.53079 3
935518.944595 1915929.2874 3
935518.962901 1915929.07462 3
935518.983547 1915928.84064 3
935519.016795 1915928.60247 3
935519.044598 1915928.36043 3
935519.085889 1915928.13435 3
935519.118609 1915927.92814 3
935519.1553 1915927.71504 3
935519.193985 1915927.49929 3
935519.230471 1915927.29595 3
935519.268452 1915927.08226 3
935519.303863 1915926.88245 3
935519.340964 1915926.67265 3
935519.382817 1915926.43962 3
935519.445997 1915926.21669 3
935519.50328 1915926.00819 3
935519.569711 1915925.77347 3
935519.650716 1915925.56596 3
935519.721563 1915925.36487 3
935519.809564 1915925.15454 3
935519.900586 1915924.94767 3
935519.996807 1915924.75321 3
935520.092894 1915924.56436 3
935520.186059 1915924.38145 3
935520.286548 1915924.19157 3
935520.389097 1915923.99453 3
935520.486633 1915923.80704 3
935520.599615 1915923.58979 3
935520.710641 1915923.38287 3
935520.813235 1915923.18973 3
935520.914721 1915923.00145 3
935521.036234 1915922.77738 3
935521.147277 1915922.60292 3
935521.277832 1915922.41706 3
935521.400725 1915922.24133 3
935521.544568 1915922.04311 3
935521.685567 1915921.87791 3
935521.816121 1915921.71304 3
935521.949328 1915921.54833 3
935522.077898 1915921.39392 3
935522.225508 1915921.222 3
935522.364694 1915921.06544 3
935522.52085 1915920.89988 5
935522.663028 1915920.74886 5
935522.805525 1915920.60065 5
935522.947627 1915920.45231 5
935523.099788 1915920.29669 5
935523.249273 1915920.14225 5
935523.405219 1915919.97949 5
935523.58657 1915919.7904 5
935523.727761 1915919.64388 5
935523.903671 1915919.46081 5
935524.106499 1915919.25145 5
935524.247397 1915919.10529 5
935524.410473 1915918.93825 5
935524.552091 1915918.7932 5
935524.721111 1915918.62369 5
935524.872407 1915918.48611 5
935525.022361 1915918.34474 5
935525.172493 1915918.20666 5
935525.356108 1915918.04177 5
935525.534689 1915917.88303 5
935525.737589 1915917.70234 5
935525.918351 1915917.55486 5
935526.103477 1915917.39928 5
935526.270823 1915917.26354 5
935526.455703 1915917.11601 5
935526.630281 1915916.9777 5
935526.821985 1915916.84199 5
935526.987655 1915916.71892 5
935527.1542 1915916.59721 5
935527.322216 1915916.4776 5
935527.504291 1915916.36711 5
935527.67973 1915916.25274 5
935527.863479 1915916.13643 5
935528.049508 1915916.02088 5
935528.244973 1915915.89914 5
935528.419745 1915915.79086 5
935528.601264 1915915.67732 5
935528.792947 1915915.56101 5
935528.970852 1915915.45107 5
935529.162287 1915915.33476 5
935529.374679 1915915.20694 5
935529.584061 1915915.08115 5
935529.760173 1915914.98399 5
935529.959605 1915914.86695 5
935530.15961 1915914.75004 5
935530.463854 1915914.57511 5
935530.672148 1915914.45589 5
935530.847832 1915914.35641 5
935531.026721 1915914.25674 5
935531.233362 1915914.14127 5
935531.436641 1915914.02796 5
935531.628722 1915913.92117 5
935531.845055 1915913.8022 5
935532.04423 1915913.69113 5
935532.260768 1915913.56973 5
935532.437782 1915913.47076 5
935532.642199 1915913.35685 5
935532.837873 1915913.24792 5
935533.049397 1915913.13046 5
935533.315586 1915912.98202 5
935533.507067 1915912.87669 5
935533.688767 1915912.78072 5
935533.882259 1915912.67481 5
935534.082906 1915912.56475 5
935534.289269 1915912.45208 5
935534.482967 1915912.34728 5
935534.674667 1915912.2439 5
935534.90235 1915912.12084 5
935535.107339 1915912.00962 5
935535.294428 1915911.9085 5
935535.470216 1915911.81317 5
935535.728833 1915911.67315 5
935535.965808 1915911.54498 5
935536.176424 1915911.43117 5
935536.470356 1915911.27206 5
935536.661156 1915911.16843 5
935536.839792 1915911.07132 5
935537.045162 1915910.95949 5
935537.281703 1915910.83059 5
935537.597568 1915910.65829 5
935537.881914 1915910.5033 5
935538.175215 1915910.34344 5
935538.452413 1915910.19261 5
935538.743586 1915910.03407 5
935539.035604 1915909.87554 5
935539.277776 1915909.74356 5
935539.592262 1915909.57232 5
935539.836538 1915909.43903 5
935540.092563 1915909.2997 5
935540.282337 1915909.1963 5
935540.479192 1915909.0891 5
935540.677647 1915908.98095 5
935540.864165 1915908.87932 5
935541.055117 1915908.77557 5
935541.253566 1915908.66742 5
935541.443356 1915908.56365 5
935541.633115 1915908.46013 5
935541.829888 1915908.35293 5
935542.014574 1915908.25322 5
935542.210127 1915908.14747 5
935542.412429 1915908.03682 5
935542.651813 1915907.90577 5
935542.87397 1915907.78445 5
935543.089877 1915907.66645 5
935543.321847 1915907.53967 5
935543.522565 1915907.43034 5
935543.719893 1915907.32291 5
935543.900565 1915907.22448 5
935544.155736 1915907.08526 5
935544.351802 1915906.96731 5
935544.529992 1915906.8719 5
935544.718557 1915906.77226 5
935544.907654 1915906.67128 5
935545.121759 1915906.55704 5
935545.329447 1915906.44586 5
935545.520626 1915906.34346 5
935545.70623 1915906.24401 5
935545.918808 1915906.13157 5
935546.128924 1915906.01824 5
935546.320098 1915905.91583 5
935546.499397 1915905.82117 5
935546.700531 1915905.71416 5
935546.928518 1915905.59172 5
935547.146894 1915905.47449 5
935547.377706 1915905.35099 5
935547.594186 1915905.23617 5
935547.857985 1915905.09537 5
935548.053629 1915904.99035 5
935548.267654 1915904.87574 5
935548.495945 1915904.75366 5
935548.693118 1915904.6483 5
935548.915763 1915904.52894 5
935549.122655 1915904.41824 5
935549.309867 1915904.31809 5
935549.51311 1915904.20929 5
935549.724897 1915904.09586 5
935549.921571 1915903.99061 5
935550.108298 1915903.89094 3
935550.29456 1915903.79224 3
935550.471499 1915903.69754 3
935550.702819 1915903.56002 3
935550.912661 1915903.43313 3
935551.130628 1915903.29906 3
935551.304158 1915903.16562 3
935551.506988 1915903.01776 3
935551.667313 1915902.89741 3
935551.833937 1915902.76948 3
935552.008325 1915902.61921 3
935552.213683 1915902.41843 3
935552.390958 1915902.23831 3
935552.532021 1915902.08983 3
935552.692248 1915901.91994 3
935552.850507 1915901.74758 3
935552.991599 1915901.57738 3
935553.127163 1915901.39257 3
935553.235024 1915901.21868 3
935553.349808 1915901.0344 3
935553.483541 1915900.80563 3
935553.57531 1915900.6211 3
935553.656477 1915900.40871 3
935553.737486 1915900.21084 3
935553.806233 1915899.98775 3
935553.851951 1915899.78395 3
935553.882884 1915899.57235 3
935553.909005 1915899.34419 3
935553.929355 1915899.13742 3
935553.949105 1915898.90075 3
935553.95471 1915898.67752 3
935553.946792 1915898.4714 3
935553.93693 1915898.2395 3
935553.904592 1915898.02946 3
935553.875026 1915897.82495 3
935553.835128 1915897.62821 3
935553.787337 1915897.40608 3
935553.736441 1915897.20356 3
935553.674397 1915897.00256 3
935553.61236 1915896.8023 3
935553.54471 1915896.59499 3
935553.469227 1915896.39158 3
935553.400044 1915896.20304 3
935553.320651 1915895.99103 3
935553.235059 1915895.76953 3
935553.150217 1915895.56878 3
935553.063447 1915895.36263 3
935552.977946 1915895.16066 3
935552.882437 1915894.96694 3
935552.79317 1915894.77442 3
935552.687895 1915894.56261 3
935552.596297 1915894.38104 3
935552.496904 1915894.18982 3
935552.397282 1915893.9986 3
935552.299457 1915893.8129 3
935552.2045 1915893.6231 6
935552.105522 1915893.43214 6
935552.009234 1915893.245 6
935551.894645 1915893.02218 6
935551.802005 1915892.84205 6
935551.70162 1915892.64631 6
935551.596624 1915892.4417 6
935551.501353 1915892.25604 6
935551.384107 1915892.02696 6
935551.256498 1915891.7777 6
935551.14174 1915891.55353 6
935551.040439 1915891.35668 6
935550.910528 1915891.10542 6
935550.712051 1915890.72178 6
935550.601115 1915890.50768 6
935550.453777 1915890.22272 6
935550.337921 1915889.99805 6
935550.179229 1915889.68838 6
935550.031229 1915889.39876 6
935549.916753 1915889.1746 6
935549.78518 1915888.91735 6
935549.673718 1915888.69934 6
935549.568293 1915888.49314 6
935549.44136 1915888.24462 6
935549.312934 1915887.99376 6
935549.198969 1915887.77107 6
935549.053562 1915887.48699 6
935548.871135 1915887.13057 6
935548.754754 1915886.90296 6
935548.615604 1915886.63119 6
935548.509777 1915886.42474 6
935548.305314 1915886.02538 6
935548.173537 1915885.76812 6
935548.033013 1915885.494 6
935547.865915 1915885.16784 6
935547.724352 1915884.892 6
935547.581382 1915884.6132 6
935547.44825 1915884.35397 6
935547.322852 1915884.10975 6
935547.221973 1915883.91314 6
935547.086165 1915883.64861 6
935546.938506 1915883.36108 6
935546.787136 1915883.06641 6
935546.619456 1915882.73988 6
935546.516266 1915882.53921 6
935546.403694 1915882.32008 6
935546.222067 1915881.9666 6
935546.066226 1915881.66332 6
935545.845981 1915881.23527 6
935545.74758 1915881.04407 6
935545.589994 1915880.73783 6
935545.490459 1915880.54442 6
935545.321557 1915880.2164 6
935545.224676 1915880.0284 6
935545.054364 1915879.69767 6
935544.876087 1915879.35169 6
935544.749656 1915879.10648 6
935544.604056 1915878.82581 6
935544.418459 1915878.4791 6
935544.208019 1915878.08392 6
935544.088275 1915877.86394 6
935543.856935 1915877.44671 6
935543.748635 1915877.25376 6
935543.572318 1915876.94161 6
935543.446234 1915876.71898 6
935543.343888 1915876.5387 6
935543.173306 1915876.23824 6
935542.953713 1915875.84596 6
935542.758455 1915875.49763 6
935542.607176 1915875.22517 6
935542.470662 1915874.97662 6
935542.317028 1915874.69473 6
935542.198887 1915874.47698 6
935541.981026 1915874.07399 6
935541.838586 1915873.80985 6
935541.732903 1915873.61378 6
935541.496784 1915873.17535 6
935541.306347 1915872.82161 6
935541.108871 1915872.45482 6
935540.921543 1915872.10686 6
935540.722158 1915871.7365 6
935540.518483 1915871.35827 6
935540.341695 1915871.03012 6
935540.109224 1915870.59871 6
935539.990855 1915870.37901 6
935539.806041 1915870.03597 6
935539.628447 1915869.70647 6
935539.468916 1915869.41045 6
935539.234817 1915868.97621 6
935539.005115 1915868.55009 6
935538.82411 1915868.21444 6
935538.721704 1915868.02464 6
935538.529512 1915867.66831 6
935538.427 1915867.47838 6
935538.234844 1915867.1223 6
935538.057804 1915866.79427 6
935537.955578 1915866.60496 6
935537.756244 1915866.2357 6
935537.566582 1915865.88441 6
935537.47125 1915865.70766 6
935537.277047 1915865.34752 6
935537.079872 1915864.98195 6
935536.875887 1915864.60334 6
935536.675381 1915864.23138 6
935536.48143 1915863.87148 6
935536.291824 1915863.51983 6
935536.170491 1915863.29471 6
935535.981959 1915862.94502 6
935535.801194 1915862.60986 6
935535.600235 1915862.23716 6
935535.500663 1915862.05253 6
935535.31356 1915861.70555 6
935535.12019 1915861.347 6
935534.964963 1915861.05911 6
935534.824432 1915860.79853 6
935534.707742 1915860.58203 6
935534.525115 1915860.24318 6
935534.384267 1915859.98187 6
935534.148732 1915859.54455 6
935533.964634 1915859.20274 6
935533.768498 1915858.83866 6
935533.572567 1915858.47495 6
935533.422674 1915858.19678 6
935533.274168 1915857.92107 6
935533.074631 1915857.55071 6
935532.886255 1915857.2009 6
935532.683638 1915856.82464 6
935532.534577 1915856.5477 6
935532.417727 1915856.33046 6
935532.184472 1915855.89757 6
935532.087636 1915855.71799 6
935531.956495 1915855.47465 6
935531.736734 1915855.06699 6
935531.639728 1915854.88704 6
935531.480461 1915854.59164 6
935531.147965 1915853.97498 6
935531.004177 1915853.70813 6
935530.779691 1915853.29174 6
935530.590596 1915852.94082 6
935530.397363 1915852.58228 6
935530.192086 1915852.20145 6
935530.031531 1915851.90371 6
935529.810571 1915851.49383 6
935529.606953 1915851.11621 6
935529.467445 1915850.85748 6
935529.33697 1915850.6155 6
935529.156254 1915850.28022 6
935529.043302 1915850.07048 6
935528.860354 1915849.73101 6
935528.755007 1915849.53543 6
935528.570115 1915849.19252 6
935528.34836 1915848.78031 6
935528.170118 1915848.44885 6
935527.995129 1915848.12245 6
935527.787256 1915847.73462 6
935527.635078 1915847.45166 6
935527.523298 1915847.24365 6
935527.328489 1915846.88093 6
935527.197549 1915846.63796 6
935527.09201 1915846.4425 6
935526.956022 1915846.18993 6
935526.835102 1915845.96225 6
935526.67115 1915845.65457 6
935526.517792 1915845.36951 6
935526.375443 1915845.10696 6
935526.232152 1915844.83987 6
935526.115641 1915844.62276 6
935525.99014 1915844.38915 6
935525.866801 1915844.15912 6
935525.733041 1915843.90988 6
935525.597127 1915843.6556 6
935525.458681 1915843.39714 6
935525.363509 1915843.21942 6
935525.261457 1915843.02926 6
935525.158797 1915842.8375 6
935525.054489 1915842.64279 6
935524.937385 1915842.42433 6
935524.830742 1915842.22555 6
935524.716712 1915842.01287 6
935524.595177 1915841.78592 6
935524.415564 1915841.45065 6
935524.287939 1915841.21261 6
935524.159304 1915840.9731 6
935524.028262 1915840.72915 6
935523.89643 1915840.48409 6
935523.782297 1915840.27227 6
935523.652841 1915840.03139 6
935523.488369 1915839.72529 6
935523.383678 1915839.53045 6
935523.197552 1915839.18361 6
935523.036328 1915838.88305 6
935522.902397 1915838.63357 6
935522.753935 1915838.35713 6
935522.606368 1915838.08253 6
935522.487461 1915837.86135 6
935522.291357 1915837.49666 6
935521.944367 1915836.85171 6
935521.760514 1915836.51039 6
935521.593119 1915836.19961 6
935521.425696 1915835.88882 6
935521.252637 1915835.56769 6
935521.079363 1915835.24619 6
935520.926455 1915834.96236 6
935520.812748 1915834.75127 6
935520.683262 1915834.51113 6
935520.554323 1915834.27198 6
935520.41953 1915834.02211 6
935520.19344 1915833.60289 6
935520.037956 1915833.31438 6
935519.921491 1915833.09848 6
935519.749326 1915832.7792 6
935519.645802 1915832.58731 6
935519.511479 1915832.33818 6
935519.367987 1915832.0722 6
935519.158571 1915831.68411 6
935518.945523 1915831.28973 6
935518.80695 1915831.0331 6
935518.6509 1915830.74434 6
935518.521098 1915830.50419 6
935518.422759 1915830.32214 6
935518.208595 1915829.92556 6
935518.028317 1915829.59163 6
935517.803824 1915829.17572 6
935517.654755 1915828.89976 6
935517.558747 1915828.7219 6
935517.366201 1915828.36531 6
935517.248217 1915828.14696 6
935517.061585 1915827.80145 6
935516.954879 1915827.6039 6
935516.767762 1915827.25753 6
935516.541691 1915826.83903 6
935516.354298 1915826.49229 6
935516.141669 1915826.09903 6
935515.94445 1915825.73407 6
935515.786481 1915825.44186 6
935515.682976 1915825.25034 6
935515.491227 1915824.8956 6
935515.258006 1915824.46417 6
935515.044823 1915824.07029 6
935514.91412 1915823.82928 6
935514.66752 1915823.37568 6
935514.474918 1915823.02239 6
935514.318202 1915822.73459 6
935514.051915 1915822.24394 6
935513.871302 1915821.90927 6
935513.710957 1915821.61153 6
935513.491498 1915821.20425 6
935513.300989 1915820.85123 6
935513.184329 1915820.63558 6
935513.059548 1915820.40504 6
935512.814796 1915819.95317 6
935512.613569 1915819.58193 6
935512.41669 1915819.21881 6
935512.214404 1915818.84536 6
935512.050391 1915818.5428 6
935511.825415 1915818.12627 6
935511.628608 1915817.76364 6
935511.48678 1915817.50342 6
935511.230902 1915817.03527 6
935511.045113 1915816.69661 6
935510.844457 1915816.33026 6
935510.694643 1915816.05636 6
935510.525882 1915815.74653 6
935510.368766 1915815.45702 6
935510.242982 1915815.2245 6
935510.103003 1915814.96406 6
935509.956777 1915814.69083 6
935509.807885 1915814.41243 6
935509.633347 1915814.08701 6
935509.431619 1915813.7121 6
935509.212482 1915813.30921 6
935509.069638 1915813.0547 6
935508.959493 1915812.85563 6
935508.725097 1915812.43883 6
935508.491988 1915812.03438 6
935508.296885 1915811.70094 6
935508.128362 1915811.4154 6
935507.897949 1915811.02734 6
935507.692713 1915810.68288 6
935507.456776 1915810.28705 6
935507.250875 1915809.94075 6
935507.061869 1915809.62254 6
935506.852495 1915809.26911 6
935506.63846 1915808.90804 6
935506.482018 1915808.64843 6
935506.349295 1915808.43814 6
935506.128142 1915808.10075 6
935505.852218 1915807.68061 6
935505.695305 1915807.44858 6
935505.398094 1915807.02285 6
935505.173965 1915806.71056 6
935504.943064 1915806.39376 6
935504.698799 1915806.06162 6
935504.427041 1915805.69365 6
935504.277009 1915805.4909 6
935504.15506 1915805.32593 6
935503.983301 1915805.09354 6
935503.616692 1915804.59789 6
935503.420968 1915804.33327 6
935503.218544 1915804.06012 6
935502.995005 1915803.75906 6
935502.791821 1915803.48529 6
935502.517038 1915803.11532 6
935502.271898 1915802.78561 6
935501.941429 1915802.34105 6
935501.705036 1915802.02502 6
935501.473176 1915801.71443 6
935501.345939 1915801.5445 6
935501.012106 1915801.10013 6
935500.732789 1915800.72985 6
935500.342939 1915800.21418 6
935500.163534 1915799.98423 6
935499.826603 1915799.57569 6
935499.571578 1915799.28255 6
935499.369492 1915799.05103 6
935499.075468 1915798.72737 6
935498.787398 1915798.42346 6
935498.472985 1915798.10192 6
935498.187482 1915797.81574 6
935498.011489 1915797.64076 6
935497.865918 1915797.49641 6
935497.609009 1915797.24229 6
935497.432967 1915797.07012 6
935497.148565 1915796.80141 6
935496.858503 1915796.53005 6
935496.492358 1915796.1967 6
935496.192271 1915795.93214 6
935495.994621 1915795.76072 6
935495.718755 1915795.524 6
935495.507898 1915795.34432 6
935495.088016 1915794.98877 6
935494.793617 1915794.74565 6
935494.541674 1915794.54762 6
935494.188699 1915794.28295 6
935493.959511 1915794.11116 6
935493.647132 1915793.88423 6
935493.404316 1915793.71344 6
935493.140392 1915793.53218 6
935492.870658 1915793.35035 6
935492.6727 1915793.21871 6
935492.208292 1915792.91225 6
935492.005721 1915792.77919 6
935491.832444 1915792.66552 6
935491.322657 1915792.33905 6
935490.991023 1915792.14281 6
935490.663858 1915791.95165 6
935490.47588 1915791.84262 6
935490.238702 1915791.70804 6
935489.811354 1915791.47404 6
935489.611949 1915791.36667 6
935489.390986 1915791.24894 6
935489.098186 1915791.09981 6
935488.856399 1915790.98151 6
935488.539965 1915790.82456 6
935488.288199 1915790.70293 6
935488.101414 1915790.61406 6
935487.793785 1915790.46946 6
935487.581749 1915790.37054 6
935487.311135 1915790.24447 6
935486.903055 1915790.05507 6
935486.659667 1915789.94297 6
