935613.592392 1915997.12341 2
935613.695897 1915997.31749 2
935613.801307 1915997.5121 2
935613.919326 1915997.72973 2
935614.019694 1915997.91522 2
935614.123546 1915998.10712 2
935614.242617 1915998.3272 2
935614.370847 1915998.56415 2
935614.469461 1915998.74632 2
935614.56565 1915998.92406 2
935614.680352 1915999.13639 2
935614.805341 1915999.36754 2
935614.93667 1915999.61113 2
935615.034944 1915999.79305 2
935615.131825 1915999.97239 2
935615.252838 1916000.19653 2
935615.361767 1916000.39864 2
935615.47031 1916000.60013 2
935615.629377 1916000.89528 2
935615.732752 1916001.08693 2
935615.905131 1916001.40646 2
935616.086635 1916001.74261 2
935616.211847 1916001.97463 2
935616.347225 1916002.22548 2
935616.49714 1916002.50279 2
935616.601358 1916002.69567 2
935616.697886 1916002.87415 2
935616.817651 1916003.09571 2
935616.958425 1916003.35592 2
935617.084076 1916003.58819 2
935617.215237 1916003.82884 2
935617.379957 1916004.11384 2
935617.510312 1916004.33898 2
935617.661268 1916004.59105 2
935617.823888 1916004.85063 2
935617.991309 1916005.11151 2
935618.131876 1916005.32803 2
935618.243699 1916005.49967 2
935618.392935 1916005.72792 2
935618.507667 1916005.90315 2
935618.70335 1916006.20182 2
935618.816745 1916006.37483 2
935619.031949 1916006.69345 2
935619.229729 1916006.98727 2
935619.408912 1916007.24662 2
935619.634621 1916007.567 2
935619.808449 1916007.8115 2
935619.928252 1916007.97961 2
935620.111021 1916008.23548 2
935620.306192 1916008.50863 2
935620.524034 1916008.81339 2
935620.65502 1916008.99632 2
935620.840494 1916009.25577 2
935621.05264 1916009.54835 2
935621.359922 1916009.96008 2
935621.491889 1916010.13546 2
935621.724357 1916010.43605 2
935621.934865 1916010.70213 2
935622.070684 1916010.8722 2
935622.280872 1916011.13388 2
935622.422701 1916011.30978 2
935622.6336 1916011.57086 2
935622.785958 1916011.75949 2
935622.993683 1916012.01588 2
935623.197961 1916012.26831 2
935623.356504 1916012.46425 2
935623.55235 1916012.70593 2
935623.723239 1916012.91683 2
935623.904127 1916013.13984 2
935624.079524 1916013.35606 2
935624.21982 1916013.52474 2
935624.497867 1916013.85753 2
935624.653389 1916014.04342 2
935624.846214 1916014.27065 2
935625.027784 1916014.48098 2
935625.229974 1916014.71361 2
935625.531253 1916015.05752 2
935625.691018 1916015.23932 2
935626.030002 1916015.62433 2
935626.18779 1916015.80342 2
935626.500226 1916016.16666 2
935626.726715 1916016.44458 2
935626.919777 1916016.68097 2
935627.158195 1916016.97714 2
935627.290812 1916017.14472 2
935627.526326 1916017.44658 2
935627.657774 1916017.6167 2
935627.889507 1916017.92131 2
935628.017245 1916018.09504 2
935628.226186 1916018.39404 2
935628.34478 1916018.56335 2
935628.558351 1916018.87047 2
935628.768856 1916019.18048 2
935628.897956 1916019.37363 2
935629.023189 1916019.56293 2
935629.223238 1916019.86814 2
935629.343386 1916020.05248 2
935629.545591 1916020.36358 2
935629.663188 1916020.54813 2
935629.883893 1916020.90662 2
935630.078978 1916021.22419 2
935630.190746 1916021.40987 2
935630.375621 1916021.7263 2
935630.486049 1916021.92001 2
935630.670514 1916022.2484 2
935630.773814 1916022.43467 2
935630.964723 1916022.78183 2
935631.137613 1916023.09844 2
935631.240692 1916023.28813 2
935631.341946 1916023.47449 2
935631.519506 1916023.81217 2
935631.629951 1916024.02211 2
935631.794704 1916024.33627 2
935632.000726 1916024.73712 2
935632.118532 1916024.96963 2
935632.266878 1916025.2651 2
935632.437707 1916025.6078 2
935632.607511 1916025.94974 2
935632.700866 1916026.13842 2
935632.899979 1916026.54062 2
935633.072669 1916026.88957 2
935633.174053 1916027.09424 2
935633.332638 1916027.41404 2
935633.446998 1916027.64503 2
935633.603568 1916027.96871 2
935633.771045 1916028.31171 2
935633.869948 1916028.51646 2
935633.962997 1916028.71051 2
935634.130556 1916029.06316 2
935634.351621 1916029.53222 2
935634.519934 1916029.89073 2
935634.635129 1916030.13638 2
935634.796768 1916030.48149 2
935634.956177 1916030.82193 2
935635.050017 1916031.02233 2
935635.146084 1916031.22753 2
935635.311573 1916031.58087 2
935635.406284 1916031.78312 2
935635.567732 1916032.12774 2
935635.663319 1916032.33195 2
935635.830675 1916032.68923 2
935635.927068 1916032.89504 2
935636.092146 1916033.24741 2
935636.188223 1916033.45248 2
935636.355067 1916033.80841 2
935636.448084 1916034.00685 2
935636.612446 1916034.36201 2
935636.785029 1916034.73316 2
935636.892352 1916034.96539 2
935637.049489 1916035.30628 2
935637.217993 1916035.67248 2
935637.395637 1916036.0597 2
935637.521268 1916036.33359 2
935637.648798 1916036.61189 2
935637.759081 1916036.8527 2
935637.91074 1916037.19082 2
935638.058971 1916037.53157 2
935638.145825 1916037.72759 2
935638.236526 1916037.93355 2
935638.393938 1916038.29409 2
935638.479528 1916038.49193 2
935638.636341 1916038.85661 2
935638.720399 1916039.05295 2
935638.874559 1916039.41368 2
935638.9608 1916039.61567 2
935639.180834 1916040.13194 2
935639.340384 1916040.50631 2
935639.434318 1916040.72672 2
935639.581206 1916041.07136 2
935639.669581 1916041.27875 2
935639.826167 1916041.64623 2
935639.90901 1916041.84072 2
935640.089749 1916042.2646 2
935640.192311 1916042.50517 2
935640.329442 1916042.82683 2
935640.43822 1916043.08177 2
935640.551156 1916043.3463 2
935640.671273 1916043.6279 2
935640.802996 1916043.93654 2
935640.917018 1916044.20377 2
935641.048767 1916044.51228 2
935641.155548 1916044.76231 2
935641.288377 1916045.07341 2
935641.379943 1916045.28781 2
935641.669672 1916045.96676 2
935641.817522 1916046.31323 2
935641.950039 1916046.62383 2
935642.057614 1916046.87766 2
935642.183887 1916047.1895 2
935642.28477 1916047.43541 2
935642.365242 1916047.63182 2
935642.514002 1916047.99881 2
935642.59373 1916048.19741 2
935642.739934 1916048.56448 2
935642.817145 1916048.75925 2
935642.920974 1916049.02229 2
935643.043153 1916049.33261 2
935643.182486 1916049.68761 2
935643.25877 1916049.88212 2
935643.405835 1916050.25739 2
935643.488351 1916050.46774 2
935643.627711 1916050.82299 2
935643.711139 1916051.03543 2
935643.861311 1916051.41782 2
935644.00408 1916051.78118 2
935644.078918 1916051.97164 2
935644.226304 1916052.34691 2
935644.304819 1916052.54695 2
935644.454511 1916052.92787 2
935644.530479 1916053.12689 2
935644.670971 1916053.50595 2
935644.772937 1916053.7769 2
935644.874707 1916054.04955 2
935644.959207 1916054.27811 2
935645.082638 1916054.61432 2
935645.163768 1916054.83612 2
935645.291648 1916055.18704 2
935645.37384 1916055.413 2
935645.519221 1916055.81277 2
935645.654707 1916056.18529 2
935645.728945 1916056.38953 2
935645.946291 1916056.98777 2
935646.076357 1916057.34617 2
935646.205568 1916057.7026 2
935646.280378 1916057.90929 2
935646.413396 1916058.27676 2
935646.489244 1916058.48628 2
935646.558049 1916058.67628 2
935646.695755 1916059.05981 2
935646.770222 1916059.27943 2
935646.894056 1916059.63737 2
935646.964944 1916059.84314 2
935647.042974 1916060.07185 2
935647.156304 1916060.40826 2
935647.236878 1916060.6497 2
935647.349152 1916060.98817 2
935647.425203 1916061.21855 2
935647.541674 1916061.57234 2
935647.605542 1916061.76678 2
935647.727099 1916062.14518 2
935647.792875 1916062.35782 2
935647.877176 1916062.62495 2
935648.016037 1916063.07709 2
935648.117588 1916063.41844 2
935648.248574 1916063.86886 2
935648.320596 1916064.11956 2
935648.415807 1916064.45288 2
935648.48623 1916064.70051 2
935648.569799 1916064.99459 2
935648.649957 1916065.27666 2
935648.736103 1916065.57944 2
935648.822391 1916065.88284 2
935648.912992 1916066.20096 2
935649.006734 1916066.52974 2
935649.078498 1916066.78129 2
935649.139579 1916066.99569 2
935649.245296 1916067.36676 2
935649.307331 1916067.58448 2
935649.414241 1916067.9602 2
935649.474807 1916068.17338 2
935649.517135 1916068.39774 2
935649.56875 1916068.60394 2
935649.627921 1916068.80318 2
935649.70725 1916069.07596 2
935649.765061 1916069.2753 2
935649.826921 1916069.4896 2
935649.899113 1916069.74018 2
935649.961457 1916069.9557 2
935650.017678 1916070.14953 2
935650.074473 1916070.34556 2
935650.14537 1916070.59026 2
935650.227719 1916070.87371 2
935650.306395 1916071.1444 2
935650.368743 1916071.35968 2
935650.445913 1916071.65134 2
935650.531213 1916071.96705 2
935650.617624 1916072.30792 2
935650.701787 1916072.64631 2
935650.750551 1916072.8438 2
935650.799057 1916073.04019 2
935650.913795 1916073.50525 2
935650.979264 1916073.77098 2
935651.077551 1916074.17 2
935651.179166 1916074.58237 2
935651.235105 1916074.80938 2
935651.312612 1916075.12399 2
935651.383213 1916075.41043 2
935651.444917 1916075.6606 2
935651.493846 1916075.85919 2
935651.546261 1916076.0737 2
935651.5952 1916076.29096 2
935651.644233 1916076.51189 2
935651.695087 1916076.73821 2
935651.744483 1916076.97379 2
935651.787598 1916077.19084 2
935651.850597 1916077.52096 2
935651.911958 1916077.85044 2
935651.96716 1916078.14994 2
935652.027958 1916078.48124 2
935652.065641 1916078.68686 2
935652.120817 1916078.98793 2
935652.179892 1916079.31055 2
935652.242443 1916079.65165 2
935652.305892 1916079.99666 2
935652.367964 1916080.33422 2
935652.437689 1916080.7135 2
935652.500662 1916081.05583 2
935652.56522 1916081.43576 2
935652.611573 1916081.76416 2
935652.644206 1916081.99678 2
935652.677427 1916082.24614 2
935652.712298 1916082.53579 2
935652.739983 1916082.78322 2
935652.771196 1916083.07647 2
935652.795882 1916083.31581 2
935652.822965 1916083.58385 2
935652.849889 1916083.85422 2
935652.87147 1916084.07288 2
935652.904255 1916084.40655 2
935652.924018 1916084.60907 2
935652.959841 1916084.97623 2
935652.989237 1916085.27738 2
935653.017951 1916085.57145 2
935653.043343 1916085.83068 2
935653.074337 1916086.14651 2
935653.100539 1916086.41332 2
935653.131057 1916086.72353 2
935653.156984 1916086.98753 2
935653.185052 1916087.27329 2
935653.205064 1916087.4774 2
935653.24987 1916087.93513 2
935653.274216 1916088.18434 2
935653.296438 1916088.41167 2
935653.332551 1916088.78176 2
935653.353458 1916088.99577 2
935653.390742 1916089.3776 2
935653.410611 1916089.59745 2
935653.437748 1916089.97179 2
935653.451216 1916090.18166 2
935653.476682 1916090.57 2
935653.497768 1916090.95462 2
935653.509702 1916091.2112 2
935653.523893 1916091.56313 2
935653.532295 1916091.79427 2
935653.54498 1916092.17094 2
935653.552079 1916092.39474 2
935653.563406 1916092.76566 2
935653.571553 1916093.15532 2
935653.577889 1916093.55142 2
935653.581434 1916093.79932 2
935653.583764 1916094.16522 2
935653.583747 1916094.39146 2
935653.582162 1916094.76572 2
935653.57963 1916095.10054 2
935653.577261 1916095.33663 2
935653.573903 1916095.68218 2
935653.574032 1916095.88671 2
935653.574146 1916096.12394 2
935653.573322 1916096.54738 2
935653.572002 1916096.83756 2
935653.570793 1916097.13127 2
935653.569766 1916097.42218 2
935653.568963 1916097.67881 2
935653.56848 1916097.89114 2
935653.567673 1916098.2028 2
935653.566324 1916098.4034 2
935653.561844 1916098.63983 2