935639.198343 1916208.79616 7
935639.214381 1916208.57414 7
935639.212425 1916208.31898 7
935639.227783 1916208.00821 7
935639.234782 1916207.76407 7
935639.25065 1916207.51987 7
935639.257564 1916207.26464 7
935639.273517 1916207.03153 7
935639.280345 1916206.76521 7
935639.287344 1916206.52107 7
935639.285473 1916206.277 7
935639.283347 1916205.99965 7
935639.290176 1916205.73333 7
935639.288135 1916205.46707 7
935639.294963 1916205.20074 7
935639.292923 1916204.93449 7
935639.290967 1916204.67933 7
935639.288841 1916204.40197 7
935639.286885 1916204.14681 7
935639.302753 1916203.90261 7
935639.300627 1916203.62526 7
935639.298756 1916203.38119 7
935639.305585 1916203.11486 7
935639.321198 1916202.83738 7
935639.310287 1916202.57119 7
935639.317201 1916202.31596 7
935639.323945 1916202.03854 7
935639.330603 1916201.75003 7
935639.328562 1916201.48377 7
935639.335306 1916201.20635 7
935639.341879 1916200.90675 7
935639.348538 1916200.61823 7
935639.346327 1916200.32979 7
935639.344031 1916200.03025 7
935639.359303 1916199.70839 7
935639.356922 1916199.39776 7
935639.372365 1916199.09808 7
935639.387723 1916198.78731 7
935639.394212 1916198.47661 7
935639.40957 1916198.16584 7
935639.407104 1916197.84412 7
935639.413592 1916197.53342 7
935639.437734 1916197.21149 7
935639.435268 1916196.88976 7
935639.450456 1916196.5568 7
935639.465729 1916196.23494 7
935639.454308 1916195.90219 7
935639.451757 1916195.56937 7
935639.46686 1916195.22532 7
935639.455439 1916194.89256 7
935639.470457 1916194.53742 7
935639.48556 1916194.19337 7
935639.473969 1916193.83843 7
935639.480203 1916193.49445 7
935639.49522 1916193.1393 7
935639.501369 1916192.78422 7
935639.498818 1916192.4514 7
935639.505221 1916192.12961 7
935639.511709 1916191.81891 7
935639.509328 1916191.50828 7
935639.524686 1916191.19751 7
935639.539959 1916190.87564 7
935639.555317 1916190.56488 7
935639.57076 1916190.2652 7
935639.577164 1916189.94341 7
935639.583822 1916189.65489 7
935639.59031 1916189.34419 7
935639.605839 1916189.05561 7
935639.612412 1916188.75601 7
935639.619071 1916188.46749 7
935639.625644 1916188.16789 7
935639.623348 1916187.86835 7
935639.638961 1916187.59086 7
935639.63658 1916187.28023 7
935639.634284 1916186.98069 7
935639.632073 1916186.69225 7
935639.638647 1916186.39264 7
935639.627481 1916186.09317 7
935639.643094 1916185.81568 7
935639.640713 1916185.50505 7
935639.647287 1916185.20544 7
935639.653945 1916184.91693 7
935639.651649 1916184.61739 7
935639.667177 1916184.32881 7
935639.682535 1916184.01804 7
935639.698148 1916183.74056 7
935639.704637 1916183.42986 7
935639.71121 1916183.13025 7
935639.717784 1916182.83064 7
935639.724442 1916182.54213 7
935639.7398 1916182.23136 7
935639.737589 1916181.94292 7
935639.752947 1916181.63215 7
935639.76839 1916181.33248 7
935639.766094 1916181.03294 7
935639.772668 1916180.73333 7
935639.788111 1916180.43366 7
935639.794599 1916180.12296 7
935639.792303 1916179.82342 7
935639.789922 1916179.51278 7
935639.796581 1916179.22427 7
935639.803069 1916178.91357 7
935639.800688 1916178.60294 7
935639.816216 1916178.31436 7
935639.81392 1916178.01482 7
935639.820409 1916177.70412 7
935639.826982 1916177.40451 7
935639.833471 1916177.09381 7
935639.840044 1916176.79421 7
935639.837833 1916176.50576 7
935639.835452 1916176.19513 7
935639.842111 1916175.90662 7
935639.848684 1916175.60701 7
935639.846303 1916175.29638 7
935639.852877 1916174.99677 7
935639.850496 1916174.68614 7
935639.8482 1916174.3866 7
935639.854688 1916174.0759 7
935639.861177 1916173.7652 7
935639.867665 1916173.4545 7
935639.874154 1916173.1438 7
935639.889597 1916172.84412 7
935639.896 1916172.52233 7
935639.902404 1916172.20053 7
935639.917762 1916171.88977 7
935639.915381 1916171.57913 7
935639.930824 1916171.27946 7
935639.937227 1916170.95766 7
935639.943801 1916170.65806 7
935639.950289 1916170.34736 7
935639.965732 1916170.04768 7
935639.972306 1916169.74808 7
935639.987749 1916169.4484 7
935640.003192 1916169.14873 7
935640.000896 1916168.84919 7
935640.007555 1916168.56068 7
935640.022998 1916168.261 7
935640.029571 1916167.96139 7
935640.03623 1916167.67288 7
935640.033934 1916167.37334 7
935640.040422 1916167.06264 7
935640.038211 1916166.7742 7
935640.0447 1916166.4635 7
935640.042489 1916166.17505 7
935640.040193 1916165.87552 7
935640.046852 1916165.587 7
935640.044386 1916165.26528 7
935640.050874 1916164.95458 7
935640.048578 1916164.65504 7
935640.055237 1916164.36652 7
935640.061725 1916164.05582 7
935640.068214 1916163.74512 7
935640.074702 1916163.43442 7
935640.081191 1916163.12372 7
935640.087594 1916162.80193 7
935640.093998 1916162.48013 7
935640.091532 1916162.15841 7
935640.089066 1916161.83668 7
935640.104339 1916161.51482 7
935640.119612 1916161.19296 7
935640.126015 1916160.87116 7
935640.141288 1916160.5493 7
935640.147777 1916160.2386 7
935640.16305 1916159.91673 7
935640.178408 1916159.60597 7
935640.184896 1916159.29527 7
935640.200169 1916158.9734 7
935640.206573 1916158.65161 7
935640.212976 1916158.32981 7
935640.237204 1916158.01898 7
935640.234908 1916157.71944 7
935640.241226 1916157.38655 7
935640.247545 1916157.05366 7
935640.245079 1916156.73194 7
935640.251397 1916156.39905 7
935640.257716 1916156.06616 7
935640.264204 1916155.75546 7
935640.279307 1916155.41141 7
935640.285626 1916155.07852 7
935640.292029 1916154.75672 7
935640.298348 1916154.42384 7
935640.304836 1916154.11314 7
935640.31124 1916153.79134 7
935640.326598 1916153.48057 7
935640.324302 1916153.18103 7
935640.33096 1916152.89252 7
935640.346574 1916152.61503 7
935640.353572 1916152.3709 7
935640.351787 1916152.13792 7
935640.367145 1916151.82716 7
935640.373973 1916151.56083 7
935640.372273 1916151.33895 7
935640.388141 1916151.09475 7
935640.38644 1916150.87287 7
935640.384825 1916150.66208 7
935640.391823 1916150.41794 7
935640.390208 1916150.20716 7
935640.388252 1916149.95199 7
935640.39474 1916149.64129 7
935640.392955 1916149.40832 7
935640.399613 1916149.11981 7
935640.397402 1916148.83136 7
935640.412761 1916148.52059 7
935640.419079 1916148.1877 7
935640.425227 1916147.83263 7
935640.44016 1916147.46639 7
935640.472747 1916147.08892 7
935640.478556 1916146.68947 7
935640.493403 1916146.31214 7
935640.509442 1916146.09012 7
935640.516696 1916145.87927 7
935640.531203 1916145.45756 7
935640.547327 1916145.24663 7
935640.554496 1916145.02469 7
935640.56175 1916144.81383 7
935640.568833 1916144.58079 7
935640.583426 1916144.17017 7
935640.59068 1916143.95932 7
935640.596573 1916143.57096 7
935640.611336 1916143.18253 7
935640.6174 1916142.81636 7
935640.614764 1916142.47245 7
935640.629952 1916142.13949 7
935640.645225 1916141.81763 7
935640.643099 1916141.54028 7
935640.649928 1916141.27396 7
935640.656756 1916141.00763 7
935640.66384 1916140.77459 7
935640.662054 1916140.54161 7
935640.669223 1916140.31967 7
935640.675797 1916140.02006 7
935640.682285 1916139.70936 7
935640.689454 1916139.48741 7
935640.687669 1916139.25444 7
935640.694497 1916138.98811 7
935640.692286 1916138.69967 7
935640.707815 1916138.41109 7
935640.705264 1916138.07827 7
935640.711667 1916137.75647 7
935640.717901 1916137.41249 7
935640.723964 1916137.04632 7
935640.738812 1916136.66899 7
935640.735751 1916136.2696 7
935640.741729 1916135.89234 7
935640.756407 1916135.49282 7
935640.771085 1916135.09329 7
935640.768024 1916134.69391 7
935640.784232 1916134.49408 7
935640.790211 1916134.11682 7
935640.787404 1916133.75071 7
935640.802592 1916133.41776 7
935640.808911 1916133.08487 7
935640.80653 1916132.77424 7
935640.813104 1916132.47463 7
935640.819847 1916132.19721 7
935640.817892 1916131.94205 7
935640.816276 1916131.73126 7