935578.226123 1915934.79266 4
935578.378866 1915935.04667 4
935578.49562 1915935.23438 4
935578.648363 1915935.48839 4
935578.819186 1915935.78663 4
935579.016874 1915936.11796 4
935579.124673 1915936.29465 4
935579.232557 1915936.48243 4
935579.340355 1915936.65911 4
935579.457109 1915936.84683 4
935579.556123 1915937.03468 4
935579.664007 1915937.22246 4
935579.771805 1915937.39915 4
935579.879774 1915937.59802 4
935579.987743 1915937.7969 4
935580.095712 1915937.99577 4
935580.194811 1915938.19472 4
935580.285126 1915938.40482 4
935580.39301 1915938.59261 4
935580.474454 1915938.80278 4
935580.573639 1915939.01282 4
935580.672823 1915939.22286 4
935580.763052 1915939.42187 4
935580.844667 1915939.65423 4
935580.926112 1915939.8644 4
935580.998772 1915940.08574 4
935581.071517 1915940.31817 4
935581.144177 1915940.53951 4
935581.208053 1915940.772 4
935581.271928 1915941.0045 4
935581.327019 1915941.24816 4
935581.38211 1915941.49182 4
935581.437116 1915941.72439 4
935581.474467 1915941.96818 4
935581.520773 1915942.22301 4
935581.566994 1915942.46673 4
935581.595731 1915942.74388 4
935581.615428 1915942.99891 4
935581.635125 1915943.25393 4
935581.637253 1915943.53128 4
935581.63034 1915943.78651 4
935581.632298 1915944.04168 4
935581.625471 1915944.308 4
935581.600819 1915944.56337 4
935581.567382 1915944.8299 4
935581.551345 1915945.05191 4
935581.517738 1915945.29625 4
935581.475347 1915945.55176 4
935581.44157 1915945.77391 4
935581.390139 1915946.00729 4
935581.347578 1915946.24061 4
935581.287192 1915946.46296 4
935581.226806 1915946.68532 4
935581.16642 1915946.90768 4
935581.096994 1915947.10791 4
935581.018783 1915947.31931 4
935580.940487 1915947.51962 4
935580.844367 1915947.70896 4
935580.766071 1915947.90927 4
935580.660996 1915948.08759 4
935580.555921 1915948.26591 4
935580.450931 1915948.45532 4
935580.336901 1915948.62262 4
935580.222956 1915948.80101 4
935580.100057 1915948.96837 4
935579.986027 1915949.13566 4
935579.871997 1915949.30296 4
935579.643682 1915949.60427 4
935579.415196 1915949.88339 4
935579.177756 1915950.15148 4
935578.895882 1915950.40882 4
935578.666886 1915950.62138 4
935578.428936 1915950.82291 4
935578.18186 1915950.99122 4
935577.943654 1915951.15947 4
935577.714062 1915951.29437 4
935577.48447 1915951.42926 4
935577.228354 1915951.57546 4
935576.963454 1915951.73282 4
935576.671859 1915951.87928 4
935576.38922 1915952.03678 4
935576.194851 1915952.13812 4
935576.018223 1915952.23933 4
935575.682535 1915952.41942 4
935575.496951 1915952.5096 4
935575.302583 1915952.61094 4
935574.931502 1915952.8024 4
935574.737219 1915952.91484 4
935574.542766 1915953.00509 4
935574.348397 1915953.10643 4
935574.136375 1915953.219 4
935573.941922 1915953.30925 4
935573.738684 1915953.41066 4
935573.517707 1915953.51221 4
935573.323424 1915953.62465 4
935573.111317 1915953.72613 4
935572.890425 1915953.83877 4
935572.687187 1915953.94018 4
935572.466295 1915954.05282 4
935572.245403 1915954.16546 4
935572.024511 1915954.2781 4
935571.812403 1915954.37958 4
935571.591596 1915954.50332 4
935571.370704 1915954.61596 4
935571.158597 1915954.71744 4
935570.928835 1915954.83015 4
935570.690289 1915954.95402 4
935570.495921 1915955.05537 4
935570.275029 1915955.16801 4
935570.063007 1915955.28058 4
935569.877508 1915955.38186 4
935569.656531 1915955.4834 4
935569.453379 1915955.59591 4
935569.267881 1915955.69718 4
935569.064643 1915955.7986 4
935568.870275 1915955.89994 4
935568.499279 1915956.10249 4
935568.32265 1915956.2037 4
935567.969223 1915956.38392 4
935567.78364 1915956.4741 4
935567.456822 1915956.65413 4
935567.130089 1915956.84524 4
935566.812141 1915957.0252 4
935566.511762 1915957.18283 4
935566.220423 1915957.36258 4
935565.946654 1915957.52 4
935565.664014 1915957.6775 4
935565.390244 1915957.83492 4
935565.142914 1915957.96996 4
935564.886798 1915958.11615 4
935564.621898 1915958.27351 4
935564.339344 1915958.4421 4
935564.056705 1915958.59959 4
935563.756411 1915958.76832 4
935563.438463 1915958.94827 4
935563.120515 1915959.12823 4
935562.943887 1915959.22944 4
935562.616984 1915959.39836 4
935562.440355 1915959.49957 4
935562.113538 1915959.67959 4
935561.93691 1915959.7808 4
935561.601222 1915959.96089 4
935561.247881 1915960.15221 4
935560.894454 1915960.33244 4
935560.717825 1915960.43365 4
935560.355529 1915960.61394 4
935560.178901 1915960.71515 4
935559.816689 1915960.90654 4
935559.640061 1915961.00775 4
935559.268895 1915961.18811 4
935559.083482 1915961.30048 4
935558.730141 1915961.4918 4
935558.553512 1915961.59301 4
935558.200086 1915961.77323 4
935558.014673 1915961.8856 4
935557.661161 1915962.05474 4
935557.484618 1915962.16704 4
935557.131277 1915962.35836 4
935556.945694 1915962.44854 4
935556.610092 1915962.63973 4
935556.265535 1915962.81989 4
935555.947502 1915962.98875 4
935555.638339 1915963.15754 4
935555.33796 1915963.31517 4
935555.055321 1915963.47266 4
935554.790336 1915963.61893 4
935554.516397 1915963.75417 4
935554.269066 1915963.8892 4
935554.021736 1915964.02424 4
935553.809714 1915964.13681 4
935553.588823 1915964.24945 4
935553.368016 1915964.37319 4
935553.182433 1915964.46337 4
935552.926233 1915964.59847 4
