935650.66937 1916112.68394 3
935650.675417 1916112.88661 3
935650.682504 1916113.12371 3
935650.690885 1916113.4033 3
935650.698913 1916113.67629 3
935650.70496 1916113.88092 3
935650.712027 1916114.12021 3
935650.718403 1916114.34058 3
935650.724588 1916114.54802 3
935650.731149 1916114.76925 3
935650.738038 1916115.00537 3
935650.744541 1916115.22928 3
935650.750673 1916115.44196 3
935650.757643 1916115.69895 3
935650.763632 1916115.90235 3
935650.771951 1916116.17816 3
935650.779383 1916116.42429 3
935650.78651 1916116.66469 3
935650.792833 1916116.8836 3
935650.798769 1916117.08651 3
935650.80642 1916117.34668 3
935650.813198 1916117.57926 3
935650.819451 1916117.79585 3
935650.825848 1916118.01683 3
935650.832463 1916118.24136 3
935650.84149 1916118.55146 3
935650.848558 1916118.79552 3
935650.85491 1916119.01455 3
935650.861127 1916119.22857 3
935650.86778 1916119.46323 3
935650.874093 1916119.69043 3
935650.880865 1916119.92533 3
935650.887042 1916120.13898 3
935650.893312 1916120.35643 3
935650.901075 1916120.62502 3
935650.907147 1916120.83282 3
935650.914126 1916121.07382 3
935650.920248 1916121.28614 3
935650.933362 1916121.52028 3
935650.966244 1916121.72277 3
935650.999165 1916121.93428 3
935651.034267 1916122.14779 3
935651.089591 1916122.35002 3
935651.149478 1916122.57527 3
935651.205578 1916122.76995 3
935651.295984 1916122.98774 3
935651.401658 1916123.24801 3
935651.494426 1916123.46499 3
935651.586766 1916123.67342 3
935651.697366 1916123.92119 3
935651.784954 1916124.11759 3
935651.883925 1916124.31954 3
935651.996877 1916124.53733 3
935652.102169 1916124.73218 3
935652.23216 1916124.96537 3
935652.341785 1916125.16016 3
935652.465553 1916125.37983 3
935652.576375 1916125.54914 3
935652.701364 1916125.73027 3
935652.813531 1916125.89655 3
935652.928794 1916126.06092 3
935653.069667 1916126.25816 3
935653.228996 1916126.48242 3
935653.358794 1916126.66424 3
935653.504382 1916126.86814 3
935653.653746 1916127.07723 3
935653.803165 1916127.28669 3
935653.922345 1916127.45418 3
935654.045501 1916127.62686 3
935654.164288 1916127.79312 3
935654.297679 1916127.97926 3
935654.440446 1916128.17922 3
935654.559439 1916128.34597 3
935654.715772 1916128.56482 3
935654.847688 1916128.74971 3
935654.982124 1916128.94209 3
935655.089605 1916129.11721 3
935655.217581 1916129.3101 3
935655.340631 1916129.49998 3
935655.448445 1916129.6945 3
935655.559551 1916129.88151 3
935655.662227 1916130.07204 3
935655.76439 1916130.26025 3
935655.863432 1916130.44621 3
935655.958268 1916130.62515 3
935656.079605 1916130.85284 3
935656.175794 1916131.03302 3
935656.266052 1916131.21787 3
935656.35588 1916131.40954 3
935656.442736 1916131.61557 3
935656.526727 1916131.81178 3
935656.608038 1916132.0115 3
935656.68722 1916132.21277 3
935656.772171 1916132.42926 3
935656.873261 1916132.68615 3
935656.957612 1916132.90007 3
935657.034002 1916133.09459 3
935657.092267 1916133.29223 3
935657.14949 1916133.49791 3
935657.188978 1916133.70989 3
935657.222505 1916133.91691 3
935657.247765 1916134.11707 3
935657.273803 1916134.3308 3
935657.29851 1916134.53413 3
935657.323508 1916134.74028 3
935657.348544 1916134.94594 3
935657.373428 1916135.15159 3
935657.397534 1916135.35052 3
935657.422252 1916135.55605 3
935657.44614 1916135.75522 3
935657.47003 1916135.95427 3
935657.493928 1916136.15283 3
935657.519104 1916136.3641 3
935657.544073 1916136.57403 3
935657.568138 1916136.7765 3
935657.5917 1916136.97603 3
935657.616461 1916137.18559 3
935657.640126 1916137.38634 3
935657.665351 1916137.60128 3
935657.689833 1916137.81107 3
935657.713935 1916138.01794 3
935657.737208 1916138.21746 3
935657.761338 1916138.42445 3
935657.78462 1916138.62629 3
935657.810442 1916138.85747 3
935657.834186 1916139.06091 3
935657.862278 1916139.29895 3
935657.887478 1916139.51645 3
935657.903759 1916139.71916 3
935657.92903 1916139.95911 3
935657.949459 1916140.16384 3
935657.968891 1916140.36892 3
935657.990613 1916140.59698 3
935658.014185 1916140.84594 3
935658.035875 1916141.08559 3
935658.057706 1916141.31157 3
935658.081869 1916141.56078 3
935658.101656 1916141.76465 3
935658.122407 1916141.9789 3
935658.144626 1916142.20928 3
935658.179461 1916142.5724 3
935658.198564 1916142.77418 3
935658.219691 1916142.99551 3
935658.248318 1916143.20465 3
935658.276981 1916143.44709 3
935658.304318 1916143.66157 3
935658.333083 1916143.87546 3
935658.361571 1916144.12608 3
935658.384016 1916144.32682 3
935658.407262 1916144.53574 3
935658.428722 1916144.75147 3
935658.448529 1916144.95595 3
935658.469918 1916145.17521 3
935658.490615 1916145.388 3
935658.513662 1916145.62487 3
935658.537123 1916145.84331 3
935658.562133 1916146.07276 3
935658.587184 1916146.29868 3
935658.610876 1916146.51212 3
935658.634437 1916146.7252 3
935658.656962 1916146.92667 3
935658.682519 1916147.1543 3
935658.70445 1916147.35576 3
935658.726748 1916147.55613 3
935658.752316 1916147.78022 3
935658.775129 1916147.9856 3
935658.798308 1916148.19293 3
935658.825304 1916148.43279 3
935658.842865 1916148.65102 3
935658.864163 1916148.85576 3
935658.873722 1916149.06203 3
935658.888654 1916149.27289 3
935658.900883 1916149.48103 3
935658.914291 1916149.70335 3
935658.929974 1916149.96597 3
935658.943754 1916150.20427 3
935658.957139 1916150.43574 3
935658.970912 1916150.66196 3
935658.983781 1916150.87975 3
935658.99759 1916151.10854 3
935659.001926 1916151.34596 3
935659.008642 1916151.55352 3
935659.012272 1916151.7614 3
935659.016255 1916151.97978 3
935659.020153 1916152.18803 3
935659.023762 1916152.39628 3
935659.027845 1916152.62662 3
935659.031884 1916152.85391 3
935659.03578 1916153.06619 3
935659.039474 1916153.26907 3
935659.033117 1916153.46898 3
935659.032537 1916153.6691 3
935659.031016 1916153.87092 3
935659.028799 1916154.08005 3
935659.025666 1916154.28539 3
935659.022852 1916154.49085 3
935659.023322 1916154.69599 3
935659.023463 1916154.90455 3
935659.023356 1916155.13067 3
935659.023648 1916155.34131 3
935659.023597 1916155.54852 3
935659.023967 1916155.78307 3
935659.024388 1916155.99225 3
935659.024794 1916156.21301 3
935659.025053 1916156.42084 3
935659.025396 1916156.63879 3
935659.025791 1916156.84772 3
935659.02622 1916157.06507 3
935659.026667 1916157.27363 3
935659.027059 1916157.51636 3
935659.027313 1916157.71784 3
935659.027597 1916157.9203 3
935659.027863 1916158.13252 3
935659.027894 1916158.34705 3
935659.028139 1916158.57026 3
935659.028205 1916158.77296 3
935659.028111 1916159.00311 3
935659.027887 1916159.21935 3
935659.028342 1916159.42157 3
935659.028721 1916159.64209 3
935659.028817 1916159.85735 3
935659.028773 1916160.07567 3
935659.028779 1916160.29277 3
935659.02882 1916160.51243 3
935659.028782 1916160.75064 3
935659.028601 1916160.96407 3
935659.028374 1916161.18629 3
935659.028153 1916161.42059 3
935659.028138 1916161.62072 3
935659.027562 1916161.82353 3
935659.026668 1916162.03293 3
935659.026031 1916162.23476 3
935659.025324 1916162.44099 3
935659.024214 1916162.64574 3
935659.022955 1916162.86953 3
935659.022194 1916163.07148 3
935659.021315 1916163.27514 3
935659.019325 1916163.47573 3
935659.018323 1916163.71503 3
935659.017989 1916163.94871 3
935659.016583 1916164.16445 3
935659.015997 1916164.39679 3
935659.010203 1916164.60928 3
935658.987501 1916164.82504 3
935658.973296 1916165.02446 3
935658.954601 1916165.22613 3
935658.926798 1916165.42497 3
935658.893641 1916165.63056 3
935658.858871 1916165.83588 3
935658.809095 1916166.04669 3
935658.752048 1916166.27741 3
935658.700274 1916166.47575 3
935658.646987 1916166.66942 3
935658.560802 1916166.91664 3
935658.473523 1916167.15786 3
935658.395465 1916167.35334 3
935658.314698 1916167.55134 3
935658.224555 1916167.76822 3
935658.140934 1916167.95093 3
935658.051343 1916168.14549 3
935657.964057 1916168.33997 3
935657.867467 1916168.51514 3
935657.762994 1916168.69971 3
935657.657203 1916168.89048 3
935657.555405 1916169.06703 3
935657.461753 1916169.24933 3
935657.36945 1916169.43312 3
935657.284397 1916169.62629 3
935657.199279 1916169.8158 3
935657.119818 1916170.01992 3
935657.041251 1916170.21771 3
935656.967228 1916170.40886 3
935656.882917 1916170.62548 3
935656.791868 1916170.82832 3
935656.688833 1916171.00778 3
935656.589906 1916171.19378 3
935656.486461 1916171.37702 3
935656.379623 1916171.56838 3
935656.267004 1916171.77125 3
935656.145443 1916171.98971 3
935656.031809 1916172.1806 3
935655.910295 1916172.35379 3
935655.780123 1916172.53807 3
935655.645332 1916172.72607 3
935655.506044 1916172.91386 3
935655.381458 1916173.07968 3
935655.246432 1916173.25937 3
935655.105028 1916173.44592 3
935654.98162 1916173.61346 3
935654.853431 1916173.80742 3
935654.651105 1916174.11503 3
935654.531536 1916174.30985 3
935654.433711 1916174.4994 3
935654.332061 1916174.67913 3
935654.231262 1916174.86193 3
935654.135676 1916175.03822 3
935654.02179 1916175.24789 3
935653.923142 1916175.43744 3
935653.840832 1916175.62113 3
935653.749425 1916175.82348 3
935653.663196 1916176.01956 3
935653.566027 1916176.24281 3
935653.473144 1916176.45746 3
935653.377611 1916176.67853 3
935653.276501 1916176.9127 3
935653.203889 1916177.11204 3
935653.128946 1916177.3044 3
935653.054119 1916177.50298 3
935652.954332 1916177.71337 3
935652.846238 1916177.89251 3
935652.738965 1916178.07093 3
935652.594504 1916178.29636 3
935652.4794 1916178.47026 3
935652.364591 1916178.63807 3
935652.241976 1916178.8182 3
935652.118271 1916179.00063 3
935651.995056 1916179.18197 3
935651.876156 1916179.36155 3
935651.765178 1916179.57347 3
935651.65447 1916179.75879 3
935651.546387 1916179.94684 3
935651.445642 1916180.12719 3
935651.346156 1916180.30513 3
935651.235887 1916180.5012 3
935651.111896 1916180.72865 3
935651.023397 1916180.92653 3
935650.930192 1916181.1297 3
935650.832202 1916181.3422 3
935650.746569 1916181.53243 3
935650.637733 1916181.77575 3
935650.555192 1916181.95956 3
935650.451668 1916182.18918 3
935650.363666 1916182.39036 3
935650.296262 1916182.60565 3
935650.230011 1916182.80596 3
935650.161839 1916183.01966 3
935650.096019 1916183.24181 3
935650.039414 1916183.43983 3
935649.981502 1916183.64332 3
935649.934074 1916183.84843 3
935649.883121 1916184.06716 3
935649.848797 1916184.27127 3
935649.812483 1916184.48742 3
935649.787765 1916184.68985 3
935649.760153 1916184.88821 3
935649.733667 1916185.09158 3
935649.708027 1916185.30022 3
935649.680959 1916185.52201 3
935649.660632 1916185.72366 3
935649.644049 1916185.93158 3
935649.628714 1916186.15319 3
935649.617043 1916186.35729 3
935649.605855 1916186.55981 3
935649.594858 1916186.76563 3
935649.581771 1916187.00424 3
935649.570317 1916187.22641 3
935649.559758 1916187.42772 3
935649.547616 1916187.65865 3
935649.535104 1916187.89654 3
935649.522852 1916188.13151 3
935649.509792 1916188.3645 3
935649.496678 1916188.61154 3
935649.484657 1916188.84541 3
935649.473494 1916189.06074 3
935649.462447 1916189.27168 3
935649.449441 1916189.51957 3
935649.438842 1916189.72149 3
935649.428088 1916189.92646 3
935649.417494 1916190.12801 3
935649.405331 1916190.36029 3
935649.394406 1916190.56831 3
935649.378893 1916190.86277 3
935649.374031 1916191.0915 3
935649.365825 1916191.3003 3
935649.358659 1916191.51752 3
935649.352108 1916191.73256 3
935649.344635 1916191.96821 3
935649.337114 1916192.17994 3
935649.329275 1916192.44158 3
935649.32068 1916192.68832 3
935649.313583 1916192.92434 3
935649.30668 1916193.15292 3
935649.299744 1916193.37394 3
935649.293317 1916193.58019 3
935649.285209 1916193.84048 3
935649.277923 1916194.0682 3
935649.270162 1916194.30373 3
935649.263438 1916194.53255 3
935649.254845 1916194.79076 3
935649.248587 1916194.99885 3
935649.240951 1916195.23706 3
935649.233477 1916195.45258 3
935649.227585 1916195.65396 3
935649.220323 1916195.89364 3
935649.214071 1916196.09844 3
935649.206025 1916196.36739 3
935649.198026 1916196.61121 3
935649.163032 1916196.81237 3
935649.162362 1916197.01433 3
935649.161537 1916197.26363 3
935649.160636 1916197.47925 3
935649.159741 1916197.69645 3
935649.158977 1916197.90243 3
935649.157837 1916198.10999 3
935649.153171 1916198.33702 3
935649.151231 1916198.55177 3
935649.148392 1916198.77126 3
935649.14472 1916199.00002 3
935649.141293 1916199.20852 3
935649.137936 1916199.41446 3
935649.133003 1916199.6554 3
935649.129377 1916199.86682 3
935649.126326 1916200.09107 3
935649.122935 1916200.33289 3
935649.119487 1916200.5542 3
935649.115709 1916200.78674 3
935649.111837 1916201.02525 3
935649.107979 1916201.2734 3
935649.103235 1916201.56401 3
935649.099462 1916201.77507 3
935649.096001 1916202.00786 3
935649.091966 1916202.29127 3
935649.088877 1916202.50149 3
935649.0853 1916202.72622 3
935649.081787 1916202.93911 3
935649.07782 1916203.19898 3
935649.074082 1916203.43579 3
935649.069217 1916203.72151 3
935649.064941 1916204.00663 3
935649.061821 1916204.22271 3
935649.058065 1916204.46537 3
935649.054478 1916204.69937 3
935649.05097 1916204.92837 3
935649.047663 1916205.13309 3
935649.043496 1916205.4037 3
935649.04008 1916205.62111 3
935649.036437 1916205.85279 3
935649.033282 1916206.06337 3
935649.029274 1916206.32775 3
935649.026046 1916206.53137 3
935649.022312 1916206.76598 3
935649.018903 1916206.98291 3
935649.01489 1916207.23606 3
935649.010864 1916207.48141 3
935649.006953 1916207.71943 3
935649.002052 1916208.01419 3
935648.998494 1916208.23574 3
935648.995043 1916208.45339 3
935648.991467 1916208.67031 3
935648.988112 1916208.8743 3
935648.984859 1916209.07853 3
