935546.43294 1915884.82216 9
935546.33384 1915884.62322 9
935546.216744 1915884.39113 9
935546.099819 1915884.18122 9
935545.973853 1915883.9492 9
935545.847462 1915883.66171 9
935545.694717 1915883.40771 9
935545.595787 1915883.23095 9
935545.496771 1915883.0431 9
935545.406541 1915882.84409 9
935545.29857 1915882.64522 9
935545.208424 1915882.4573 9
935545.091499 1915882.2474 9
935544.983444 1915882.03743 9
935544.875218 1915881.80527 9
935544.758292 1915881.59537 9
935544.632582 1915881.39663 9
935544.524356 1915881.16447 9
935544.416301 1915880.9545 9
935544.308245 1915880.74453 9
935544.17341 1915880.51258 9
935544.047359 1915880.26947 9
935543.948088 1915880.04833 9
935543.804298 1915879.80536 9
935543.669292 1915879.55121 9
935543.552026 1915879.29694 9
935543.40815 1915879.04286 9
935543.27306 1915878.77763 9
935543.129014 1915878.50137 9
935542.985053 1915878.2362 9
935542.841092 1915877.97103 9
935542.688091 1915877.68375 9
935542.535091 1915877.39646 9
935542.382175 1915877.12027 9
935542.229174 1915876.83298 9
935542.067303 1915876.54576 9
935541.923257 1915876.2695 9
935541.761472 1915875.99337 9
935541.608471 1915875.70609 9
935541.46451 1915875.44092 9
935541.311594 1915875.16473 9
935541.158679 1915874.88854 9
935541.014718 1915874.62337 9
935540.852932 1915874.34724 9
935540.708886 1915874.07098 9
935540.56484 1915873.79472 9
935540.40314 1915873.52969 9
935540.250224 1915873.2535 9
935540.124003 1915872.98819 9
935539.962302 1915872.72316 9
935539.809301 1915872.43588 9
935539.674125 1915872.15955 9
935539.530164 1915871.89438 9
935539.386203 1915871.62921 9
935539.233202 1915871.34193 9
935539.071416 1915871.0658 9
935538.92737 1915870.78954 9
935538.774369 1915870.50225 9
935538.621368 1915870.21497 9
935538.468367 1915869.92768 9
935538.315366 1915869.64039 9
935538.162364 1915869.35311 9
935538.009363 1915869.06582 9
935537.856277 1915868.76744 9
935537.694321 1915868.46913 9
935537.53245 1915868.18191 9
935537.379278 1915867.87243 9
935537.217237 1915867.56302 9
935537.055281 1915867.26471 9
935536.893154 1915866.94421 9
935536.739983 1915866.63474 9
935536.577941 1915866.32533 9
935536.4159 1915866.01592 9
935536.262813 1915865.71754 9
935536.109642 1915865.40807 9
935535.947686 1915865.10975 9
935535.803469 1915864.81131 9
935535.650382 1915864.51292 9
935535.506251 1915864.22557 9
935535.362119 1915863.93821 9
935535.217988 1915863.65086 9
935535.065072 1915863.37467 9
935534.92981 1915863.08724 9
935534.794633 1915862.81091 9
935534.659457 1915862.53459 9
935534.515325 1915862.24723 9
935534.371364 1915861.98206 9
935534.236188 1915861.70573 9
935534.101181 1915861.45159 9
935533.957135 1915861.17533 9
935533.813174 1915860.91017 9
935533.669127 1915860.63391 9
935533.525251 1915860.37983 9
935533.37242 1915860.11473 9
935533.228544 1915859.86066 9
935533.084753 1915859.61768 9
935532.949746 1915859.36354 9
935532.814825 1915859.12049 9
935532.679989 1915858.88854 9
935532.554023 1915858.65652 9
935532.410232 1915858.41354 9
935532.275311 1915858.17049 9
935532.14926 1915857.92738 9
935532.005468 1915857.6844 9
935531.879417 1915857.44129 9
935531.753536 1915857.22036 9
935531.636354 1915856.97718 9
935531.510388 1915856.74515 9
935531.393462 1915856.53525 9
935531.276451 1915856.31426 9
935531.150485 1915856.08224 9
935531.042428 1915855.87227 9
935530.925502 1915855.66237 9
935530.817361 1915855.4413 9
935530.709475 1915855.25352 9
935530.619329 1915855.06561 9
935530.520398 1915854.88885 9
935530.394346 1915854.64574 9
935530.277335 1915854.42474 9
935530.178234 1915854.2258 9
935530.070092 1915854.00473 9
935529.971161 1915853.82798 9
