935642.237597 1916152.43673 1
935642.241211 1916152.20968 1
935642.244714 1916151.98776 1
935642.249801 1916151.6736 1
935642.2551 1916151.3874 1
935642.259192 1916151.14279 1
935642.263713 1916150.86816 1
935642.267448 1916150.63929 1
935642.270982 1916150.42212 1
935642.274319 1916150.2174 1
935642.278132 1916149.98743 1
935642.282242 1916149.73782 1
935642.286599 1916149.49467 1
935642.290905 1916149.23945 1
935642.295886 1916148.93579 1
935642.299663 1916148.69751 1
935642.303419 1916148.46254 1
935642.308619 1916148.14411 1
935642.312491 1916147.90182 1
935642.315782 1916147.69417 1
935642.32136 1916147.34329 1
935642.325055 1916147.11307 1
935642.329331 1916146.84528 1
935642.332971 1916146.61371 1
935642.336743 1916146.37288 1
935642.340747 1916146.11741 1
935642.345214 1916145.83851 1
935642.349558 1916145.57023 1
935642.353839 1916145.30402 1
935642.357407 1916145.08185 1
935642.362357 1916144.77343 1
935642.366886 1916144.48868 1
935642.371398 1916144.20502 1
935642.374927 1916143.98432 1
935642.378676 1916143.76325 1
935642.383563 1916143.49925 1
935642.387992 1916143.23524 1
935642.391581 1916143.01747 1
935642.395317 1916142.78762 1
935642.399333 1916142.53715 1
935642.402978 1916142.31877 1
935642.407557 1916142.04817 1
935642.412339 1916141.75902 1
935642.416854 1916141.48672 1
935642.429782 1916141.17061 1
935642.437387 1916140.94778 1
935642.443237 1916140.72601 1
935642.451363 1916140.45877 1
935642.457787 1916140.25752 1
935642.464672 1916140.04163 1
935642.47641 1916139.67644 1
935642.485064 1916139.40384 1
935642.491948 1916139.18514 1
935642.502537 1916138.85008 1
935642.510016 1916138.61309 1
935642.519574 1916138.31036 1
935642.525974 1916138.10581 1
935642.532791 1916137.88845 1
935642.540025 1916137.65634 1
935642.547214 1916137.42508 1
935642.554419 1916137.19479 1
935642.562211 1916136.94768 1
935642.570274 1916136.69214 1
935642.577972 1916136.44515 1
935642.590238 1916136.05435 1
935642.596514 1916135.85187 1
935642.606016 1916135.54499 1
935642.619021 1916135.12589 1
935642.628028 1916134.83291 1
935642.636186 1916134.56847 1
935642.645085 1916134.28134 1
935642.652134 1916134.05032 1
935642.65987 1916133.81248 1
935642.670344 1916133.48279 1
935642.679883 1916133.1803 1
935642.688898 1916132.89647 1
935642.698186 1916132.60691 1
935642.706812 1916132.33699 1
935642.713552 1916132.12549 1
935642.720439 1916131.90753 1
935642.727115 1916131.69615 1
935642.733917 1916131.48453 1
935642.740867 1916131.27035 1
935642.747428 1916131.0691 1
935642.754508 1916130.8515 1
935642.760959 1916130.65049 1
935642.76841 1916130.41716 1
935642.776398 1916130.17212 1
935642.783598 1916129.94501 1
935642.791226 1916129.70534 1
935642.797987 1916129.49152 1
935642.805569 1916129.25184 1
935642.812006 1916129.04498 1
935642.820875 1916128.75688 1
935642.827299 1916128.54989 1
935642.834382 1916128.32338 1
935642.840689 1916128.12189 1
935642.847619 1916127.89928 1
935642.85458 1916127.67376 1
935642.860771 1916127.46994 1
935642.870248 1916127.155 1
935642.876748 1916126.94032 1
935642.885374 1916126.64343 1
935642.894278 1916126.35215 1
935642.902894 1916126.07906 1
935642.910804 1916125.82352 1
935642.918105 1916125.58714 1
935642.927111 1916125.29037 1
935642.935241 1916125.02484 1
935642.942808 1916124.77747 1
935642.95157 1916124.52208 1
935642.959846 1916124.24922 1
935642.965884 1916124.04637 1
935642.974531 1916123.75204 1
935642.980468 1916123.54883 1
935642.990384 1916123.20717 1
935642.996326 1916123.00457 1
935643.002666 1916122.7894 1
935643.009209 1916122.5768 1
935643.016779 1916122.33115 1
935643.01809 1916122.1137 1
935643.022976 1916121.88826 1
935643.027443 1916121.67478 1
935643.03073 1916121.47323 1
935643.034089 1916121.2546 1
935643.03757 1916121.02828 1
935643.033883 1916120.82492 1
935643.034764 1916120.5827 1
935643.035567 1916120.35109 1
935643.03526 1916120.0953 1
935643.034852 1916119.87368 1
935643.035312 1916119.66086 1
935643.034841 1916119.42216 1
935643.034271 1916119.16844 1
935643.033745 1916118.94084 1
