935501.604611 1915788.11019 0
935501.703544 1915788.28694 0
935501.811516 1915788.48581 0
935501.928444 1915788.69572 0
935502.036502 1915788.90568 0
935502.153344 1915789.10449 0
935502.252277 1915789.28125 0
935502.360249 1915789.48012 0
935502.459437 1915789.69016 0
935502.594275 1915789.92211 0
935502.702162 1915790.10989 0
935502.80118 1915790.29774 0
935502.900368 1915790.50778 0
935503.017295 1915790.71768 0
935503.125438 1915790.93874 0
935503.251491 1915791.18185 0
935503.36859 1915791.41394 0
935503.494728 1915791.66815 0
935503.620866 1915791.92236 0
935503.747005 1915792.17657 0
935503.891053 1915792.45283 0
935504.008407 1915792.7182 0
935504.13446 1915792.96131 0
935504.278338 1915793.21539 0
935504.413346 1915793.46953 0
935504.539399 1915793.71264 0
935504.665538 1915793.96685 0
935504.791591 1915794.20997 0
935504.917729 1915794.46417 0
935505.043782 1915794.70729 0
935505.16088 1915794.93938 0
935505.287018 1915795.19359 0
935505.421856 1915795.42554 0
935505.538954 1915795.65763 0
935505.665007 1915795.90074 0
935505.79106 1915796.14386 0
935505.917113 1915796.38697 0
935506.025341 1915796.61913 0
935506.142354 1915796.84012 0
935506.277106 1915797.06098 0
935506.385079 1915797.25986 0
935506.493136 1915797.46982 0
935506.601194 1915797.67979 0
935506.700211 1915797.86764 0
935506.799314 1915798.06659 0
935506.898331 1915798.25443 0
935506.997433 1915798.45338 0
935507.10532 1915798.64116 0
935507.204253 1915798.81791 0
935507.357171 1915799.09411 0
935507.501134 1915799.35927 0
935507.591281 1915799.54719 0
935507.690213 1915799.72394 0
935507.78923 1915799.91179 0
935507.888162 1915800.08855 0
935507.987095 1915800.2653 0
935508.086027 1915800.44206 0
935508.22999 1915800.70722 0
935508.328922 1915800.88398 0
935508.427854 1915801.06073 0
935508.571731 1915801.31481 0
935508.715439 1915801.54669 0
935508.850362 1915801.78974 0
935508.967289 1915801.99964 0
935509.120037 1915802.25364 0
935509.219054 1915802.44149 0
935509.327026 1915802.64037 0
935509.434913 1915802.82815 0
935509.551841 1915803.03805 0
935509.668683 1915803.23685 0
935509.79448 1915803.44669 0
935509.884798 1915803.65679 0
935510.001554 1915803.8445 0
935510.145262 1915804.07639 0
935510.271144 1915804.29732 0
935510.405982 1915804.52927 0
935510.576469 1915804.78314 0
935510.702351 1915805.00406 0
935510.837104 1915805.22492 0
935510.971856 1915805.44578 0
935511.115563 1915805.67766 0
935511.250401 1915805.90962 0
935511.394108 1915806.1415 0
935511.52886 1915806.36236 0
935511.672653 1915806.60534 0
935511.80749 1915806.83729 0
935511.942327 1915807.06924 0
935512.077165 1915807.3012 0
935512.220872 1915807.53308 0
935512.355709 1915807.76503 0
935512.481677 1915807.99705 0
935512.625469 1915808.24003 0
935512.742652 1915808.48322 0
935512.797746 1915808.72688 0
935512.923713 1915808.9589 0
935513.049851 1915809.2131 0
935513.175733 1915809.43403 0
935513.301786 1915809.67715 0
935513.436793 1915809.93129 0
935513.545106 1915810.17454 0
935513.679858 1915810.3954 0
935513.823651 1915810.63837 0
935513.949618 1915810.8704 0
935514.075756 1915811.1246 0
935514.227737 1915811.27876 0
935514.344919 1915811.52195 0
935514.479927 1915811.77609 0
935514.597365 1915812.05255 0
935514.741328 1915812.31772 0
935514.876335 1915812.57186 0
935515.002558 1915812.83716 0
935515.128781 1915813.10246 0
935515.255089 1915813.37886 0
935515.444083 1915813.73244 0
935515.597256 1915814.04191 0
935515.73286 1915814.37371 0
935515.850128 1915814.62799 0
935515.958611 1915814.89343 0
935516.093789 1915815.16976 0
935516.228881 1915815.43499 0
935516.355104 1915815.70029 0
935516.481242 1915815.9545 0
935516.58094 1915816.2311 0
935516.716033 1915816.49634 0
935516.842341 1915816.77274 0
935516.976837 1915816.96031 0
935517.227238 1915817.22466 0
935517.389111 1915817.51188 0
935517.559598 1915817.76575 0
935517.730681 1915818.09727 0
935517.811958 1915818.28526 0
935517.796604 1915818.59603 0
935517.975534 1915818.79436 0
935518.004018 1915819.03822 0
935518.050497 1915819.31523 0
935518.194545 1915819.59149 0
935518.320597 1915819.83461 0
935518.233602 1915820.05717 0
935518.37765 1915820.33343 0
935518.63675 1915820.57552 0
935518.788731 1915820.72968 0
935518.968343 1915821.01676 0
935519.041261 1915821.27138 0
935519.096014 1915821.47066 0
935519.275796 1915821.77994 0
935519.392553 1915821.96765 0
935519.50095 1915822.22199 0
935519.707428 1915822.54215 0
935519.85122 1915822.78513 0
935519.932497 1915822.97312 0
935520.040554 1915823.18309 0
935520.22861 1915823.41463 0
935520.46997 1915823.65686 0
935520.595511 1915823.83341 0
935520.703313 1915824.0101 0
935520.84753 1915824.30855 0
935520.902368 1915824.51892 0
935521.01017 1915824.69561 0
935521.136222 1915824.93873 0
935521.235579 1915825.17095 0
935521.254852 1915825.37051 0
935521.389689 1915825.60246 0
935521.54201 1915825.80099 0
935521.677017 1915826.05513 0
935521.829253 1915826.24257 0
935521.954964 1915826.44131 0
935522.080846 1915826.66224 0
935522.171248 1915826.88344 0
935522.35956 1915827.14827 0
935522.547616 1915827.37981 0
935522.682367 1915827.60067 0
935522.985732 1915827.83133 0
935523.076389 1915828.08581 0
935523.157922 1915828.30708 0
935523.23971 1915828.56163 0
935523.392116 1915828.77125 0
935523.527123 1915829.0254 0
935523.635265 1915829.24646 0
935523.948095 1915829.55471 0
935524.056748 1915829.84233 0
935524.164975 1915830.07449 0
935524.273202 1915830.30665 0
935524.381174 1915830.50552 0
935524.506715 1915830.68207 0
935524.587992 1915830.87006 0
935524.803424 1915831.20125 0
935524.938516 1915831.46648 0
935525.056124 1915831.76513 0
935525.155566 1915832.00845 0
935525.237098 1915832.22972 0
935525.353684 1915832.39524 0
935525.524341 1915832.6713 0
935525.632312 1915832.87018 0
935525.740369 1915833.08015 0
935525.919299 1915833.27848 0
935526.098059 1915833.45462 0
935526.197161 1915833.65356 0
935526.349141 1915833.80772 0
935526.582142 1915834.11658 0
935526.725423 1915834.293 0
935526.789386 1915834.53659 0
935526.933859 1915834.86832 0
935527.069036 1915835.14465 0
935527.221868 1915835.40975 0
935527.285916 1915835.66443 0
935527.332139 1915835.90816 0
935527.466975 1915836.14011 0
935527.548508 1915836.36138 0
935527.647609 1915836.56032 0
935527.675752 1915836.75981 0
935527.561721 1915836.92711 0
935527.678392 1915837.10373 0
935527.724956 1915837.39183 0
935527.878128 1915837.7013 0
935528.101834 1915837.95476 0
935528.299526 1915838.28609 0
935528.318799 1915838.48564 0
935528.453635 1915838.7176 0
935528.73073 1915838.99283 0
935529.025053 1915839.20137 0
935529.009443 1915839.47886 0
935529.002191 1915839.68971 0
935528.9772 1915839.90071 0
935528.987859 1915840.13361 0
935529.084064 1915839.95536 0
935529.271609 1915840.12034 0
935529.371391 1915840.40803 0
935529.488403 1915840.62903 0
935529.622728 1915840.79442 0
935529.722341 1915841.05992 0
935529.830227 1915841.24771 0
935529.955853 1915841.43535 0
935530.090519 1915841.64512 0
935530.2077 1915841.8883 0
935530.306802 1915842.08724 0
935530.379634 1915842.33077 0
935530.469866 1915842.52978 0
935530.515748 1915842.72913 0
935530.328885 1915842.6529 0
935530.541251 1915842.5847 0
935530.604873 1915842.78392 0
935530.703889 1915842.97177 0
935530.634463 1915843.172 0
935530.742945 1915843.43744 0
935530.785676 1915843.22632 0
935530.946696 1915843.40259 0
935531.072663 1915843.63462 0
935531.261314 1915843.94382 0
935531.46745 1915844.2196 0
935531.566552 1915844.41855 0
935531.665568 1915844.60639 0
935531.809018 1915844.805 0
935531.828461 1915845.02674 0
935531.954257 1915845.23657 0
935532.062229 1915845.43545 0
935532.1702 1915845.63433 0
935532.287211 1915845.85532 0
935532.395438 1915846.08748 0
935532.626991 1915846.20774 0
935532.744172 1915846.45092 0
935532.870224 1915846.69404 0
935533.005145 1915846.93709 0
935533.131282 1915847.1913 0
935533.257504 1915847.4566 0
935533.392595 1915847.72183 0
935533.536557 1915847.987 0
935533.671734 1915848.26333 0
935533.81578 1915848.53959 0
935533.924348 1915848.81612 0
935534.086134 1915849.09225 0
935534.239136 1915849.37953 0
935534.347788 1915849.66716 0
935534.47435 1915849.97684 0
935534.627097 1915850.23085 0
935534.788712 1915850.48478 0
935534.941544 1915850.74988 0
935535.07655 1915851.00402 0
935535.193732 1915851.24721 0
935535.390146 1915851.41212 0
935535.516027 1915851.63304 0
935535.641908 1915851.85397 0
935535.767874 1915852.08599 0
935535.90254 1915852.29576 0
935536.028335 1915852.50559 0
935536.154131 1915852.71542 0
935536.279842 1915852.91416 0
935536.405638 1915853.124 0
935536.531604 1915853.35602 0
935536.67531 1915853.5879 0
935536.810316 1915853.84204 0
935536.963062 1915854.09605 0
935537.106938 1915854.35012 0
935537.259769 1915854.61522 0
935537.386161 1915854.90271 0
935537.459164 1915855.16842 0
935537.541036 1915855.43407 0
935537.729347 1915855.69889 0
935537.882263 1915855.97509 0
935538.212916 1915856.29429 0
935538.383742 1915856.59254 0
935538.572393 1915856.90174 0
935538.734094 1915857.16677 0
935538.860656 1915857.47645 0
935539.003851 1915857.64177 0
935539.156938 1915857.94015 0
935539.318894 1915858.23846 0
935539.489635 1915858.52562 0
935539.545153 1915858.82475 0
935539.627366 1915859.13476 0
935539.807232 1915859.45513 0
935539.888679 1915859.6653 0
935540.033066 1915859.98594 0
935540.185897 1915860.25104 0
935540.320307 1915860.42752 0
935540.517402 1915860.68119 0
935540.626139 1915860.97991 0
935540.752616 1915861.27849 0
935540.950307 1915861.60982 0
935541.183392 1915861.92977 0
935541.345433 1915862.23918 0
935541.507559 1915862.55968 0
935541.61536 1915862.73637 0
935541.786612 1915863.09008 0
935541.904048 1915863.36655 0
935542.101313 1915863.6424 0
935542.290134 1915863.97379 0
935542.461216 1915864.30532 0
935542.668117 1915864.68095 0
935542.74146 1915864.99104 0
935542.868362 1915865.34509 0
935543.048484 1915865.69874 0
935543.13863 1915865.88666 0
935543.309626 1915866.20709 0
935543.258451 1915866.47375 0
935543.42851 1915866.67215 0
935543.581937 1915867.01491 0
935543.779883 1915867.37951 0
935543.791478 1915867.73445 0
935543.847422 1915868.08905 0
935544.1333 1915868.35313 0
935544.205706 1915868.54119 0
935544.412607 1915868.91682 0
935544.529362 1915869.10453 0
935544.610638 1915869.29251 0
935544.799374 1915869.61281 0
935544.935146 1915869.9668 0
935545.088402 1915870.28737 0
935545.231512 1915870.44159 0
935545.411718 1915870.80634 0
935545.537684 1915871.03836 0
935545.592435 1915871.23764 0
935545.701513 1915871.58074 0
935545.845984 1915871.91247 0
935545.998474 1915872.13319 0
935546.124185 1915872.33193 0
935546.31309 1915872.67442 0
935546.457307 1915872.97287 0
935546.583613 1915873.24926 0
935546.718959 1915873.54778 0
935546.86309 1915873.83513 0
935546.998181 1915874.10037 0
935547.133186 1915874.35451 0
935547.250453 1915874.60879 0
935547.385373 1915874.85184 0
935547.493514 1915875.0729 0
935548.222712 1915875.31139 0
935548.330853 1915875.53245 0
935548.438738 1915875.72023 0
935548.528883 1915875.90815 0
935548.619029 1915876.09606 0
935548.73621 1915876.33925 0
935548.853306 1915876.57134 0
935548.961361 1915876.78131 0
935549.087327 1915877.01333 0
935549.186342 1915877.20118 0
935549.285357 1915877.38903 0
935549.393328 1915877.5879 0
935549.510509 1915877.83109 0
935549.636559 1915878.0742 0
935549.753314 1915878.26191 0
935549.843545 1915878.46093 0
935549.960555 1915878.68192 0
935550.104346 1915878.9249 0
935550.23884 1915879.11248 0
935550.373505 1915879.32224 0
935550.552178 1915879.48729 0
935550.722408 1915879.70788 0
935550.883001 1915879.82869 0
935550.955407 1915880.01674 0
935551.081628 1915880.28204 0
935551.083416 1915880.51502 0
935551.253645 1915880.73561 0
935551.379099 1915880.90106 0
935551.416537 1915881.15595 0
935551.551542 1915881.41009 0
935551.650898 1915881.64232 0
935551.759124 1915881.87448 0
935551.867435 1915882.11773 0
935551.975661 1915882.34989 0
935552.101881 1915882.61519 0
935552.236887 1915882.86933 0
935552.381188 1915883.17887 0
935552.525233 1915883.45513 0
935552.669449 1915883.75358 0
935552.884368 1915884.01821 0
935553.002144 1915884.33905 0
935553.102096 1915884.64893 0
935553.237101 1915884.90307 0
935553.398546 1915885.13482 0
935553.515811 1915885.3891 0
935553.615423 1915885.65461 0
935553.750683 1915885.94203 0
935553.849699 1915886.12988 0
935553.966794 1915886.36197 0
935554.030926 1915886.62775 0
935554.15638 1915886.79321 0
935554.291641 1915887.08063 0
935554.382468 1915887.3573 0
935554.571117 1915887.6665 0
935554.60881 1915887.95467 0
935554.699722 1915888.24244 0
935554.799844 1915888.57451 0
935554.979198 1915888.82831 0
935555.176547 1915889.11526 0
935555.383277 1915889.4687 0
935555.385065 1915889.70167 0
935555.635292 1915889.94384 0
935555.805777 1915890.19771 0
935555.958777 1915890.48499 0
935556.111351 1915890.71681 0
935556.193223 1915890.98245 0
935556.328058 1915891.21441 0
935556.472018 1915891.47957 0
935556.633803 1915891.7557 0
935556.777763 1915892.02087 0
935556.904409 1915892.34164 0
935557.039584 1915892.61797 0
935557.326823 1915893.05955 0
935557.461573 1915893.28041 0
935557.560503 1915893.45717 0
935557.721947 1915893.68892 0
935557.892516 1915893.95388 0
935558.027691 1915894.23021 0
935557.937035 1915893.97573 0
935558.063341 1915894.25212 0
935558.25165 1915894.51695 0
935558.386995 1915894.81547 0
935558.522171 1915895.0918 0
935558.675171 1915895.37909 0
935558.828171 1915895.66637 0
935558.981085 1915895.94257 0
935559.143126 1915896.25197 0
935559.30491 1915896.5281 0
935559.44887 1915896.79327 0
935559.62012 1915897.14698 0
935559.755466 1915897.4455 0
935559.925694 1915897.66609 0
935560.086713 1915897.84236 0
935560.283295 1915898.02947 0
935560.489344 1915898.29416 0
935560.553135 1915898.51556 0
935560.69718 1915898.79182 0
935560.912013 1915899.04535 0
935561.056228 1915899.3438 0
935561.191488 1915899.63122 0
935561.343892 1915899.84085 0
935561.559576 1915900.20532 0
935561.712747 1915900.5148 0
935561.847496 1915900.73566 0
935562.01815 1915901.01171 0
935562.11708 1915901.18847 0
935562.260444 1915901.37598 0
935562.350674 1915901.57499 0
935562.458473 1915901.75168 0
935562.629468 1915902.07211 0
935562.818202 1915902.39241 0
935563.006937 1915902.71271 0
935563.178102 1915903.05533 0
935563.340397 1915903.39802 0
935563.529301 1915903.7405 0
935563.71812 1915904.07189 0
935563.89807 1915904.40335 0
935564.086974 1915904.74584 0
935564.22232 1915905.04435 0
935564.31255 1915905.24337 0
935564.420775 1915905.47552 0
935564.56516 1915905.79616 0
935564.736069 1915906.1055 0
935564.871244 1915906.38183 0
935565.050853 1915906.66891 0
935565.133065 1915906.97893 0
935565.241205 1915907.2 0
935565.411774 1915907.46496 0
935565.528868 1915907.69705 0
935565.663618 1915907.91791 0
935565.807237 1915908.1387 0
935565.915291 1915908.34867 0
935566.032131 1915908.54748 0
935566.122276 1915908.73539 0
935566.23903 1915908.92311 0
935566.355954 1915909.13301 0
935566.464179 1915909.36517 0
935566.545454 1915909.55315 0
935566.653509 1915909.76312 0
935566.752439 1915909.93988 0
935566.860408 1915910.13875 0
935566.879765 1915910.3494 0
935566.98782 1915910.55937 0
935567.086835 1915910.74722 0
935567.221584 1915910.96808 0
935567.365543 1915911.23325 0
935567.455688 1915911.42117 0
935567.563487 1915911.59786 0
935567.671457 1915911.79673 0
935567.824371 1915912.07292 0
935567.968415 1915912.34919 0
935568.0763 1915912.53697 0
935568.229129 1915912.80207 0
935568.337013 1915912.98985 0
935568.445068 1915913.19982 0
935568.579902 1915913.43177 0
935568.714736 1915913.66373 0
935568.840786 1915913.90684 0
935568.99353 1915914.16085 0
935569.146444 1915914.43704 0
935569.299443 1915914.72433 0
935569.461142 1915914.98936 0
935569.605101 1915915.25453 0
935569.757845 1915915.50853 0
935569.892764 1915915.75158 0
935570.018558 1915915.96141 0
935570.144438 1915916.18234 0
935570.279102 1915916.39211 0
935570.387071 1915916.59098 0
935570.486 1915916.76774 0
935570.629704 1915916.99962 0
935570.737759 1915917.20959 0
935570.845728 1915917.40847 0
935570.944657 1915917.58522 0
935571.052797 1915917.80629 0
935571.160852 1915918.01626 0
935571.259781 1915918.19301 0
935571.36792 1915918.41408 0
935571.485015 1915918.64617 0
935571.611064 1915918.88928 0
935571.755023 1915919.15445 0
935571.890113 1915919.41968 0
935572.025287 1915919.69601 0
935572.124387 1915919.89496 0
935572.232356 1915920.09383 0
935572.331541 1915920.30387 0
935572.430811 1915920.525 0
935572.538865 1915920.73497 0
935572.637794 1915920.91173 0
935572.754974 1915921.15491 0
935572.872153 1915921.3981 0
935572.980208 1915921.60807 0
935573.070352 1915921.79598 0
935573.169452 1915921.99493 0
935573.259597 1915922.18284 0
935573.349741 1915922.37076 0
935573.448756 1915922.55861 0
935573.57472 1915922.79063 0
935573.682604 1915922.97842 0
935573.781703 1915923.17736 0
935573.907582 1915923.39829 0
935574.015722 1915923.61935 0
935574.132731 1915923.84035 0
935574.258695 1915924.07237 0
935574.384744 1915924.31548 0
935574.519748 1915924.56962 0
935574.645797 1915924.81274 0
935574.753852 1915925.02271 0
935574.861906 1915925.23268 0
935574.9877 1915925.44251 0
935575.113834 1915925.69672 0
935575.212763 1915925.87348 0
935575.302908 1915926.0614 0
935575.401837 1915926.23815 0
935575.509636 1915926.41484 0
935575.608565 1915926.5916 0
935575.743569 1915926.84574 0
935575.887443 1915927.09981 0
935576.039846 1915927.30944 0
935576.15711 1915927.56372 0
935576.26525 1915927.78478 0
935576.373304 1915927.99475 0
935576.499098 1915928.20459 0
935576.616107 1915928.42558 0
935576.750856 1915928.64644 0
935576.885945 1915928.91168 0
935577.012164 1915929.17698 0
935577.182647 1915929.43085 0
935577.380079 1915929.72889 0
935577.435596 1915930.02802 0
935577.508426 1915930.27154 0
935577.696394 1915930.492 0
935577.866791 1915930.73477 0
935577.99284 1915930.97789 0
935578.118719 1915931.19881 0
935578.235898 1915931.442 0
935578.388727 1915931.7071 0
935578.603388 1915931.93844 0
935578.729692 1915932.21484 0
935578.829132 1915932.45816 0
935578.902133 1915932.72387 0
935579.054876 1915932.97787 0
935579.190135 1915933.2653 0
935579.316354 1915933.5306 0
935579.451614 1915933.81803 0
935579.533143 1915934.03929 0
935579.668232 1915934.30453 0
935579.794366 1915934.55874 0
935579.938325 1915934.82391 0
935580.064459 1915935.07812 0
935580.190593 1915935.33233 0
935580.316812 1915935.59763 0
935580.451816 1915935.85177 0
935580.560125 1915936.09502 0
935580.686344 1915936.36033 0
935580.812478 1915936.61454 0
935580.983471 1915936.93497 0
935581.109605 1915937.18918 0
935581.244694 1915937.45442 0
935581.370828 1915937.70863 0
935581.496962 1915937.96284 0
935581.623181 1915938.22814 0
935581.740445 1915938.48242 0
935581.848925 1915938.74786 0
935581.957404 1915939.0133 0
935582.048229 1915939.28997 0
935582.130185 1915939.56671 0
935582.23909 1915939.88762 0
935582.2761 1915940.08704 0
935582.322577 1915940.36405 0
935582.368883 1915940.61887 0
935582.406404 1915940.88485 0
935582.435056 1915941.1509 0
935582.454753 1915941.40593 0
935582.456796 1915941.67219 0
935582.458753 1915941.92735 0
935582.451841 1915942.18258 0
935582.444843 1915942.42672 0
935582.429061 1915942.68201 0
935582.404409 1915942.93738 0
935582.370803 1915943.18172 0
935582.337111 1915943.41497 0
935582.294635 1915943.65938 0
935582.243374 1915943.91495 0
935582.183073 1915944.1484 0
935582.131812 1915944.40397 0
935582.053686 1915944.62646 0
935581.975646 1915944.86005 0
935581.879951 1915945.10486 0
935581.775386 1915945.34975 0
935581.679692 1915945.59457 0
935581.566087 1915945.81733 0
935581.443613 1915946.04016 0
935581.330008 1915946.26293 0
935581.207449 1915946.47467 0
935581.102459 1915946.66408 0
935580.979559 1915946.83145 0
935580.865529 1915946.99874 0
935580.751499 1915947.16604 0
935580.584592 1915947.37811 0
935580.426383 1915947.56794 0
935580.285659 1915947.72434 0
935580.127195 1915947.88088 0
935579.951077 1915948.04865 0
935579.801483 1915948.20513 0
935579.607711 1915948.38413 0
935579.396369 1915948.58545 0
935579.175987 1915948.76466 0
935579.008484 1915948.89908 0
935578.832025 1915949.02248 0
935578.646867 1915949.16813 0
935578.470409 1915949.29152 0
935578.28508 1915949.41499 0
935578.038005 1915949.5833 0
935577.852591 1915949.69567 0
935577.675963 1915949.79688 0
935577.499504 1915949.92027 0
935577.305306 1915950.0438 0
935577.119893 1915950.15617 0
935576.934309 1915950.24635 0
935576.740112 1915950.36989 0
935576.536874 1915950.4713 0
935576.360245 1915950.5725 0
935576.174832 1915950.68487 0
935575.927586 1915950.831 0
935575.671385 1915950.9661 0
935575.494756 1915951.06731 0
935575.24751 1915951.21344 0
935574.982525 1915951.3597 0
935574.797026 1915951.46098 0
935574.593874 1915951.57348 0
935574.381936 1915951.69715 0
935574.161044 1915951.80979 0
935573.931453 1915951.94469 0
935573.693076 1915952.09075 0
935573.45453 1915952.21462 0
935573.207199 1915952.34965 0
935572.950913 1915952.47366 0
935572.721321 1915952.60856 0
935572.482775 1915952.73243 0
935572.270838 1915952.8561 0
935572.0676 1915952.95751 0
935571.873317 1915953.06995 0
935571.678949 1915953.17129 0
935571.413793 1915953.29536 0
935571.192986 1915953.4191 0
935570.989834 1915953.53161 0
935570.804421 1915953.64397 0
935570.592398 1915953.75655 0
935570.406815 1915953.84673 0
935570.230187 1915953.94794 0
935570.035648 1915954.02709 0
935569.823711 1915954.15076 0
935569.620474 1915954.25217 0
935569.443845 1915954.35338 0
935569.258347 1915954.45465 0
935569.055109 1915954.55607 0
935568.852042 1915954.67966 0
935568.640019 1915954.79224 0
935568.445822 1915954.91577 0
935568.242669 1915955.02828 0
935568.039517 1915955.14078 0
935567.836279 1915955.24219 0
935567.633212 1915955.36579 0
935567.385881 1915955.50083 0
935567.200383 1915955.6021 0
935567.0061 1915955.71454 0
935566.803033 1915955.83814 0
935566.60875 1915955.95058 0
935566.396813 1915956.07424 0
935566.176006 1915956.19798 0
935565.964069 1915956.32165 0
935565.752132 1915956.44531 0
935565.557934 1915956.56885 0
935565.337128 1915956.69258 0
935565.125105 1915956.80515 0
935564.922038 1915956.92875 0
935564.710101 1915957.05242 0
935564.498079 1915957.165 0
935564.295097 1915957.29969 0
935564.091944 1915957.41219 0
935563.888877 1915957.53579 0
935563.676855 1915957.64837 0
935563.473788 1915957.77197 0
935563.279505 1915957.88441 0
935563.076353 1915957.99691 0
935562.881985 1915958.09825 0
935562.678832 1915958.21076 0
935562.47568 1915958.32327 0
935562.272528 1915958.43577 0
935562.078245 1915958.54821 0
935561.866223 1915958.66078 0
935561.671855 1915958.76213 0
935561.468703 1915958.87463 0
935561.274335 1915958.97598 0
935561.071183 1915959.08848 0
935560.868031 1915959.20099 0
935560.647054 1915959.30253 0
935560.417377 1915959.42634 0
935560.187701 1915959.55014 0
935559.949155 1915959.67401 0
935559.710609 1915959.79789 0
935559.480933 1915959.92169 0
935559.224647 1915960.0457 0
935558.986101 1915960.16957 0
935558.73877 1915960.3046 0
935558.500224 1915960.42848 0
935558.261593 1915960.54125 0
935558.023132 1915960.67622 0
935557.784586 1915960.80009 0
935557.545955 1915960.91287 0
935557.316279 1915961.03667 0
935557.077648 1915961.14945 0
935556.847886 1915961.26216 0
935556.61821 1915961.38597 0
935556.370795 1915961.50991 0
935556.114509 1915961.63391 0
935555.875963 1915961.75779 0
935555.628548 1915961.88173 0
935555.390002 1915962.0056 0
935555.151456 1915962.12947 0
935554.90404 1915962.25341 0
935554.674279 1915962.36612 0
935554.435733 1915962.48999 0
935554.197187 1915962.61387 0
935553.97621 1915962.71541 0
935553.755404 1915962.83915 0
935553.525642 1915962.95186 0
935553.313535 1915963.05334 0
935553.083859 1915963.17714 0
935552.836444 1915963.30108 0
935552.606597 1915963.4027 0
935552.368051 1915963.52657 0
935552.138461 1915963.66147 0
935551.908529 1915963.75199 0
935551.687723 1915963.87573 0
935551.49327 1915963.96598 0
935551.281248 1915964.07855 0
935551.051402 1915964.18017 0
935550.857205 1915964.3037 0
935550.653967 1915964.40511 0
935550.46847 1915964.50639 0
935550.274102 1915964.60773 0
935550.07982 1915964.72017 0
935549.885452 1915964.82151 0
935549.6823 1915964.93402 0
935549.461494 1915965.05776 0
935549.258342 1915965.17026 0
935549.046405 1915965.29393 0
935548.825514 1915965.40657 0
935548.613492 1915965.51915 0
935548.419295 1915965.64268 0
935548.224842 1915965.73293 0
935548.048214 1915965.83414 0
935547.800799 1915965.95808 0
935547.588862 1915966.08174 0
935547.394495 1915966.18309 0
935547.208997 1915966.28436 0
935546.988106 1915966.39701 0
935546.784954 1915966.50951 0
935546.590587 1915966.61086 0
935546.378565 1915966.72343 0
935546.148889 1915966.84723 0
935545.892689 1915966.98234 0
935545.636404 1915967.10635 0
935545.459776 1915967.20755 0
935545.274193 1915967.29773 0
935545.079741 1915967.38798 0
935544.885288 1915967.47823 0
935544.690921 1915967.57958 0
935544.469859 1915967.67003 0
935544.284362 1915967.77131 0
935544.072425 1915967.89498 0
935543.842409 1915967.97441 0
935543.630132 1915968.0537 0
935543.4089 1915968.12196 0
935543.152104 1915968.17941 0
935542.903667 1915968.17022 0
935542.637831 1915968.20555 0
935542.371995 1915968.24087 0
935542.105988 1915968.25401 0
935541.813288 1915968.25625 0
935541.538241 1915968.24727 0
935541.236501 1915968.2274 0
935540.961369 1915968.20732 0
935540.668328 1915968.16519 0
935540.375116 1915968.10087 0
935540.090689 1915968.02539 0
935539.806262 1915967.94991 0
935539.521495 1915967.83006 0
935539.227772 1915967.69918 0
935538.934049 1915967.5683 0
935538.649026 1915967.41516 0
935538.372702 1915967.23977 0
935538.087424 1915967.05335 0
935537.819799 1915966.8557 0
935537.569829 1915966.64682 0
935537.337683 1915966.44889 0
935537.123192 1915966.23974 0
935536.908701 1915966.03059 0
935536.729688 1915965.82117 0
935536.550761 1915965.62284 0
935536.362964 1915965.42457 0
935536.184121 1915965.23734 0
935536.031974 1915965.06099 0
935535.879826 1915964.88464 0
935535.727763 1915964.71939 0
935535.58474 1915964.57626 0
935535.387818 1915964.34478 0
935535.20889 1915964.14645 0
935535.047873 1915963.97017 0
935534.91355 1915963.80478 0
935534.752532 1915963.6285 0
935534.591429 1915963.44113 0
935534.421371 1915963.24273 0
935534.251314 1915963.04434 0
935534.10812 1915962.87901 0
935533.937978 1915962.66952 0
935533.74114 1915962.44914 0
935533.606902 1915962.29484 0
935533.454754 1915962.1185 0
935533.302521 1915961.93106 0
935533.132463 1915961.73266 0
935532.971275 1915961.53419 0
935532.810172 1915961.34682 0
935532.657854 1915961.14828 0
935532.50545 1915960.93866 0
935532.362172 1915960.76224 0
935532.227678 1915960.57466 0
935532.111009 1915960.39805 0
935531.994425 1915960.23252 0
935531.859676 1915960.01166 0
935531.742666 1915959.79067 0
935531.607916 1915959.56981 0
935531.508901 1915959.38196 0
935531.365027 1915959.12789 0
935531.247932 1915958.8958 0
935531.140132 1915958.71911 0
935531.014168 1915958.48709 0
935530.888203 1915958.25507 0
935530.771363 1915958.05626 0
935530.609494 1915957.76904 0
935530.492484 1915957.54805 0
935530.348694 1915957.30507 0
935530.204905 1915957.06209 0
935530.07894 1915956.83007 0
935529.96193 1915956.60907 0
935529.827095 1915956.37712 0
935529.701216 1915956.15619 0
935529.566466 1915955.93533 0
935529.440586 1915955.71441 0
935529.305752 1915955.48245 0
935529.161962 1915955.23948 0
935529.026957 1915954.98533 0
935528.883168 1915954.74236 0
935528.739378 1915954.49938 0
935528.595589 1915954.2564 0
935528.451714 1915954.00233 0
935528.307754 1915953.73716 0
935528.163794 1915953.47199 0
935528.011049 1915953.21799 0
935527.867004 1915952.94173 0
935527.714175 1915952.67663 0
935527.56126 1915952.40043 0
935527.417214 1915952.12417 0
935527.273169 1915951.84791 0
935527.129124 1915951.57165 0
935526.976294 1915951.30655 0
935526.832249 1915951.03029 0
935526.697159 1915950.76506 0
935526.553199 1915950.49989 0
935526.400369 1915950.23479 0
935526.256409 1915949.96963 0
935526.130273 1915949.71542 0
935525.986313 1915949.45025 0
935525.851223 1915949.18502 0
935525.707263 1915948.91985 0
935525.572258 1915948.66571 0
935525.437167 1915948.40047 0
935525.302077 1915948.13524 0
935525.158032 1915947.85898 0
935525.023026 1915947.60484 0
935524.870111 1915947.32864 0
935524.735021 1915947.06341 0
935524.590976 1915946.78715 0
935524.44693 1915946.51089 0
935524.30297 1915946.24572 0
935524.158925 1915945.96946 0
935524.023834 1915945.70422 0
935523.888829 1915945.45008 0
935523.736084 1915945.19608 0
935523.609863 1915944.93078 0
935523.465903 1915944.66561 0
935523.330898 1915944.41147 0
935523.204933 1915944.17945 0
935523.069927 1915943.92531 0
935522.943792 1915943.6711 0
935522.817912 1915943.45017 0
935522.691776 1915943.19596 0
935522.565725 1915942.95285 0
935522.43976 1915942.72083 0
935522.31371 1915942.47771 0
935522.196614 1915942.24562 0
935522.070649 1915942.0136 0
935521.944598 1915941.77049 0
935521.818633 1915941.53847 0
935521.692497 1915941.28426 0
935521.566362 1915941.03005 0
935521.431442 1915940.787 0
935521.296436 1915940.53286 0
935521.170215 1915940.26756 0
935521.043994 1915940.00226 0
935520.908904 1915939.73702 0
935520.782683 1915939.47172 0
935520.665246 1915939.19525 0
935520.55685 1915938.94091 0
935520.448369 1915938.67547 0
935520.339887 1915938.41003 0
935520.24923 1915938.15555 0
935520.158488 1915937.88997 0
935520.067746 1915937.6244 0
935519.985704 1915937.33657 0
935519.894621 1915937.02661 0
935519.812408 1915936.71659 0
935519.747935 1915936.40644 0
935519.674336 1915936.06307 0
935519.600907 1915935.74189 0
935519.545218 1915935.42057 0
935519.4897 1915935.12144 0
935519.451921 1915934.82217 0
935519.414142 1915934.52291 0
935519.376533 1915934.24583 0
935519.347794 1915933.96868 0
935519.319225 1915933.71373 0
935519.299441 1915933.44761 0
935519.271043 1915933.21484 0
935519.24256 1915932.97097 0
935519.223031 1915932.73813 0
935519.203503 1915932.5053 0
935519.184145 1915932.29465 0
935519.155832 1915932.07297 0
935519.127519 1915931.85129 0
935519.11686 1915931.61839 0
935519.097417 1915931.39664 0
935519.069103 1915931.17497 0
935519.049575 1915930.94213 0
935519.038916 1915930.70922 0
935519.019473 1915930.48748 0
935518.999945 1915930.25464 0
935518.989371 1915930.03283 0
935518.978797 1915929.81102 0
935518.968224 1915929.5892 0
935518.966605 1915929.37842 0
935518.964902 1915929.15654 0
935518.972153 1915928.94568 0
935518.969938 1915928.65724 0
935518.994417 1915928.37968 0
935519.028107 1915928.14644 0
935519.053183 1915927.94654 0
935519.095913 1915927.73541 0
935519.156468 1915927.53524 0
935519.216768 1915927.30179 0
935519.277323 1915927.10162 0
935519.337878 1915926.90145 0
935519.407387 1915926.71231 0
935519.485426 1915926.47872 0
935519.554681 1915926.2563 0
935519.62402 1915926.04497 0
935519.701974 1915925.80029 0
935519.806367 1915925.53321 0
935519.884661 1915925.33291 0
935519.97174 1915925.12144 0
935520.058819 1915924.90997 0
935520.154683 1915924.68734 0
935520.259416 1915924.46465 0
935520.372934 1915924.23079 0
935520.504106 1915923.9857 0
935520.644063 1915923.72944 0
935520.784105 1915923.48429 0
935520.924148 1915923.23913 0
935521.099498 1915922.97151 0
935521.266065 1915922.71505 0
935521.45037 1915922.45846 0
935521.643546 1915922.2018 0
935521.836636 1915921.93404 0
935522.038682 1915921.67732 0
935522.258381 1915921.40936 0
935522.478251 1915921.16359 0
935522.706906 1915920.90665 0
935522.94443 1915920.64965 0
935523.19091 1915920.40368 0
935523.446259 1915920.15763 0
935523.710478 1915919.91152 0
935523.965827 1915919.66548 0
935524.247956 1915919.44142 0
935524.53887 1915919.2062 0
935524.820913 1915918.97104 0
935525.120782 1915918.74685 0
935525.42952 1915918.52258 0
935525.729474 1915918.30948 0
935525.897148 1915918.19725 0
935526.214841 1915917.98401 0
935526.38243 1915917.86068 0
935526.709163 1915917.66956 0
935526.876752 1915917.54624 0
935527.20357 1915917.36621 0
935527.388898 1915917.24275 0
935527.565527 1915917.14154 0
935527.901045 1915916.93926 0
935528.068719 1915916.82702 0
935528.421977 1915916.62461 0
935528.766365 1915916.42226 0
935529.092928 1915916.20895 0
935529.269557 1915916.10775 0
935529.605075 1915915.90547 0
935529.781704 1915915.80426 0
935530.117222 1915915.60198 0
935530.293851 1915915.50077 0
935530.461525 1915915.38854 0
935530.805913 1915915.18619 0
935531.141516 1915914.995 0
935531.494689 1915914.78149 0
935531.821337 1915914.57928 0
935531.997966 1915914.47807 0
935532.333484 1915914.27579 0
935532.669002 1915914.07351 0
935533.004521 1915913.87123 0
935533.348909 1915913.66888 0
935533.684342 1915913.45551 0
935534.01986 1915913.25323 0
935534.355379 1915913.05095 0
935534.690897 1915912.84867 0
935535.026416 1915912.64639 0
935535.361934 1915912.44411 0
935535.697367 1915912.23074 0
935536.032886 1915912.02846 0
935536.368404 1915911.82618 0
935536.712792 1915911.62383 0
935537.048311 1915911.42155 0
935537.215985 1915911.30932 0
935537.551503 1915911.10704 0
935537.878237 1915910.91592 0
935538.045911 1915910.80369 0
935538.372645 1915910.61257 0
935538.69068 1915910.44371 0
935538.99976 1915910.26382 0
935539.300054 1915910.09509 0
935539.600435 1915909.93746 0
935539.900644 1915909.75764 0
935540.19224 1915909.61117 0
935540.474881 1915909.45368 0
935540.757521 1915909.29618 0
935541.066686 1915909.12739 0
935541.375851 1915908.9586 0
935541.685101 1915908.8009 0
935542.003136 1915908.63204 0
935542.321085 1915908.45208 0
935542.63025 1915908.28329 0
935542.95724 1915908.12545 0
935543.266319 1915907.94557 0
935543.584269 1915907.76561 0
935543.893519 1915907.60791 0
935544.202684 1915907.43912 0
935544.511849 1915907.27033 0
935544.812144 1915907.1016 0
935545.09487 1915906.9552 0
935545.368811 1915906.81996 0
935545.624843 1915906.66267 0
935545.85452 1915906.53887 0
935546.084198 1915906.41506 0
935546.287352 1915906.30256 0
935546.49929 1915906.17889 0
935546.693658 1915906.07754 0
935546.932121 1915905.94258 0
935547.152929 1915905.81884 0
935547.356082 1915905.70634 0
935547.57689 1915905.5826 0
935547.762389 1915905.48132 0
935547.938933 1915905.36902 0
935548.115562 1915905.26781 0
935548.309931 1915905.16647 0
935548.486475 1915905.05417 0
935548.716068 1915904.91927 0
935548.892697 1915904.81806 0
935549.086981 1915904.70563 0
935549.298834 1915904.57086 0
935549.519557 1915904.43603 0
935549.749149 1915904.30113 0
935549.987526 1915904.15507 0
935550.217119 1915904.02018 0
935550.464366 1915903.87405 0
935550.711358 1915903.69464 0
935550.940865 1915903.54865 0
935551.179157 1915903.39149 0
935551.426234 1915903.22318 0
935551.673055 1915903.02158 0
935551.866828 1915902.84257 0
935552.069471 1915902.6635 0
935552.254034 1915902.44019 0
935552.438596 1915902.21689 0
935552.614289 1915901.99364 0
935552.780857 1915901.73719 0
935552.938554 1915901.4808 0
935553.087212 1915901.20229 0
935553.209346 1915900.93508 0
935553.29583 1915900.64596 0
935553.382144 1915900.33464 0
935553.432979 1915900.0236 0
935553.465989 1915899.7016 0
935553.481174 1915899.36865 0
935553.46975 1915899.0359 0
935553.449456 1915898.70321 0
935553.402808 1915898.40401 0
935553.329466 1915898.09393 0
935553.256038 1915897.77274 0
935553.191736 1915897.48478 0
935553.10978 1915897.20804 0
935553.036778 1915896.94233 0
935552.963861 1915896.68771 0
935552.899899 1915896.44412 0
935552.827068 1915896.20059 0
935552.745367 1915895.95714 0
935552.654625 1915895.69156 0
935552.581709 1915895.43694 0
935552.482183 1915895.18253 0
935552.382486 1915894.90593 0
935552.274005 1915894.64049 0
935552.174479 1915894.38608 0
935552.066169 1915894.14282 0
935551.966643 1915893.88841 0
935551.858587 1915893.67844 0
935551.768272 1915893.46834 0
935551.660216 1915893.25837 0
935551.561286 1915893.08161 0
935551.444021 1915892.82733 0
935551.32701 1915892.60634 0
935551.22808 1915892.42958 0
935551.11107 1915892.20859 0
935551.01214 1915892.03183 0
935550.895045 1915891.79974 0
935550.796115 1915891.62299 0
935550.697099 1915891.43514 0
935550.606954 1915891.24722 0
935550.498899 1915891.03725 0
935550.390673 1915890.80509 0
935550.273492 1915890.56191 0
935550.147357 1915890.3077 0
935550.021051 1915890.0313 0
935549.885875 1915889.75497 0
935549.74183 1915889.47871 0
935549.606569 1915889.19129 0
935549.462353 1915888.89284 0
935549.318223 1915888.60549 0
935549.165052 1915888.29601 0
935549.029791 1915888.00859 0
935548.885661 1915887.72123 0
935548.732575 1915887.42285 0
935548.579404 1915887.11338 0
935548.435273 1915886.82602 0
935548.291143 1915886.53867 0
935548.138142 1915886.25138 0
935547.994012 1915885.96402 0
935547.840926 1915885.66564 0
935547.69688 1915885.38938 0
935547.552835 1915885.11312 0
935547.408789 1915884.83686 0
935547.273698 1915884.57162 0
935547.120783 1915884.29543 0
935546.985692 1915884.03019 0
935546.841817 1915883.77612 0
935546.688902 1915883.49993 0
935546.527031 1915883.21271 0
935546.392026 1915882.95857 0
935546.25702 1915882.70443 0
935546.10419 1915882.43933 0
935545.977798 1915882.15184 0
935545.833838 1915881.88667 0
935545.672053 1915881.61055 0
935545.536451 1915881.27875 0
935545.365625 1915880.9805 0
935545.21254 1915880.68212 0
935545.041629 1915880.37278 0
935544.888373 1915880.05221 0
935544.726332 1915879.7428 0
935544.564206 1915879.4223 0
935544.410865 1915879.09064 0
935544.239784 1915878.75911 0
935544.077572 1915878.42752 0
935543.906491 1915878.09599 0
935543.744195 1915877.7533 0
935543.573114 1915877.42178 0
935543.392993 1915877.06813 0
935543.230696 1915876.72544 0
935543.131766 1915876.54868 0
935542.97851 1915876.22812 0
935542.897234 1915876.04013 0
935542.735107 1915875.71963 0
935542.572726 1915875.36585 0
935542.40173 1915875.04541 0
935542.239519 1915874.71382 0
935542.086177 1915874.38216 0
935541.906226 1915874.0507 0
935541.73523 1915873.73026 0
935541.564234 1915873.40983 0
935541.402022 1915873.07824 0
935541.231112 1915872.7689 0
935541.060201 1915872.45956 0
935540.88929 1915872.15022 0
935540.718379 1915871.84088 0
935540.556508 1915871.55366 0
935540.385682 1915871.25542 0
935540.205901 1915870.94615 0
935540.026035 1915870.62578 0
935539.82843 1915870.30555 0
935539.648478 1915869.97409 0
935539.531893 1915869.80857 0
935539.334288 1915869.48834 0
935539.145467 1915869.15695 0
935538.938991 1915868.83679 0
935538.750255 1915868.51649 0
935538.561434 1915868.1851 0
935538.381568 1915867.86474 0
935538.201617 1915867.53328 0
935538.030535 1915867.20175 0
935537.850499 1915866.8592 0
935537.652723 1915866.51678 0
935537.472686 1915866.17423 0
935537.373756 1915865.99748 0
935537.184849 1915865.65499 0
935537.094703 1915865.46707 0
935536.905797 1915865.12459 0
935536.716805 1915864.77101 0
935536.536684 1915864.41736 0
935536.338907 1915864.07495 0
935536.158786 1915863.7213 0
935536.050985 1915863.54461 0
935535.861993 1915863.19103 0
935535.771847 1915863.00312 0
935535.573986 1915862.64961 0
935535.393949 1915862.30705 0
935535.294933 1915862.1192 0
935535.097072 1915861.76569 0
935534.925905 1915861.42307 0
935534.818019 1915861.23529 0
935534.629113 1915860.89281 0
935534.521312 1915860.71612 0
935534.34119 1915860.36247 0
935534.23339 1915860.18579 0
935534.053353 1915859.84323 0
935533.954337 1915859.65538 0
935533.76543 1915859.3129 0
935533.576609 1915858.98151 0
935533.477678 1915858.80475 0
935533.297726 1915858.4733 0
935533.117775 1915858.14184 0
935532.937738 1915857.79928 0
935532.757871 1915857.47892 0
935532.586874 1915857.15849 0
935532.406923 1915856.82703 0
935532.236011 1915856.51769 0
935532.065014 1915856.19726 0
935531.885063 1915855.8658 0
935531.713981 1915855.53427 0
935531.542984 1915855.21384 0
935531.363202 1915854.90457 0
935531.192291 1915854.59523 0
935531.030164 1915854.27473 0
935530.859252 1915853.96539 0
935530.697295 1915853.66708 0
935530.535254 1915853.35767 0
935530.355387 1915853.03731 0
935530.19343 1915852.73899 0
935530.022518 1915852.42966 0
935529.860477 1915852.12025 0
935529.68965 1915851.822 0
935529.536478 1915851.51253 0
935529.365651 1915851.21429 0
935529.203609 1915850.90488 0
935529.050352 1915850.58431 0
935528.870485 1915850.26395 0
935528.699403 1915849.93242 0
935528.600472 1915849.75566 0
935528.420435 1915849.41311 0
935528.321419 1915849.22526 0
935528.132426 1915848.87168 0
935527.952304 1915848.51804 0
935527.853288 1915848.33019 0
935527.754271 1915848.14234 0
935527.565194 1915847.77767 0
935527.466178 1915847.58982 0
935527.367161 1915847.40197 0
935527.268145 1915847.21412 0
935527.177999 1915847.0262 0
935527.070113 1915846.83842 0
935526.971011 1915846.63948 0
935526.773064 1915846.27487 0
935526.673962 1915846.07593 0
935526.575031 1915845.89917 0
935526.484885 1915845.71126 0
935526.385783 1915845.51231 0
935526.187836 1915845.14771 0
935526.08882 1915844.95986 0
935525.908697 1915844.60621 0
935525.800811 1915844.41843 0
935525.620603 1915844.05369 0
935525.512802 1915843.87701 0
935525.431525 1915843.68902 0
935525.323724 1915843.51233 0
935525.152386 1915843.14752 0
935524.954609 1915842.80511 0
935524.873333 1915842.61712 0
935524.67547 1915842.26361 0
935524.486563 1915841.92113 0
935524.396416 1915841.73321 0
935524.189599 1915841.36868 0
935524.000691 1915841.02619 0
935523.901675 1915840.83834 0
935523.712682 1915840.48476 0
935523.523775 1915840.14228 0
935523.415889 1915839.9545 0
935523.334612 1915839.76651 0
935523.136664 1915839.40191 0
935523.028863 1915839.22522 0
935522.929932 1915839.04847 0
935522.839785 1915838.86055 0
935522.633053 1915838.50711 0
935522.444145 1915838.16462 0
935522.345044 1915837.96568 0
935522.165176 1915837.64532 0
935522.06616 1915837.45747 0
935521.877423 1915837.13717 0
935521.787191 1915836.93816 0
935521.688259 1915836.7614 0
935521.508222 1915836.41885 0
935521.319484 1915836.09856 0
935521.130662 1915835.76716 0
935520.950539 1915835.41352 0
935520.770672 1915835.09315 0
935520.581934 1915834.77286 0
935520.393026 1915834.43037 0
935520.204119 1915834.08789 0
935520.024166 1915833.75643 0
935519.835429 1915833.43614 0
935519.664431 1915833.1157 0
935519.574284 1915832.92779 0
935519.385462 1915832.5964 0
935519.196554 1915832.25391 0
935519.025471 1915831.92238 0
935518.845518 1915831.59093 0
935518.656696 1915831.25954 0
935518.476743 1915830.92808 0
935518.30566 1915830.59655 0
935518.116837 1915830.26516 0
935517.936969 1915829.9448 0
935517.757017 1915829.61334 0
935517.568109 1915829.27085 0
935517.388156 1915828.9394 0
935517.199418 1915828.6191 0
935517.01051 1915828.27662 0
935516.911579 1915828.09986 0
935516.731626 1915827.7684 0
935516.560628 1915827.44797 0
935516.37172 1915827.10549 0
935516.191767 1915826.77403 0
935516.020599 1915826.43141 0
935515.921667 1915826.25465 0
935515.750499 1915825.91203 0
935515.660352 1915825.72412 0
935515.480313 1915825.38156 0
935515.390167 1915825.19365 0
935515.210043 1915824.84 0
935515.119896 1915824.65208 0
935514.948643 1915824.29837 0
935514.858496 1915824.11045 0
935514.687242 1915823.75674 0
935514.58831 1915823.57998 0
935514.417057 1915823.22627 0
935514.245974 1915822.89474 0
935514.164696 1915822.70676 0
935513.993528 1915822.36414 0
935513.822359 1915822.02152 0
935513.651191 1915821.67889 0
935513.488892 1915821.33621 0
935513.326594 1915820.99352 0
935513.146555 1915820.65097 0
935512.975387 1915820.30835 0
935512.813173 1915819.97675 0
935512.714156 1915819.7889 0
935512.543158 1915819.46847 0
935512.444226 1915819.29171 0
935512.264273 1915818.96026 0
935512.07545 1915818.62887 0
935511.877842 1915818.30864 0
935511.689019 1915817.97725 0
935511.500281 1915817.65695 0
935511.293888 1915817.34789 0
935511.10532 1915817.04978 0
935510.925623 1915816.7516 0
935510.737055 1915816.45349 0
935510.557442 1915816.16641 0
935510.395655 1915815.89029 0
935510.224997 1915815.61423 0
935510.054339 1915815.33818 0
935509.892552 1915815.06205 0
935509.730679 1915814.77483 0
935509.568976 1915814.5098 0
935509.389193 1915814.20053 0
935509.22732 1915813.91332 0
935509.083272 1915813.63705 0
935508.930439 1915813.37196 0
935508.759526 1915813.06262 0
935508.588613 1915812.75328 0
935508.43561 1915812.46599 0
935508.264867 1915812.17884 0
935508.085083 1915811.86957 0
935507.914085 1915811.54914 0
935507.734387 1915811.25097 0
935507.563474 1915810.94163 0
935507.38369 1915810.63236 0
935507.203907 1915810.32309 0
935507.032994 1915810.01375 0
935506.85321 1915809.70448 0
935506.664472 1915809.38418 0
935506.484689 1915809.07491 0
935506.304905 1915808.76564 0
935506.125122 1915808.45637 0
935505.936469 1915808.14717 0
935505.7566 1915807.82681 0
935505.567947 1915807.51761 0
935505.388163 1915807.20834 0
935505.190725 1915806.9103 0
935504.993202 1915806.60116 0
935504.804464 1915806.28087 0
935504.607111 1915805.99392 0
935504.409673 1915805.69588 0
935504.221105 1915805.39777 0
935504.014882 1915805.1109 0
935503.826399 1915804.82388 0
935503.620176 1915804.537 0
935503.413953 1915804.25013 0
935503.216771 1915803.98537 0
935503.010548 1915803.69849 0
935502.80441 1915803.42271 0
935502.571493 1915803.12494 0
935502.347445 1915802.82711 0
935502.123567 1915802.55146 0
935501.89969 1915802.27581 0
935501.666857 1915801.98914 0
935501.451679 1915801.69123 0
935501.210147 1915801.42682 0
935500.96853 1915801.15131 0
935500.735782 1915800.87573 0
935500.494165 1915800.60022 0
935500.243763 1915800.33587 0
935500.011101 1915800.07138 0
935499.769569 1915799.80697 0
935499.528036 1915799.54255 0
935499.277634 1915799.2782 0
935499.036272 1915799.03597 0
935498.794825 1915798.78265 0
935498.553464 1915798.54042 0
935498.312102 1915798.29819 0
935498.06187 1915798.05603 0
935497.820593 1915797.8249 0
935497.579317 1915797.59376 0
935497.346995 1915797.37365 0
935497.105804 1915797.15361 0
935496.864612 1915796.93357 0
935496.614551 1915796.7136 0
935496.373444 1915796.50465 0
935496.141208 1915796.29564 0
935495.900187 1915796.09778 0
935495.659251 1915795.91102 0
935495.43597 1915795.71304 0
935495.212859 1915795.53723 0
935495.007573 1915795.37239 0
935494.802287 1915795.20755 0
935494.605871 1915795.04264 0
935494.418495 1915794.89985 0
935494.240075 1915794.76808 0
935494.079394 1915794.63618 0
935493.900973 1915794.50441 0
935493.669077 1915794.33977 0
935493.463877 1915794.18602 0
935493.285371 1915794.04317 0
935493.0713 1915793.88948 0
935492.901749 1915793.75765 0
935492.732284 1915793.63691 0
935492.571688 1915793.5161 0
935492.384398 1915793.38441 0
935492.214932 1915793.26367 0
935492.045552 1915793.15402 6
935491.858347 1915793.03342 6
935491.671056 1915792.90172 6
935491.483851 1915792.78112 6
935491.27882 1915792.64956 6
935491.082745 1915792.52902 6
935490.886584 1915792.39739 6
935490.690509 1915792.27686 6
935490.485479 1915792.1453 6
935490.316098 1915792.03565 6
935490.137848 1915791.92607 6
935489.959683 1915791.82759 6
935489.790303 1915791.71794 6
935489.612052 1915791.60837 6
