935512.178759 1915809.19624 0
935512.285722 1915809.39538 0
935512.393893 1915809.59589 0
935512.491827 1915809.77744 0
935512.607587 1915809.99222 0
935512.715173 1915810.19187 0
935512.830251 1915810.40517 0
935512.943795 1915810.61541 0
935513.064243 1915810.83795 0
935513.172053 1915811.03845 0
935513.284773 1915811.24867 0
935513.417541 1915811.49497 0
935513.53515 1915811.71515 0
935513.656712 1915811.94064 0
935513.780512 1915812.16995 0
935513.898737 1915812.38855 0
935514.006444 1915812.58966 0
935514.10841 1915812.78092 0
935514.212166 1915812.97342 0
935514.314206 1915813.16236 0
935514.41874 1915813.3561 0
935514.55932 1915813.61826 0
935514.67714 1915813.8371 0
935514.853689 1915814.165 0
935514.969375 1915814.37941 0
935515.084796 1915814.59626 0
935515.196295 1915814.80378 0
935515.303718 1915815.00244 0
935515.402312 1915815.18535 0
935515.49941 1915815.3653 0
935515.606886 1915815.5575 0
935515.733002 1915815.78733 0
935515.835312 1915815.97274 0
935515.932585 1915816.14842 0
935516.093852 1915816.44032 0
935516.190161 1915816.61672 0
935516.293099 1915816.80298 0
935516.407957 1915817.01019 0
935516.524254 1915817.21998 0
935516.648803 1915817.44466 0
935516.77249 1915817.66774 0
935516.913552 1915817.92222 0
935517.057835 1915818.18285 0
935517.208711 1915818.45543 0
935517.365785 1915818.73896 0
935517.498139 1915818.97939 0
935517.65079 1915819.2576 0
935517.762446 1915819.45975 0
935517.889139 1915819.68874 0
935518.023249 1915819.93115 0
935518.160542 1915820.18081 0
935518.310504 1915820.45252 0
935518.461107 1915820.72508 0
935518.61877 1915821.0107 0
935518.726357 1915821.20571 0
935518.838973 1915821.40982 0
935518.942118 1915821.59658 0
935519.04707 1915821.78642 0
935519.170603 1915822.00987 0
935519.291878 1915822.22913 0
935519.40804 1915822.43904 0
935519.622543 1915822.82807 0
935519.723939 1915823.01248 0
935519.889719 1915823.31214 0
935520.051373 1915823.60367 0
935520.203939 1915823.87969 0
935520.345373 1915824.13784 0
935520.487254 1915824.39489 0
935520.608629 1915824.61391 0
935520.722625 1915824.81963 0
935520.849938 1915825.04924 0
935520.982606 1915825.2887 0
935521.124927 1915825.54747 0
935521.269964 1915825.80958 0
935521.432666 1915826.10309 0
935521.577461 1915826.36421 0
935521.681845 1915826.55246 0
935521.793781 1915826.75437 0
935521.920542 1915826.98299 0
935522.035117 1915827.18958 0
935522.149469 1915827.39568 0
935522.270036 1915827.6131 0
935522.39594 1915827.84012 0
935522.539524 1915828.09903 0
935522.669187 1915828.3332 0
935522.77011 1915828.51541 0
935522.927523 1915828.79992 0
935523.069937 1915829.05698 0
935523.18204 1915829.25938 0
935523.281762 1915829.43937 0
935523.384433 1915829.62442 0
935523.498624 1915829.83002 0
935523.609629 1915830.02997 0
935523.725072 1915830.23791 0
935523.951037 1915830.64542 0
935524.10385 1915830.92108 0
935524.269132 1915831.21938 0
935524.427172 1915831.50439 0
935524.581665 1915831.78276 0
935524.740621 1915832.06925 0
935524.917647 1915832.38812 0
935525.079776 1915832.68016 0
935525.244538 1915832.97662 0
935525.410935 1915833.27617 0
935525.560232 1915833.54664 0
935525.678783 1915833.76281 0
935525.83768 1915834.0637 0
935525.974331 1915834.31713 0
935526.146161 1915834.63861 0
935526.245839 1915834.82666 0
935526.372747 1915835.06712 0
935526.481066 1915835.27227 0
935526.619755 1915835.5344 0
935526.723226 1915835.72982 0
935526.881065 1915836.02923 0
935527.051903 1915836.35216 0
935527.225839 1915836.68086 0
935527.322132 1915836.86263 0
935527.470527 1915837.14273 0
935527.589382 1915837.36708 0
935527.695282 1915837.56707 0
935527.797723 1915837.76053 0
935527.981995 1915838.1088 0
935528.080274 1915838.29451 0
935528.185819 1915838.494 0
935528.288632 1915838.68819 0
935528.393396 1915838.88608 0
935528.531663 1915839.14735 0
935528.690288 1915839.44702 0
935528.830484 1915839.71186 0
935528.939882 1915839.91861 0
935529.154389 1915840.32362 0
935529.257707 1915840.51868 0
935529.362602 1915840.71657 0
935529.468665 1915840.91668 0
935529.576067 1915841.12047 0
935529.670339 1915841.30025 0
935529.771169 1915841.49125 0
935529.892927 1915841.72126 0
935530.019749 1915841.96025 0
935530.150604 1915842.20676 1
935530.255677 1915842.40466 1
935530.408387 1915842.69263 1
935530.541696 1915842.94492 1
935530.722832 1915843.28655 1
935530.895895 1915843.61244 1
935531.066086 1915843.93303 1
935531.239653 1915844.2599 1
935531.464513 1915844.68387 1
935531.590758 1915844.92384 1
935531.711473 1915845.15176 1
935531.834605 1915845.3835 1
935531.954344 1915845.60872 1
935532.076365 1915845.83788 1
935532.185789 1915846.0439 1
935532.291208 1915846.24253 1
935532.397706 1915846.44313 1
935532.516617 1915846.66712 1
935532.622472 1915846.86612 1
935532.775416 1915847.15386 1
935532.876628 1915847.34449 1
935532.982899 1915847.54485 1
935533.089734 1915847.74594 1
935533.1936 1915847.9415 1
935533.333975 1915848.20573 1
935533.4528 1915848.43142 1
935533.561914 1915848.6378 1
935533.685841 1915848.87151 1
935533.810974 1915849.10816 1
935533.925804 1915849.32513 1
935534.040718 1915849.54197 1
935534.146061 1915849.74024 1
935534.252398 1915849.94023 1
935534.351468 1915850.12704 1
935534.448922 1915850.31115 1
935534.546763 1915850.4949 1
935534.662177 1915850.71163 1
935534.773646 1915850.92231 1
935534.970625 1915851.2941 1
935535.104167 1915851.54406 1
935535.221414 1915851.76302 1
935535.327331 1915851.96044 1
935535.428671 1915852.15071 1
935535.533497 1915852.34787 1
935535.645147 1915852.55819 1
935535.763461 1915852.78131 1
935535.886804 1915853.01379 1
935536.025699 1915853.27446 1
935536.163946 1915853.53365 1
935536.2977 1915853.78545 1
935536.399708 1915853.97744 1
935536.531145 1915854.22457 1
935536.632019 1915854.41422 1
935536.730838 1915854.59932 1
935536.833102 1915854.79119 1
935536.961709 1915855.03278 1
935537.075489 1915855.24632 1
935537.191756 1915855.46404 1
935537.319058 1915855.70231 1
935537.450026 1915855.9487 1
935537.582848 1915856.2006 1
935537.719267 1915856.45598 1
935537.824152 1915856.65131 1
935537.922963 1915856.83569 1
935538.027104 1915857.03039 1
935538.228493 1915857.40774 1
935538.325707 1915857.58989 1
935538.465573 1915857.84459 1
935538.569445 1915858.0321 1
935538.67389 1915858.22083 1
935538.791977 1915858.43394 1
935538.896402 1915858.62231 1
935538.998023 1915858.80575 1
935539.097364 1915858.98464 1
935539.220917 1915859.20723 1
935539.3434 1915859.42883 1
935539.471836 1915859.66175 1
935539.595704 1915859.88521 1
935539.740463 1915860.14609 1
935539.87186 1915860.38272 1
935540.016365 1915860.64311 1
935540.122573 1915860.83468 1
935540.238634 1915861.04446 1
935540.341532 1915861.23061 1
935540.450438 1915861.42747 1
935540.561545 1915861.62863 1
935540.737582 1915861.94651 1
935540.918521 1915862.27277 1
935541.114092 1915862.62586 1
935541.308464 1915862.97649 1
935541.41158 1915863.1624 1
935541.559151 1915863.4282 1
935541.6876 1915863.65942 1
935541.849479 1915863.95389 1
935541.94685 1915864.13409 1
935542.044808 1915864.31527 1
935542.184417 1915864.57119 1
935542.325281 1915864.8297 1
935542.44456 1915865.04893 1
935542.560133 1915865.26115 1
935542.672971 1915865.46844 1
935542.801103 1915865.70404 1
935542.917628 1915865.91896 1
935543.073315 1915866.20528 1
935543.226396 1915866.48618 1
935543.324049 1915866.66541 1
935543.424691 1915866.8503 1
935543.5388 1915867.05981 1
935543.652555 1915867.2687 1
935543.761999 1915867.46984 1
935543.933927 1915867.7857 1
935544.029919 1915867.9621 1
935544.189448 1915868.25531 1
935544.309237 1915868.4754 1
935544.429398 1915868.69624 1
935544.574739 1915868.96323 1
935544.701266 1915869.19576 1
935544.825802 1915869.42447 1
935544.963008 1915869.67632 1
935545.110018 1915869.94652 1
935545.2087 1915870.12771 1
935545.319726 1915870.33144 1
935545.47909 1915870.62416 1
935545.622136 1915870.88672 1
935545.762556 1915871.14449 1
935545.875031 1915871.35092 1
935545.97184 1915871.52843 1
935546.092277 1915871.74938 1
935546.285553 1915872.1039 1
935546.39399 1915872.30271 0
935546.508169 1915872.51209 0
935546.630175 1915872.73564 0
935546.754921 1915872.96423 0
935546.925921 1915873.27764 0
935547.106422 1915873.60816 0
935547.26836 1915873.90471 0
935547.429446 1915874.1999 0
935547.526602 1915874.37802 0
935547.694605 1915874.68613 0
935547.864383 1915874.99781 0
935547.991564 1915875.23132 0
935548.130331 1915875.48613 0
935548.314698 1915875.82452 0
935548.505506 1915876.17437 0
935548.681293 1915876.49615 0
935548.837102 1915876.78283 0
935549.012911 1915877.10779 0
935549.214443 1915877.47745 0
935549.322077 1915877.67465 0
935549.477633 1915877.95938 0
935549.629306 1915878.23697 0
935549.787395 1915878.52601 0
935549.937392 1915878.80076 0
935550.084332 1915879.07047 0
935550.253013 1915879.38006 0
935550.412645 1915879.67229 0
935550.562185 1915879.94582 0
935550.739733 1915880.27056 0
935550.904725 1915880.57203 0
935551.063822 1915880.86292 0
935551.230981 1915881.16846 0
935551.410279 1915881.49603 0
935551.592452 1915881.82877 0
935551.761676 1915882.13776 0
935551.859469 1915882.31614 0
935552.028147 1915882.62401 0
935552.171431 1915882.88561 0
935552.291515 1915883.10461 0
935552.500561 1915883.48549 0
935552.627243 1915883.71619 0
935552.752292 1915883.9443 0
935552.893075 1915884.20085 0
935553.038292 1915884.46564 0
935553.170521 1915884.70656 0
935553.312442 1915884.9652 0
935553.429455 1915885.17842 0
935553.608305 1915885.50427 0
935553.710635 1915885.69065 0
935553.895688 1915886.02784 0
935554.000122 1915886.21815 0
935554.179312 1915886.54463 0
935554.371456 1915886.89474 0
935554.565613 1915887.24829 0
935554.662845 1915887.42544 0
935554.855607 1915887.77653 0
935554.974343 1915887.99271 0
935555.161022 1915888.33272 0
935555.268085 1915888.52772 0
935555.454282 1915888.86712 0
935555.630353 1915889.18902 0
935555.730655 1915889.3744 0
935556.068093 1915889.99333 0
935556.185772 1915890.20839 0
935556.355762 1915890.51836 0
935556.514703 1915890.80827 0
935556.662679 1915891.07799 0
935556.814514 1915891.35448 0
935556.971387 1915891.63984 0
935557.100665 1915891.87522 0
935557.232037 1915892.12088 0
935557.39586 1915892.43088 0
935557.528744 1915892.6801 0
935557.628804 1915892.86962 0
935557.746021 1915893.09236 0
935557.864914 1915893.31793 0
935558.001742 1915893.57734 0
935558.119831 1915893.80119 0
935558.225373 1915894.00215 0
935558.326235 1915894.19473 0
935558.422478 1915894.37686 0
935558.533015 1915894.58509 0
935558.638803 1915894.78447 0
935558.748647 1915894.99171 0
935558.864348 1915895.21028 0
935558.993147 1915895.45394 0
935559.107253 1915895.66992 0
935559.220019 1915895.88356 0
935559.354834 1915896.13891 0
935559.479311 1915896.3747 0
935559.599556 1915896.60298 0
935559.747158 1915896.88282 2
935559.937197 1915897.24352 2
935560.039135 1915897.43685 2
935560.145428 1915897.63854 2
935560.247184 1915897.8315 2
935560.521213 1915898.35119 2
935560.667943 1915898.62956 2
935560.765248 1915898.81415 2
935560.906972 1915899.08304 2
935561.015727 1915899.28941 2
935561.141195 1915899.52717 2
935561.250444 1915899.73441 2
935561.443703 1915900.10076 2
935561.575357 1915900.35009 2
935561.747606 1915900.67657 2
935561.89969 1915900.96454 2
935562.057384 1915901.26285 2
935562.205278 1915901.5438 2
935562.314349 1915901.75164 2
935562.416749 1915901.94608 2
935562.522949 1915902.14716 2
935562.625729 1915902.34124 2
935562.81356 1915902.6964 2
935562.984896 1915903.0103 2
935563.099412 1915903.22299 2
935563.259764 1915903.51988 2
935563.388522 1915903.75818 2
935563.507738 1915903.9785 2
935563.696382 1915904.32807 2
935563.795449 1915904.5122 2
935563.905276 1915904.71542 2
935564.051643 1915904.98585 2
935564.165379 1915905.19608 2
935564.287125 1915905.42084 2
935564.409791 1915905.64745 2
935564.529264 1915905.8684 2
935564.659398 1915906.10891 2
935564.786766 1915906.3445 2
935564.885133 1915906.52655 2
935564.990054 1915906.72054 2
935565.122073 1915906.96486 2
935565.290107 1915907.27554 2
935565.396175 1915907.47174 2
935565.491628 1915907.6502 2
935565.614775 1915907.87902 2
935565.784061 1915908.19203 2
935565.887562 1915908.38294 2
935566.048951 1915908.68058 2
935566.181736 1915908.92541 2
935566.289867 1915909.12494 2
935566.386689 1915909.30366 2
935566.501805 1915909.51636 2
935566.616142 1915909.72758 2
935566.713986 1915909.90828 2
935566.832072 1915910.12627 2
935566.937972 1915910.32198 2
935567.042557 1915910.51499 2
935567.161115 1915910.73372 2
935567.274159 1915910.94236 2
935567.437987 1915911.24418 2
935567.592149 1915911.52828 2
935567.72022 1915911.76425 2
935567.896671 1915912.08909 2
935568.03403 1915912.34107 2
935568.169399 1915912.58887 2
935568.301111 1915912.83112 2
935568.428046 1915913.06585 2
935568.547193 1915913.28617 2
935568.667413 1915913.50737 2
935568.77185 1915913.69916 2
935568.877183 1915913.89218 2
935569.033485 1915914.17911 2
935569.166089 1915914.42284 2
935569.276876 1915914.62644 2
935569.398685 1915914.8501 2
935569.530552 1915915.09199 2
935569.667673 1915915.34445 2
935569.86305 1915915.70572 2
935570.015374 1915915.98454 2
935570.169246 1915916.2668 2
935570.281396 1915916.47237 2
935570.409502 1915916.70736 2
935570.579442 1915917.01953 2
935570.742826 1915917.31952 2
935570.840258 1915917.49826 2
935570.994949 1915917.78224 2
935571.124007 1915918.01944 2
935571.245673 1915918.24298 2
935571.439069 1915918.59787 2
935571.540687 1915918.78436 2
935571.65034 1915918.98563 2
935571.763443 1915919.19317 2
935571.85956 1915919.36944 2
935572.14413 1915919.89174 2
935572.280395 1915920.14199 2
935572.4323 1915920.42081 2
935572.592416 1915920.71452 2
935572.706466 1915920.92366 2
935572.824325 1915921.13982 2
935572.922893 1915921.32052 2
935573.080543 1915921.60931 2
935573.218548 1915921.86216 2
935573.361914 1915922.12509 2
935573.502301 1915922.38212 2
935573.642714 1915922.63915 2
935573.762084 1915922.85741 2
935573.870302 1915923.05536 2
935574.059398 1915923.40188 2
935574.159855 1915923.58615 2
935574.257091 1915923.76476 2
935574.511041 1915924.23056 2
935574.665841 1915924.51443 2
935574.807717 1915924.77441 2
935574.960987 1915925.05544 2
935575.097264 1915925.30533 2
935575.238024 1915925.5631 2
935575.403314 1915925.8658 2
935575.531558 1915926.10189 2
935575.641206 1915926.30486 2
935575.776468 1915926.55339 2
935575.88581 1915926.75404 2
935575.986653 1915926.93893 2
935576.094196 1915927.13564 2
935576.209921 1915927.34738 2
935576.320444 1915927.54975 2
935576.436863 1915927.76369 2
935576.559349 1915927.9892 2
935576.75905 1915928.35504 2
935576.969669 1915928.74035 2
935577.084449 1915928.9506 2
935577.218065 1915929.19544 2
935577.355691 1915929.44767 2
935577.461227 1915929.64106 2
935577.567796 1915929.83617 2
935577.669952 1915930.0234 2
935577.785584 1915930.23525 2
935577.888943 1915930.42458 2
935577.999016 1915930.62621 2
935578.141628 1915930.88743 2
935578.299046 1915931.17548 2
935578.423003 1915931.40296 2
935578.527782 1915931.59719 2
935578.663797 1915931.84756 2
935578.835203 1915932.16208 2
935578.945172 1915932.3631 2
935579.150002 1915932.73879 2
935579.290693 1915932.99632 2
935579.405346 1915933.20596 2
935579.576586 1915933.51937 2
935579.673567 1915933.697 2
935579.812966 1915933.95231 2
935579.932939 1915934.17301 2
935580.029993 1915934.35174 2
935580.179174 1915934.62539 2
935580.278058 1915934.80634 2
935580.381554 1915934.99567 2
935580.489779 1915935.19362 2
935580.610914 1915935.4235 2
935580.754948 1915935.72537 2
935580.867582 1915935.99209 2
935580.980993 1915936.26517 2
935581.06213 1915936.47208 2
935581.163857 1915936.74119 2
935581.246678 1915936.96119 2
935581.328535 1915937.17799 2
935581.457662 1915937.52003 2
935581.551535 1915937.76985 2
935581.633047 1915937.9858 2
935581.710844 1915938.21426 2
935581.778864 1915938.4461 2
935581.849951 1915938.69325 2
935581.910192 1915938.92021 2
935581.962012 1915939.1236 2
935582.01294 1915939.32748 2
935582.06667 1915939.54323 2
935582.107962 1915939.75598 2
935582.1524 1915939.96267 2
935582.201317 1915940.21935 2
935582.241541 1915940.43159 2
935582.293375 1915940.71932 2
935582.329229 1915940.92148 2
935582.364054 1915941.11973 2
935582.400319 1915941.3479 2
935582.423529 1915941.56048 2
935582.446293 1915941.77623 2
935582.469961 1915942.09133 2
935582.481443 1915942.30812 2
935582.474259 1915942.54097 2
935582.446934 1915942.76935 2
935582.405832 1915942.99446 2
935582.357224 1915943.20432 2
935582.299855 1915943.40244 2
935582.237391 1915943.61452 2
935582.164992 1915943.81485 2
935582.095429 1915944.01767 2
935582.006167 1915944.26801 2
935581.921597 1915944.47302 2
935581.838761 1915944.67307 2
935581.744163 1915944.84961 2
935581.644638 1915945.03865 2
935581.546578 1915945.21905 2
935581.444622 1915945.39975 2
935581.33457 1915945.59277 2
935581.220242 1915945.79475 2
935581.111896 1915945.98646 2
935581.007562 1915946.1709 2
935580.877037 1915946.40155 2
935580.762686 1915946.60256 2
935580.658986 1915946.78555 2
935580.524886 1915947.00162 2
935580.400311 1915947.17306 2
935580.284429 1915947.34024 2
935580.147149 1915947.52892 2
935580.009316 1915947.71369 2
935579.881395 1915947.88544 2
935579.727096 1915948.09277 2
935579.591074 1915948.27586 2
935579.462418 1915948.44808 2
935579.342612 1915948.60922 2
935579.197853 1915948.80389 2
935579.068642 1915948.96585 2
935578.928468 1915949.14192 2
935578.791681 1915949.31414 2
935578.662663 1915949.47305 2
935578.53134 1915949.63474 2
935578.38096 1915949.82053 2
935578.241072 1915949.97085 2
935578.09626 1915950.11573 2
935577.942989 1915950.2512 2
935577.773864 1915950.37214 2
935577.602354 1915950.49768 4
935577.424652 1915950.62177 4
935577.254035 1915950.73524 4
935577.082894 1915950.84407 4
935576.901257 1915950.94736 4
935576.727198 1915951.04613 4
935576.532247 1915951.15385 4
935576.350716 1915951.25458 4
935576.156587 1915951.36218 4
935575.953392 1915951.47343 4
935575.773461 1915951.57357 4
935575.558655 1915951.69367 4
935575.340175 1915951.81553 4
935575.045708 1915951.97915 4
935574.798387 1915952.11618 4
935574.60661 1915952.22211 4
935574.390714 1915952.34145 4
935574.179979 1915952.45807 4
935573.955694 1915952.58216 4
935573.734191 1915952.70496 4
935573.514413 1915952.82351 4
935573.295338 1915952.94011 4
935573.071672 1915953.05811 4
935572.846645 1915953.1778 4
935572.645001 1915953.2848 4
935572.467543 1915953.37949 4
935572.275268 1915953.482 4
935572.080219 1915953.58606 4
935571.851428 1915953.698 4
935571.625489 1915953.81144 4
935571.433494 1915953.90566 4
935571.208769 1915954.01351 4
935571.005477 1915954.10999 4
935570.815364 1915954.20143 4
935570.601149 1915954.30421 4
935570.382103 1915954.40959 4
935570.199193 1915954.49724 4
935570.01158 1915954.58737 4
935569.786486 1915954.69559 4
935569.560356 1915954.80257 4
935569.371305 1915954.89341 4
935569.157374 1915954.99631 4
935568.967145 1915955.08763 4
935568.76113 1915955.18699 4
935568.574634 1915955.2769 4
935568.378954 1915955.36301 4
935568.162057 1915955.46269 4
935567.955088 1915955.55899 4
935567.689004 1915955.70084 4
935567.504166 1915955.79652 4
935567.306135 1915955.90418 4
935567.098069 1915956.0206 4
935566.914052 1915956.12202 4
935566.716386 1915956.22994 4
935566.527332 1915956.33567 4
935566.334705 1915956.44282 4
935566.138964 1915956.55174 4
935565.915126 1915956.67364 4
935565.724166 1915956.77788 4
935565.496886 1915956.90205 4
935565.273305 1915957.02383 4
935564.998803 1915957.17227 4
935564.79538 1915957.28082 4
935564.589971 1915957.3913 4
935564.392355 1915957.498 4
935564.141211 1915957.63387 4
935563.935438 1915957.74324 4
935563.742854 1915957.84648 4
935563.500469 1915957.97712 4
935563.317358 1915958.07526 4
935563.138133 1915958.17151 4
935562.923849 1915958.2871 4
935562.738771 1915958.38643 4
935562.523411 1915958.50224 4
935562.337135 1915958.60277 4
935562.13724 1915958.70992 4
935561.930633 1915958.82087 4
935561.710469 1915958.93978 4
935561.511745 1915959.04609 4
935561.289626 1915959.16228 4
935561.108239 1915959.25996 4
935560.917464 1915959.36287 4
935560.697759 1915959.48093 4
935560.461287 1915959.60739 4
935560.216244 1915959.73799 4
935559.998837 1915959.85425 4
935559.749799 1915959.98723 4
935559.487074 1915960.12767 4
935559.30546 1915960.22474 4
935559.103404 1915960.3332 4
935558.917969 1915960.4324 4
935558.741022 1915960.52759 4
935558.546198 1915960.63213 4
935558.359955 1915960.7323 4
935558.177145 1915960.83093 4
935557.938019 1915960.95979 4
935557.706133 1915961.08462 4
935557.523255 1915961.183 4
935557.326494 1915961.28898 4
935557.126878 1915961.39675 4
935556.896807 1915961.52111 4
935556.714295 1915961.61951 4
935556.491281 1915961.73971 4
935556.227085 1915961.88245 4
935556.022676 1915961.99307 4
935555.806152 1915962.11045 4
935555.58806 1915962.22854 4
935555.329906 1915962.36832 4
935555.103707 1915962.49068 4
935554.889377 1915962.60651 4
935554.64822 1915962.73692 4
935554.417843 1915962.86165 4
935554.158142 1915963.00421 4
935553.919646 1915963.13321 4
935553.723123 1915963.23931 4
935553.462464 1915963.38028 4
935553.284756 1915963.47679 4
935553.005741 1915963.62943 4
935552.728489 1915963.78001 4
935552.549075 1915963.87736 4
935552.353305 1915963.9836 4
935552.15855 1915964.0746 4
935551.962116 1915964.18498 4
935551.786699 1915964.28397 4
935551.610132 1915964.38429 4
935551.425033 1915964.48948 4
935551.225615 1915964.60213 4
935551.036558 1915964.70371 4
935550.84984 1915964.80448 4
935550.668899 1915964.89997 4
935550.489377 1915964.99329 4
935550.30801 1915965.08706 4
935550.104401 1915965.19293 4
935549.910088 1915965.29456 4
935549.731394 1915965.38667 4
935549.518405 1915965.49727 4
935549.315347 1915965.60327 4
935549.098869 1915965.71626 4
935548.921511 1915965.809 4
935548.726309 1915965.91061 4
935548.493264 1915966.03188 3
935548.27621 1915966.14388 3
935548.084893 1915966.24323 3
935547.899068 1915966.34011 3
935547.703579 1915966.44245 3
935547.489736 1915966.55365 3
935547.260987 1915966.6723 3
935546.999983 1915966.8074 3
935546.7606 1915966.93125 3
935546.520588 1915967.05546 3
935546.33965 1915967.14924 3
935545.968487 1915967.34069 3
935545.776282 1915967.43319 3
935545.52293 1915967.54291 3
935545.32404 1915967.63409 3
935545.122798 1915967.72072 3
935544.882435 1915967.821 3
935544.654178 1915967.91513 3
935544.454394 1915967.99275 3
935544.223456 1915968.07464 3
935544.021017 1915968.14306 3
935543.827062 1915968.20405 3
935543.598191 1915968.24912 3
935543.398386 1915968.28293 3
935543.196091 1915968.30559 3
935542.996216 1915968.32695 3
935542.790023 1915968.34491 3
935542.565796 1915968.36699 3
935542.348685 1915968.38014 3
935542.103882 1915968.37797 3
935541.878813 1915968.37892 3
935541.667001 1915968.37763 3
935541.418909 1915968.37346 3
935541.211359 1915968.36333 3
935540.98728 1915968.35234 3
935540.772757 1915968.33844 3
935540.564369 1915968.315 3
935540.335153 1915968.29502 3
935540.12911 1915968.27479 3
935539.889275 1915968.24951 3
935539.686947 1915968.22702 3
935539.471545 1915968.20433 3
935539.240517 1915968.17186 3
935539.033192 1915968.11952 3
935538.836799 1915968.05258 3
935538.624976 1915967.98223 3
935538.41223 1915967.90515 3
935538.195982 1915967.82032 3
935538.002817 1915967.74465 3
935537.804286 1915967.66707 3
935537.600197 1915967.58622 3
935537.413189 1915967.51272 3
935537.178678 1915967.4104 3
935536.992766 1915967.32715 3
935536.790625 1915967.23389 3
935536.588015 1915967.13781 3
935536.360928 1915967.01693 3
935536.191223 1915966.90002 3
935536.031126 1915966.76727 3
935535.873129 1915966.64139 3
935535.722896 1915966.48806 3
935535.576966 1915966.33235 3
935535.44093 1915966.18522 3
935535.288961 1915966.01757 3
935535.135201 1915965.85051 3
935534.974894 1915965.66785 3
935534.838066 1915965.49789 3
935534.71357 1915965.33154 3
935534.584704 1915965.16109 3
935534.461778 1915964.98622 3
935534.349012 1915964.80602 3
935534.243751 1915964.6335 3
935534.134711 1915964.4475 3
935534.032863 1915964.27346 3
935533.921395 1915964.08412 3
935533.799899 1915963.87572 3
935533.678225 1915963.66829 3
935533.576559 1915963.49558 3
935533.455018 1915963.27717 3
935533.351381 1915963.08686 3
935533.240556 1915962.87069 3
935533.144847 1915962.6843 3
935533.026663 1915962.45447 3
935532.935712 1915962.27559 3
935532.827648 1915962.07325 3
935532.693073 1915961.81863 3
935532.592006 1915961.62922 3
935532.496646 1915961.45161 3
935532.397697 1915961.26785 3
935532.286252 1915961.0618 3
935532.171383 1915960.84801 3
935532.046601 1915960.6149 3
935531.915842 1915960.37059 3
935531.737175 1915960.03693 3
935531.628416 1915959.83348 3
935531.501232 1915959.59594 0
935531.369944 1915959.35089 0
935531.223089 1915959.07716 0
935531.081607 1915958.81413 0
935530.982157 1915958.62914 0
935530.815576 1915958.3191 0
935530.66243 1915958.03417 0
935530.492753 1915957.71797 0
935530.316829 1915957.39033 0
935530.136916 1915957.05482 0
935530.015177 1915956.8281 0
935529.88543 1915956.58686 0
935529.717817 1915956.27497 0
935529.622202 1915956.09699 0
935529.497143 1915955.86425 0
935529.383324 1915955.65242 0
935529.224435 1915955.35654 0
935529.084181 1915955.0956 0
935528.968628 1915954.88058 0
935528.85895 1915954.67651 0
935528.752573 1915954.47859 0
935528.647551 1915954.28339 0
935528.531833 1915954.06824 0
935528.426393 1915953.8707 0
935528.313491 1915953.66024 0
935528.199074 1915953.44767 0
935528.076699 1915953.22009 0
935527.974195 1915953.02919 0
935527.872504 1915952.84014 0
935527.763609 1915952.63767 0
935527.651189 1915952.42879 0
935527.533512 1915952.21008 0
935527.413812 1915951.98803 0
935527.238206 1915951.66137 0
935527.123906 1915951.44881 0
935527.024302 1915951.26357 0
935526.875883 1915950.98774 0
935526.741763 1915950.73898 0
935526.645866 1915950.561 0
935526.540483 1915950.36567 0
935526.441218 1915950.18165 0
935526.3355 1915949.9857 0
935526.219721 1915949.77092 0
935526.119367 1915949.58481 0
935526.005573 1915949.37384 0
935525.903841 1915949.18515 0
935525.782546 1915948.96016 0
935525.66088 1915948.73466 0
935525.559443 1915948.54671 0
935525.447465 1915948.33919 0
935525.334993 1915948.1308 0
935525.214521 1915947.9074 0
935525.095268 1915947.68622 0
935524.964725 1915947.44423 0
935524.835796 1915947.20532 0
935524.734965 1915947.01835 0
935524.557171 1915946.68897 0
935524.385771 1915946.37044 0
935524.260601 1915946.13769 0
935524.118077 1915945.87367 0
935524.002241 1915945.65876 0
935523.893274 1915945.45641 0
935523.773932 1915945.23449 0
935523.673006 1915945.04704 0
935523.577768 1915944.87016 0
935523.482878 1915944.69391 0
935523.384151 1915944.51064 0
935523.269979 1915944.29917 0
935523.1275 1915944.03491 0
935523.016093 1915943.82727 0
935522.899311 1915943.6104 0
935522.793865 1915943.41494 0
935522.683552 1915943.21074 0
935522.587489 1915943.03288 0
935522.489238 1915942.85108 0
935522.327604 1915942.55197 0
935522.20471 1915942.32439 0
935522.069436 1915942.07378 0
935521.945142 1915941.84324 0
935521.821247 1915941.61357 0
935521.722042 1915941.42943 0
935521.586694 1915941.1698 0
935521.480249 1915940.9554 0
935521.340097 1915940.68642 0
935521.214815 1915940.44037 0
935521.095839 1915940.20466 0
935520.991707 1915939.99824 0
935520.883678 1915939.78309 0
935520.76462 1915939.5458 0
935520.646744 1915939.3089 0
935520.500741 1915939.01615 0
935520.391077 1915938.7906 0
935520.284422 1915938.55936 0
935520.198344 1915938.37458 0
935520.093299 1915938.14789 0
935520.009497 1915937.93727 0
935519.928874 1915937.71194 0
935519.86927 1915937.51208 0
935519.818464 1915937.31358 0
935519.761581 1915937.09656 0
935519.706717 1915936.87054 0
935519.660331 1915936.67297 0
935519.61226 1915936.46938 0
935519.563361 1915936.2614 0
935519.514557 1915936.05841 0
935519.462773 1915935.83952 33
935519.406893 1915935.60311 33
935519.354698 1915935.38262 33
935519.300612 1915935.15405 33
935519.239807 1915934.89877 33
935519.185521 1915934.67227 33
935519.12469 1915934.41967 33
935519.066885 1915934.17518 33
935519.019204 1915933.97173 33
935518.978274 1915933.71286 33
935518.932968 1915933.47381 33
935518.892529 1915933.25863 33
935518.853636 1915933.04141 33
935518.809309 1915932.78809 33
935518.77229 1915932.57529 33
935518.737264 1915932.37399 33
935518.698283 1915932.15274 33
935518.664491 1915931.95304 33
935518.643766 1915931.74904 33
935518.614427 1915931.54564 33
935518.600302 1915931.3321 33
935518.596467 1915931.12983 33
935518.596979 1915930.91225 33
935518.599729 1915930.70594 33
935518.604652 1915930.50246 33
935518.608666 1915930.28323 33
935518.614135 1915930.04328 33
935518.619385 1915929.79942 33
935518.623982 1915929.58093 33
935518.629684 1915929.35611 33
935518.654002 1915929.09462 33
935518.677877 1915928.83799 33
935518.717304 1915928.60321 33
935518.749185 1915928.3915 33
935518.783832 1915928.18582 33
935518.823352 1915927.96825 33
935518.872194 1915927.70153 33
935518.917542 1915927.45122 33
935518.960454 1915927.21467 33
935519.00872 1915926.9483 33
935519.045201 1915926.74692 33
935519.086883 1915926.5162 33
935519.127182 1915926.29242 33
935519.177964 1915926.0721 33
935519.234623 1915925.85456 33
935519.283582 1915925.64068 33
935519.350061 1915925.41366 33
935519.421287 1915925.20037 33
935519.503378 1915925.00117 33
935519.578874 1915924.81163 33
935519.661858 1915924.61428 33
935519.751947 1915924.40495 33
935519.835885 1915924.21115 33
935519.918766 1915924.01795 33
935520.008977 1915923.82058 33
935520.100115 1915923.61884 33
935520.192774 1915923.42652 33
935520.294265 1915923.23581 33
935520.407117 1915923.04625 33
935520.523274 1915922.86419 5
935520.640486 1915922.68251 5
935520.764346 1915922.49654 5
935520.88309 1915922.31964 5
935521.014421 1915922.12147 5
935521.136295 1915921.93754 5
935521.280038 1915921.72053 5
935521.420303 1915921.52994 5
935521.560825 1915921.34863 5
935521.72751 1915921.13942 5
935521.857982 1915920.97772 5
935522.011664 1915920.78954 5
935522.140285 1915920.63208 5
935522.287969 1915920.45137 5
935522.443957 1915920.26274 5
935522.578587 1915920.09781 5
935522.71736 1915919.92721 5
935522.860897 1915919.76047 5
935523.154475 1915919.45382 5
935523.33116 1915919.28382 5
935523.505621 1915919.14539 5
935523.681939 1915918.99553 5
935523.845653 1915918.86364 5
935524.003904 1915918.74009 5
935524.188847 1915918.59658 5
935524.375318 1915918.45163 5
935524.55315 1915918.31375 5
935524.721638 1915918.19072 5
935524.90663 1915918.06052 5
935525.095273 1915917.93891 5
935525.28493 1915917.81329 5
935525.466353 1915917.71269 5
935525.646978 1915917.60645 5
935525.833396 1915917.49909 5
935526.020724 1915917.39101 5
935526.19344 1915917.29014 5
935526.368777 1915917.18724 5
935526.549459 1915917.09394 5
935526.726063 1915916.99509 5
935526.917351 1915916.88255 5
935527.116567 1915916.76697 5
935527.291863 1915916.66444 5
935527.474891 1915916.5569 5
935527.666009 1915916.44522 5
935527.953788 1915916.27686 5
935528.154323 1915916.15947 5
935528.328954 1915916.05692 5
935528.517628 1915915.9463 5
935528.718949 1915915.82831 5
935528.929128 1915915.70485 5
935529.152804 1915915.57367 5
935529.391178 1915915.43394 5
935529.666 1915915.27282 5
935529.924976 1915915.12084 5
935530.182208 1915914.96945 5
935530.460341 1915914.8057 5
935530.748913 1915914.63637 5
935531.010911 1915914.48261 5
935531.207554 1915914.36724 5
935531.426615 1915914.23867 5
935531.651439 1915914.10665 5
935531.881022 1915913.97166 5
935532.137398 1915913.82111 5
935532.355456 1915913.69326 5
935532.575441 1915913.56398 5
935532.841636 1915913.40748 5
935533.085776 1915913.26405 5
935533.317909 1915913.12788 5
935533.557858 1915912.98708 5
935533.793742 1915912.84914 5
935534.03011 1915912.71267 5
935534.240951 1915912.59288 5
935534.426594 1915912.49112 5
935534.606324 1915912.38938 5
935534.819095 1915912.27036 5
935535.075658 1915912.12835 5
935535.295415 1915912.00699 5
935535.504868 1915911.89145 5
935535.717155 1915911.77425 5
935535.935589 1915911.65372 5
935536.17232 1915911.52361 5
935536.418423 1915911.38815 5
935536.701444 1915911.23191 5
935536.947013 1915911.09632 5
935537.227066 1915910.94127 5
935537.419854 1915910.83413 5
935537.641944 1915910.71098 5
935537.921421 1915910.55627 5
935538.11931 1915910.4469 5
935538.35443 1915910.31687 5
935538.576997 1915910.19385 5
935538.785915 1915910.07855 5
935538.975061 1915909.97416 5
935539.259672 1915909.81685 5
935539.521136 1915909.67236 5
935539.752582 1915909.54448 5
935539.987706 1915909.41434 5
935540.240211 1915909.27471 5
935540.441059 1915909.16367 5
935540.638524 1915909.05453 5
935540.836922 1915908.94491 5
935541.036773 1915908.83434 5
935541.223431 1915908.73089 5
935541.409844 1915908.62792 5
935541.642764 1915908.49921 5
935541.868335 1915908.37404 5
935542.089421 1915908.25148 5
935542.405529 1915908.07649 5
935542.798441 1915907.85891 5
935542.996988 1915907.74906 5
935543.187616 1915907.64347 5
935543.384838 1915907.5342 5
935543.581749 1915907.42566 5
935543.772242 1915907.32129 5
935543.967504 1915907.21346 5
935544.196586 1915907.08627 5
935544.448016 1915906.94675 5
935544.726706 1915906.79228 5
935545.001754 1915906.6408 5
935545.178413 1915906.54317 5
935545.369996 1915906.43674 5
935545.570115 1915906.32557 5
935545.796873 1915906.19956 5
935545.977361 1915906.09955 5
935546.217131 1915905.96667 5
935546.455962 1915905.8372 5
935546.611619 1915905.70006 5
935546.79417 1915905.60752 5
935546.980187 1915905.51297 5
935547.169247 1915905.41687 5
935547.360722 1915905.31948 5
935547.558988 1915905.21853 3
935547.753428 1915905.11959 3
935547.943071 1915905.02314 3
935548.150817 1915904.91599 3
935548.378972 1915904.79098 3
935548.57357 1915904.68326 3
935548.801094 1915904.55849 3
935548.990375 1915904.4541 3
935549.225647 1915904.32469 3
935549.419346 1915904.21366 3
935549.593758 1915904.10159 3
935549.781292 1915903.98302 3
935549.946036 1915903.85798 3
935550.1318 1915903.72352 3
935550.306359 1915903.59156 3
935550.472579 1915903.4646 3
935550.661396 1915903.32066 3
935550.849333 1915903.17623 3
935551.028711 1915903.03495 3
935551.233396 1915902.87247 3
935551.41008 1915902.7292 3
935551.576608 1915902.58735 3
935551.741828 1915902.41302 3
935551.879498 1915902.26254 3
935552.016191 1915902.11314 3
935552.159433 1915901.95018 3
935552.292627 1915901.79243 3
935552.42844 1915901.60201 3
935552.545484 1915901.43778 3
935552.649455 1915901.25626 3
935552.75237 1915901.07301 3
935552.871982 1915900.85256 3
935552.965782 1915900.67344 3
935553.06514 1915900.48317 3
935553.144001 1915900.29832 3
935553.229933 1915900.08796 3
935553.313725 1915899.87622 3
935553.376364 1915899.67378 3
935553.429406 1915899.48059 3
935553.492351 1915899.26656 3
935553.543516 1915899.04003 3
935553.582151 1915898.84038 3
935553.624602 1915898.61908 3
935553.638644 1915898.41721 3
935553.655135 1915898.20758 3
935553.654083 1915897.99827 3
935553.65311 1915897.79141 3
935553.631328 1915897.58178 3
935553.594167 1915897.37984 3
935553.554366 1915897.18151 3
935553.510098 1915896.97128 3
935553.440439 1915896.73892 3
935553.373027 1915896.53589 3
935553.293493 1915896.35133 3
935553.211028 1915896.15099 3
935553.121455 1915895.94602 3
935553.026802 1915895.72791 3
935552.94229 1915895.53546 3
935552.835668 1915895.29361 3
935552.733935 1915895.0638 3
935552.62997 1915894.85982 3
935552.531576 1915894.65129 3
935552.426665 1915894.43314 3
935552.327004 1915894.22899 3
935552.209753 1915894.01198 3
935552.108692 1915893.8194 3
935552.009091 1915893.63123 3
935551.913037 1915893.45313 3
935551.804831 1915893.25054 3
935551.683137 1915893.02493 3
935551.573104 1915892.82098 6
935551.469028 1915892.6281 6
935551.37224 1915892.44815 6
935551.269082 1915892.25578 6
935551.166391 1915892.06402 6
935551.053521 1915891.85405 6
935550.942343 1915891.64751 6
935550.812689 1915891.40774 6
935550.68334 1915891.16821 6
935550.562398 1915890.94517 6
935550.446016 1915890.73086 6
935550.349499 1915890.55068 6
935550.222959 1915890.29753 6
935550.108808 1915890.07838 6
935549.981434 1915889.83168 6
935549.881788 1915889.63741 6
935549.780843 1915889.43946 6
935549.641247 1915889.16572 6
935549.532709 1915888.9524 6
935549.428565 1915888.74744 6
935549.31419 1915888.52316 6
935549.201281 1915888.30244 6
935548.986704 1915887.88217 6
935548.88462 1915887.68201 6
935548.789315 1915887.49464 6
935548.697901 1915887.31514 6
935548.597962 1915887.11892 6
935548.490752 1915886.90866 6
935548.392899 1915886.71674 6
935548.282633 1915886.50034 6
935548.168031 1915886.27532 6
935548.062519 1915886.06851 6
935547.947942 1915885.84411 6
935547.829954 1915885.61306 6
935547.702203 1915885.36294 6
935547.578054 1915885.11983 6
935547.46277 1915884.89432 6
935547.336656 1915884.6474 6
935547.199783 1915884.37956 6
935547.074094 1915884.13363 6
935546.965997 1915883.92214 6
935546.813275 1915883.6233 6
935546.680581 1915883.36383 6
935546.566439 1915883.14077 6
935546.468886 1915882.94971 6
935546.317812 1915882.65431 6
935546.186194 1915882.39717 6
935546.063736 1915882.15788 6
935545.967839 1915881.9694 6
935545.873215 1915881.78815 6
935545.772946 1915881.60449 6
935545.638976 1915881.35366 6
935545.524788 1915881.13878 6
935545.391678 1915880.88992 6
935545.24664 1915880.61963 6
935545.111531 1915880.3683 6
935544.960606 1915880.08743 6
935544.813241 1915879.81113 6
935544.703938 1915879.6078 6
935544.494781 1915879.21971 6
935544.332841 1915878.91914 6
935544.156962 1915878.59235 6
935544.037798 1915878.37092 6
935543.902469 1915878.11934 6
935543.783025 1915877.89706 6
935543.683118 1915877.7112 6
935543.534976 1915877.43574 6
935543.394556 1915877.17481 6
935543.292256 1915876.98477 6
935543.111714 1915876.64912 6
935543.016228 1915876.47151 6
935542.897075 1915876.24997 6
935542.759735 1915875.99445 6
935542.642471 1915875.7761 6
935542.463674 1915875.44341 6
935542.358719 1915875.24833 6
935542.194893 1915874.94357 6
935542.069094 1915874.70972 6
935541.905894 1915874.4062 6
935541.770937 1915874.15511 6
935541.610192 1915873.85614 6
935541.482554 1915873.61859 6
935541.363457 1915873.39705 6
935541.234407 1915873.15679 6
935541.113543 1915872.93204 6
935540.985683 1915872.69437 6
935540.858765 1915872.45854 6
935540.731535 1915872.22198 6
935540.60586 1915871.98837 6
935540.496626 1915871.78528 6
935540.328119 1915871.47216 6
935540.184559 1915871.20556 6
935540.070721 1915870.9941 6
935539.919992 1915870.71421 6
935539.801585 1915870.4945 6
935539.672387 1915870.25473 6
935539.542483 1915870.01385 6
935539.443603 1915869.83046 6
935539.2887 1915869.54171 6
935539.158255 1915869.29863 6
935539.051037 1915869.0996 6
935538.928748 1915868.87215 6
935538.827932 1915868.67822 6
935538.666808 1915868.35521 6
935538.549574 1915868.12247 6
935538.440114 1915867.90424 6
935538.33468 1915867.69133 6
935538.228715 1915867.47646 6
935538.097487 1915867.21042 6
935538.004075 1915867.02089 6
935537.893359 1915866.79691 6
935537.754185 1915866.51537 6
935537.630657 1915866.27874 6
935537.510661 1915866.05279 6
935537.393863 1915865.82823 6
935537.290346 1915865.63133 6
935537.190198 1915865.44267 6
935537.082774 1915865.24046 6
935536.919821 1915864.93133 6
935536.790875 1915864.68815 6
935536.661137 1915864.44423 6
935536.524917 1915864.18763 6
935536.384494 1915863.92352 6
935536.235245 1915863.64304 6
935536.084342 1915863.35899 6
935535.925714 1915863.06055 6
935535.745658 1915862.72125 6
935535.573756 1915862.39758 6
935535.40332 1915862.07649 6
935535.222467 1915861.73571 6
935535.125116 1915861.55234 6
935535.023176 1915861.36023 6
935534.856633 1915861.04641 6
935534.74024 1915860.82734 6
935534.569975 1915860.50699 6
935534.421578 1915860.23775 6
935534.277179 1915859.9726 6
935534.133814 1915859.70979 6
935534.003843 1915859.47294 6
935533.868891 1915859.2271 6
935533.723033 1915858.96095 6
935533.560505 1915858.66391 6
935533.403798 1915858.37757 6
935533.239425 1915858.07745 6
935533.067142 1915857.76317 6
935532.89633 1915857.45123 6
935532.799873 1915857.27495 6
935532.701553 1915857.09535 6
935532.600482 1915856.91094 6
935532.45473 1915856.64479 6
935532.322046 1915856.4024 6
935532.220423 1915856.21701 6
935532.049221 1915855.90482 6
935531.916654 1915855.66305 6
935531.803885 1915855.45734 6
935531.685346 1915855.24105 6
935531.490336 1915854.88553 6
935531.380405 1915854.68499 6
935531.264687 1915854.47412 6
935531.155284 1915854.27469 6
935531.036699 1915854.05864 6
935530.92226 1915853.8501 6
935530.793476 1915853.61546 6
935530.664903 1915853.3812 6
935530.563485 1915853.19654 6
935530.423345 1915852.94134 6
935530.318496 1915852.75041 6
935530.116317 1915852.38232 6
935529.968435 1915852.11346 6
935529.816716 1915851.83746 6
935529.650683 1915851.5356 6
935529.52042 1915851.29874 6
935529.347798 1915850.98494 6
935529.209086 1915850.7327 6
935529.038378 1915850.42235 6
935528.929827 1915850.22488 6
935528.72168 1915849.84633 6
935528.592246 1915849.61108 6
935528.451418 1915849.35526 6
935528.318752 1915849.11434 6
935528.166381 1915848.83771 6
935528.025171 1915848.58128 6
935527.839405 1915848.24408 6
935527.66894 1915847.93459 6
935527.565947 1915847.74759 6
935527.340007 1915847.33739 6
935527.185879 1915847.05757 6
935527.013945 1915846.74561 6
935526.837236 1915846.42601 6
935526.523869 1915845.85493 6
935526.386385 1915845.59978 6
935526.272537 1915845.39064 6
935526.110528 1915845.09263 6
935525.921892 1915844.74599 6
935525.72984 1915844.39247 6
935525.542881 1915844.0483 6
935525.426274 1915843.83375 6
935525.32148 1915843.64086 6
935525.198056 1915843.41278 6
935525.035001 1915843.11243 6
935524.923204 1915842.9065 6
935524.788657 1915842.65859 6
935524.618718 1915842.34581 6
935524.513134 1915842.15145 6
935524.400567 1915841.9444 6
935524.295756 1915841.75127 6
935524.181938 1915841.54177 6
935524.005257 1915841.21668 6
935523.845806 1915840.92371 6
935523.704979 1915840.66472 6
935523.558657 1915840.39588 6
935523.380201 1915840.06771 6
935523.228345 1915839.78865 6
935523.074532 1915839.50578 6
935522.977923 1915839.32816 6
935522.85317 1915839.09908 6
935522.734223 1915838.88046 6
935522.552328 1915838.5465 6
935522.39227 1915838.25279 6
935522.292557 1915838.06975 6
935522.127864 1915837.76755 6
935521.966009 1915837.47064 6
935521.815477 1915837.19465 6
935521.699362 1915836.98145 6
935521.552356 1915836.71187 6
935521.42912 1915836.48586 6
935521.280797 1915836.21369 6
935521.159477 1915835.99126 6
935521.063673 1915835.8156 6
935520.933536 1915835.57691 6
935520.618502 1915834.99958 6
935520.436516 1915834.66623 6
935520.253822 1915834.33153 6
935520.088405 1915834.02699 6
935519.933496 1915833.74264 6
935519.783477 1915833.46752 6
935519.632868 1915833.19166 6
935519.477479 1915832.90693 6
935519.349986 1915832.67366 6
935519.229901 1915832.45344 6
935519.108639 1915832.231 6
935518.992938 1915832.01927 6
935518.870461 1915831.79523 6
935518.749464 1915831.57401 6
935518.614148 1915831.32646 6
935518.49674 1915831.11141 6
935518.373358 1915830.8854 6
935518.236895 1915830.63514 6
935518.103651 1915830.39092 6
935518.000412 1915830.20172 6
935517.812197 1915829.85667 6
935517.640526 1915829.54203 6
935517.504726 1915829.29325 6
935517.389396 1915829.08177 6
935517.286623 1915828.89343 6
935517.162957 1915828.66669 6
935517.024564 1915828.41323 6
935516.874872 1915828.13921 6
935516.774356 1915827.95517 6
935516.630012 1915827.691 6
935516.477105 1915827.4112 6
935516.306572 1915827.09938 6
935516.15824 1915826.82807 6
935516.01185 1915826.56033 6
935515.828204 1915826.22366 6
935515.694165 1915825.97795 6
935515.593311 1915825.79306 6
935515.457206 1915825.54525 6
935515.346346 1915825.34299 6
935515.210073 1915825.09579 6
935515.072486 1915824.84735 6
935514.94663 1915824.61837 6
935514.838085 1915824.42042 6
935514.710565 1915824.19069 6
935514.580014 1915823.95761 6
935514.478747 1915823.77796 6
935514.371595 1915823.58759 6
935514.272932 1915823.41189 6
935514.171902 1915823.23029 6
935514.071293 1915823.04882 6
935513.968811 1915822.86219 6
935513.855358 1915822.65501 6
935513.665009 1915822.30774 6
935513.526571 1915822.05537 6
935513.400335 1915821.82688 6
935513.278865 1915821.60834 6
935513.167992 1915821.40487 6
935513.022643 1915821.1419 6
935512.895702 1915820.91376 6
935512.766121 1915820.68057 6