935575.635156 1915951.62068 4
935575.444021 1915951.71955 4
935575.246417 1915951.82649 4
935575.060569 1915951.92435 4
935574.868631 1915952.02796 4
935574.690506 1915952.12337 4
935574.48796 1915952.23195 4
935574.291696 1915952.33708 4
935574.112578 1915952.4326 4
935573.933286 1915952.52897 4
935573.755812 1915952.62854 4
935573.578871 1915952.7402 4
935573.40086 1915952.85148 4
935573.233396 1915952.96818 4
935573.046767 1915953.0975 4
935572.891571 1915953.2272 4
935572.729693 1915953.3673 4
935572.566018 1915953.51004 4
935572.4117 1915953.64403 4
935572.255311 1915953.78665 4
935572.104318 1915953.92252 4
935571.949345 1915954.06199 4
935571.798123 1915954.19932 4
935571.624762 1915954.35607 4
935571.463963 1915954.5024 4
935571.302695 1915954.64872 4
935571.139452 1915954.78904 4
935570.975801 1915954.91799 4
935570.803137 1915955.04058 4
935570.628722 1915955.16254 4
935570.453829 1915955.28375 4
935570.282654 1915955.39306 4
935570.112519 1915955.49849 4
935569.931641 1915955.59532 4
935569.743483 1915955.69265 4
935569.55235 1915955.79433 4
935569.370959 1915955.88932 4
935569.18171 1915955.98834 4
935568.999239 1915956.08393 4
935568.814155 1915956.18216 4
935568.585385 1915956.30435 4
935568.407731 1915956.39965 4
935568.231127 1915956.49387 4
935568.044955 1915956.59416 4
935567.853236 1915956.68923 4
935567.66382 1915956.78532 4
935567.458388 1915956.89092 4
935567.276032 1915956.98504 4
935567.057973 1915957.0974 4
935566.853154 1915957.20337 4
935566.659457 1915957.30268 4
935566.403864 1915957.43201 4
935566.157755 1915957.55796 4
935565.964837 1915957.65704 4
935565.739046 1915957.77318 4
935565.5145 1915957.88872 4
935565.318014 1915957.98763 4
935565.137391 1915958.07824 4
935564.929945 1915958.1849 4
935564.709507 1915958.29771 4
935564.531084 1915958.38909 4
935564.333641 1915958.49042 4
935564.108233 1915958.60619 4
935563.901193 1915958.71299 4
935563.702076 1915958.81551 4
935563.510025 1915958.91375 4
935563.25029 1915959.04522 4
935563.044589 1915959.14983 4
935562.799382 1915959.27591 4
935562.615708 1915959.37063 4
935562.420427 1915959.47126 4
935562.241254 1915959.56251 4
935562.003075 1915959.68089 4
935561.820888 1915959.77416 4
935561.591687 1915959.89232 4
935561.372291 1915960.00343 4
935561.185567 1915960.10139 4
935560.996155 1915960.19967 4
935560.796292 1915960.30353 4
935560.605892 1915960.40924 4
935560.427234 1915960.50745 4
935560.245343 1915960.60854 4
935560.068145 1915960.70177 4
935559.883377 1915960.8027 4
935559.694766 1915960.90307 4
935559.503239 1915961.00486 4
935559.325102 1915961.10003 4
935559.132556 1915961.20351 4
935558.952223 1915961.30011 4
935558.775892 1915961.39445 4
935558.59804 1915961.48926 4
935558.419976 1915961.58443 4
