935496.679028 1915776.42394 0
935496.761194 1915776.61146 0
935496.84691 1915776.80246 0
935496.94037 1915777.01177 0
935497.023075 1915777.1971 0
935497.104951 1915777.3806 0
935497.194271 1915777.58032 0
935497.296867 1915777.81002 0
935497.387593 1915778.01367 0
935497.484295 1915778.23035 0
935497.604673 1915778.50048 0
935497.69361 1915778.70032 0
935497.837893 1915779.02404 0
935497.953663 1915779.28361 0
935498.07795 1915779.5626 0
935498.193312 1915779.82143 0
935498.3261 1915780.11958 0
935498.412571 1915780.31365 0
935498.504723 1915780.52073 0
935498.657235 1915780.86411 0
935498.747499 1915781.06751 0
935498.842509 1915781.28172 0
935498.937411 1915781.49592 0
935499.039912 1915781.72697 0
935499.146177 1915781.96662 0
935499.333903 1915782.38988 0
935499.435733 1915782.6197 0
935499.554746 1915782.88798 0
935499.682868 1915783.17679 0
935499.800323 1915783.44151 0
935499.920772 1915783.71275 0
935500.036525 1915783.97354 0
935500.119561 1915784.16046 0
935500.236218 1915784.42298 0
935500.320436 1915784.61261 0
935500.478166 1915784.96779 0
935500.607616 1915785.2593 0
935500.691862 1915785.44893 0
935500.821335 1915785.74045 0
935500.95909 1915786.05016 0
935501.043353 1915786.23967 0
935501.13087 1915786.43631 0
935501.224727 1915786.6472 0
935501.428868 1915787.10587 0
935501.529991 1915787.33287 0
935501.716134 1915787.75097 0
935501.806712 1915787.95425 0
935501.90939 1915788.18457 0
935502.090646 1915788.59113 0
935502.23375 1915788.91203 0
935502.386536 1915789.25455 0
935502.483114 1915789.47111 0
935502.576873 1915789.68127 0
935502.782627 1915790.13813 0
935502.930508 1915790.46594 0
935503.080554 1915790.79609 0
935503.237815 1915791.1404 0
935503.399809 1915791.49418 0
935503.502465 1915791.71815 0
935503.712248 1915792.17325 0
935503.822594 1915792.40649 0
935504.019005 1915792.82549 0
935504.188178 1915793.17927 0
935504.34247 1915793.499 0
935504.489663 1915793.80251 0
935504.693811 1915794.22163 0
935504.826045 1915794.49257 0
935504.936356 1915794.71849 0
935505.120979 1915795.09667 0
935505.332494 1915795.52995 0
935505.504824 1915795.88304 0
935505.685589 1915796.2498 0
935505.794867 1915796.4723 0
935505.909899 1915796.70562 0
935506.087406 1915797.06391 0
935506.323696 1915797.53822 0
935506.443892 1915797.77882 0
935506.570054 1915798.03099 0
935506.676324 1915798.24342 0
935506.981507 1915798.8533 0
935507.163898 1915799.21839 0
935507.273277 1915799.43746 0
935507.366595 1915799.62016 0
935507.662746 1915800.20329 0
935507.784872 1915800.441 0
935507.906482 1915800.67552 0
935508.150774 1915801.14153 0
935508.334891 1915801.48968 0
935508.526496 1915801.8504 0
935508.649298 1915802.08104 0
935508.767363 1915802.30244 0
935508.961554 1915802.66674 0
935509.083298 1915802.89516 0
935509.218841 1915803.1498 0
935509.393664 1915803.4784 0
935509.584178 1915803.83702 0
935509.779399 1915804.20439 0
935510.033254 1915804.68227 0
935510.212539 1915805.0196 0
935510.422327 1915805.41429 0
935510.641798 1915805.82707 0
935510.781171 1915806.08884 0
935510.898505 1915806.30914 0
935511.08913 1915806.66667 0
935511.211162 1915806.89571 0
935511.43835 1915807.32179 0
935511.553434 1915807.53766 0
935511.741851 1915807.89137 0
935511.962404 1915808.30685 0
935512.134296 1915808.62905 0
935512.241895 1915808.83041 0
935512.458931 1915809.23643 0
935512.602221 1915809.504 0
935512.699515 1915809.68603 0
935512.860433 1915809.98744 0
935512.986407 1915810.2235 0
935513.110524 1915810.45562 0
935513.235484 1915810.68922 0
935513.35331 1915810.90941 0
935513.476878 1915811.14042 0
935513.581874 1915811.33685 0
935513.724319 1915811.60209 0
935513.869304 1915811.87225 0
935514.002752 1915812.12088 0
935514.125992 1915812.35079 0
935514.252363 1915812.58673 0
935514.355374 1915812.77922 0
935514.46034 1915812.97553 0
935514.569421 1915813.17898 0
935514.684865 1915813.39485 0
935514.809945 1915813.62992 0
935514.937527 1915813.86856 0
935515.050184 1915814.07903 0
935515.144566 1915814.25552 0
935515.265661 1915814.48222 0
935515.40358 1915814.74043 0
935515.514073 1915814.94696 0
935515.666291 1915815.23127 0
935515.79236 1915815.46659 0
935515.899856 1915815.66721 0
935516.008308 1915815.86955 0
935516.128011 1915816.09294 0
935516.250122 1915816.32076 0
935516.388727 1915816.57923 0
935516.506668 1915816.79929 0
935516.617398 1915817.00582 0
935516.764579 1915817.28029 0
935516.903364 1915817.53937 0
935517.023072 1915817.76288 0
935517.177713 1915818.05149 0
935517.328455 1915818.33261 0
935517.497358 1915818.64781 0
935517.592671 1915818.82554 0
935517.794459 1915819.20228 0
935517.896601 1915819.39305 0
935518.006199 1915819.59761 0
935518.127498 1915819.82432 0
935518.320195 1915820.18432 0
935518.483671 1915820.4898 0
935518.641051 1915820.78371 0
935518.764479 1915821.01411 0
935518.867871 1915821.2071 0
935519.056168 1915821.55836 0
935519.217994 1915821.86028 0
935519.416755 1915822.23062 0
935519.529592 1915822.44097 0
935519.738785 1915822.8304 0
935519.879915 1915823.09305 0
935520.03861 1915823.3882 0
935520.155381 1915823.60544 0
935520.288819 1915823.85382 0
935520.4072 1915824.07402 0
935520.574157 1915824.38455 0
935520.798914 1915824.80278 0
935520.994938 1915825.1676 0
935521.117848 1915825.39628 0
935521.360692 1915825.84799 0
935521.559704 1915826.21798 0
935521.744026 1915826.56052 0
935521.915433 1915826.87906 0
935522.110551 1915827.24142 0
935522.307741 1915827.60747 0
935522.517331 1915827.99654 0
935522.691649 1915828.32013 0
935522.917657 1915828.74009 0
935523.135688 1915829.14516 0
935523.253708 1915829.36437 0
935523.526839 1915829.87135 0
935523.662118 1915830.12232 0
935523.81644 1915830.4085 0
935523.957667 1915830.6703 0
935524.117593 1915830.96693 0
935524.302744 1915831.31046 0
935524.461172 1915831.60439 0
935524.62052 1915831.90016 0
935524.74547 1915832.13218 0
935524.991112 1915832.58796 0
935525.209021 1915832.99217 0
935525.386625 1915833.32167 0
935525.499498 1915833.53104 0
935525.632575 1915833.77819 0
935525.774614 1915834.04171 0
935525.973116 1915834.4101 0
935526.175375 1915834.78539 0
935526.330221 1915835.07255 0
935526.468045 1915835.32832 0
935526.570103 1915835.51762 0
935526.753957 1915835.85954 0
935526.8485 1915836.03628 0
935527.023345 1915836.36195 0
935527.241506 1915836.7669 0
935527.401361 1915837.06354 0
935527.521185 1915837.28595 0
935527.710763 1915837.63785 0
935527.845903 1915837.88845 0
935527.953234 1915838.0876 0
935528.119035 1915838.39519 0
935528.264764 1915838.66512 0
935528.41306 1915838.93985 0
935528.516382 1915839.131 0
935528.683984 1915839.44082 0
935528.831054 1915839.71284 0
935528.963333 1915839.95754 0
935529.078472 1915840.17085 0
935529.195223 1915840.38675 0
935529.308908 1915840.59674 0
935529.415033 1915840.7927 0
935529.512602 1915840.9729 0
935529.62297 1915841.17661 0
935529.740919 1915841.39399 0
935529.852389 1915841.59931 0
935529.952032 1915841.78687 0
935530.059586 1915841.987 0
935530.164056 1915842.18037 0
935530.264019 1915842.36586 0
935530.367488 1915842.55799 0
935530.462389 1915842.73462 0
935530.572078 1915842.93856 0
935530.673518 1915843.127 0
935530.771592 1915843.30929 0
935530.870058 1915843.49219 0
935530.971834 1915843.68149 0
935531.073305 1915843.8703 0
935531.192285 1915844.09148 0
935531.2918 1915844.27672 0
935531.388677 1915844.4574 0
935531.504931 1915844.67548 0
935531.626799 1915844.90135 0
935531.731497 1915845.09557 0
935531.826296 1915845.27427 0
935531.924904 1915845.45656 0
935532.043788 1915845.67652 0
935532.139002 1915845.8529 0
935532.235142 1915846.03125 0
935532.332528 1915846.21206 0
935532.436253 1915846.40432 0
935532.548539 1915846.61258 0
935532.656827 1915846.81358 0
935532.767141 1915847.01815 0
935532.868647 1915847.20635 1
935532.962277 1915847.38392 1
935533.062506 1915847.56832 1
935533.164978 1915847.75775 1
935533.260953 1915847.93586 1
935533.359756 1915848.11925 1
935533.4553 1915848.29698 1
935533.578925 1915848.52666 1
935533.690895 1915848.73479 1
935533.794247 1915848.92692 1
935533.89073 1915849.10686 1
935534.00291 1915849.31585 1
935534.124896 1915849.54282 1
935534.267067 1915849.80744 1
935534.394844 1915850.04475 1
935534.489808 1915850.221 1
935534.585426 1915850.398 1
935534.779652 1915850.75766 1
935534.884923 1915850.95227 1
935534.987831 1915851.14305 1
935535.100652 1915851.35242 1
935535.215557 1915851.56597 1
935535.34365 1915851.80413 1
935535.455621 1915852.01226 1
935535.568544 1915852.22224 1
935535.691994 1915852.45179 1
935535.823907 1915852.69709 1
935535.944144 1915852.92976 1
935536.072924 1915853.17343 1
935536.176795 1915853.3735 1
935536.316516 1915853.64566 1
935536.438255 1915853.88421 1
935536.557701 1915854.11882 1
935536.719182 1915854.43647 1
935536.833834 1915854.66283 1
935536.962944 1915854.91699 1
935537.060969 1915855.10977 1
935537.179168 1915855.34205 1
935537.292447 1915855.56448 1
935537.386275 1915855.74889 1
935537.564854 1915856.09976 1
935537.719588 1915856.40376 1
935537.832945 1915856.62656 1
935538.021739 1915856.99773 1
935538.183666 1915857.31599 1
935538.333491 1915857.61088 1
935538.513421 1915857.96507 1
935538.622005 1915858.17852 1
935538.845564 1915858.61747 1
935538.983833 1915858.88814 1
935539.117826 1915859.15093 1
935539.261229 1915859.43107 1
935539.361766 1915859.62682 1
935539.508079 1915859.91347 1
935539.621041 1915860.1287 1
935539.729386 1915860.33678 1
935539.841463 1915860.55358 1
935539.94231 1915860.74835 1
935540.038924 1915860.93525 1
935540.133447 1915861.11821 1
935540.269506 1915861.38213 1
935540.388527 1915861.61185 1
935540.491365 1915861.80984 1
935540.628631 1915862.07438 1
935540.771335 1915862.34939 1
935540.914664 1915862.62624 1
935541.066759 1915862.92006 1
935541.23745 1915863.24884 1
935541.407006 1915863.57541 1
935541.504942 1915863.76416 1
935541.634105 1915864.01308 1
935541.752151 1915864.24022 1
935541.877451 1915864.48115 1
935542.047696 1915864.81285 1
935542.198094 1915865.10311 1
935542.327765 1915865.35265 1
935542.439126 1915865.55943 1
935542.5548 1915865.7769 1
935542.657235 1915865.97097 1
935542.759763 1915866.16528 1
935542.882884 1915866.3969 1
935543.004701 1915866.62435 1
935543.105594 1915866.81315 1
935543.210478 1915867.01006 1
935543.305 1915867.18729 1
935543.409583 1915867.38359 1
935543.50423 1915867.56179 1
935543.599464 1915867.74245 1
935543.69777 1915867.92767 1
935543.795981 1915868.11142 1
935543.905538 1915868.31671 1
935544.066914 1915868.6202 1
935544.202539 1915868.87508 1
935544.330565 1915869.11593 1
935544.469238 1915869.37708 1
935544.613977 1915869.64931 1
935544.737672 1915869.88192 1
935544.85593 1915870.1043 1
935544.950934 1915870.28288 1
935545.059958 1915870.48779 1
935545.170678 1915870.69591 1
935545.342944 1915871.01995 1
935545.519279 1915871.35138 1
935545.634458 1915871.56774 1
935545.738702 1915871.76331 1
935545.875979 1915872.02065 1
935545.978332 1915872.21314 1
935546.126787 1915872.49104 1
935546.279712 1915872.7767 1
935546.407102 1915873.01595 1
935546.51677 1915873.22149 1
935546.632647 1915873.43835 1
935546.742443 1915873.64266 1
935546.84244 1915873.82937 1
935546.941371 1915874.01448 1
935547.073078 1915874.26014 0
935547.175157 1915874.45213 0
935547.27233 1915874.63197 0
935547.368562 1915874.81495 0
935547.497204 1915875.05398 0
935547.601358 1915875.24893 0
935547.710282 1915875.45202 0
935547.825896 1915875.66777 0
935547.947005 1915875.89399 0
935548.049248 1915876.08513 0
935548.15188 1915876.27749 0
935548.262775 1915876.48536 0
935548.372234 1915876.69041 0
935548.469452 1915876.87219 0
935548.582122 1915877.08302 0
935548.739603 1915877.37803 0
935548.845779 1915877.57667 0
935549.001694 1915877.86836 0
935549.151753 1915878.1491 0
935549.256528 1915878.34528 0
935549.377813 1915878.57199 0
935549.480524 1915878.76411 0
935549.588909 1915878.96694 0
935549.706062 1915879.18602 0
935549.826218 1915879.41051 0
935550.013427 1915879.76066 0
935550.112897 1915879.94651 0
935550.209346 1915880.1267 0
935550.315337 1915880.32509 0
935550.425007 1915880.53173 0
935550.538231 1915880.74317 0
935550.676621 1915881.00176 0
935550.798436 1915881.22896 0
935550.922834 1915881.46109 0
935550.970826 1915881.66589 0
935551.074775 1915881.83912 0
935551.187846 1915882.03238 0
935551.301848 1915882.22724 0
935551.42281 1915882.43601 0
935551.537563 1915882.6343 0
935551.651961 1915882.83161 0
935551.787358 1915883.06489 0
935551.934371 1915883.31836 0
935552.053097 1915883.5227 0
935552.2142 1915883.80056 0
935552.319304 1915883.98173 0
935552.426015 1915884.16599 0
935552.569547 1915884.41392 0
935552.672661 1915884.59177 0
935552.83287 1915884.86803 0
935552.990412 1915885.13985 0
935553.145066 1915885.40638 0
935553.283114 1915885.64544 0
935553.413899 1915885.87132 0
935553.52682 1915886.07837 0
935553.649626 1915886.29546 0
935553.757085 1915886.48424 0
935553.867791 1915886.67966 0
935553.955921 1915886.86496 0
935554.06093 1915887.03869 0
935554.165094 1915887.21351 0
935554.267654 1915887.38659 0
935554.381609 1915887.5784 0
935554.491764 1915887.7643 0
935554.608373 1915887.9614 0
935554.71801 1915888.14607 0
935554.827592 1915888.33061 0
935554.952287 1915888.54065 0
935555.073786 1915888.75284 0
935555.195517 1915888.96247 0
935555.303119 1915889.15308 0
935555.43976 1915889.39639 0
935555.555592 1915889.6019 0
935555.671016 1915889.80545 0
935555.798178 1915890.03017 0
935555.933061 1915890.26869 0
935556.051214 1915890.47814 0
935556.174441 1915890.69658 0
935556.273044 1915890.87143 0
935556.436552 1915891.16983 0
935556.58864 1915891.44816 0
935556.714784 1915891.68202 0
935556.848171 1915891.92979 0
935556.968346 1915892.15477 0
935557.084516 1915892.37188 0
935557.219694 1915892.62285 0
935557.319838 1915892.80859 0
935557.434087 1915893.02127 0
935557.545414 1915893.22854 0
935557.651971 1915893.42658 0
935557.759863 1915893.62464 0
935557.875941 1915893.83626 0
935558.001002 1915894.06717 0
935558.104277 1915894.25747 0
935558.200933 1915894.43534 0
935558.314456 1915894.64411 0
935558.410556 1915894.82124 0
935558.510593 1915895.00551 0
935558.619976 1915895.20689 0
935558.732519 1915895.41418 0
935558.845504 1915895.62245 0
935558.94302 1915895.80216 0
935559.043949 1915895.98791 0
935559.141882 1915896.16824 0
935559.253005 1915896.37295 0
935559.356478 1915896.56374 0
935559.461111 1915896.75662 0
935559.560654 1915896.94027 0
935559.656449 1915897.11691 0
935559.760029 1915897.3077 0
935559.86191 1915897.49542 0
935559.962629 1915897.68116 0
935560.075639 1915897.88931 0
935560.17998 1915898.08183 0
935560.286195 1915898.27767 0
935560.391057 1915898.47129 0
935560.490386 1915898.65493 0
935560.590934 1915898.84116 0
935560.703366 1915899.04894 0
935560.810196 1915899.24662 0
935560.907519 1915899.42669 0
935561.020287 1915899.63545 0
935561.128248 1915899.8351 0
935561.235375 1915900.03352 0
935561.341535 1915900.22996 0
935561.452137 1915900.43478 0
935561.556654 1915900.62803 0
935561.663078 1915900.82485 0
935561.763284 1915901.01046 0
935561.878302 1915901.22328 0
935561.982018 1915901.4153 0
935562.084649 1915901.60534 0
935562.182619 1915901.79031 0
935562.29059 1915901.98984 0
935562.386555 1915902.16636 0
935562.487083 1915902.35332 0
935562.585587 1915902.53427 0
935562.686043 1915902.71976 0
935562.792141 1915902.91548 0
935562.901442 1915903.11747 0
935562.998257 1915903.29619 0
935563.107274 1915903.49781 0
935563.203977 1915903.67642 0
935563.317036 1915903.88554 0
935563.412697 1915904.06242 0
935563.508091 1915904.23868 0
935563.611601 1915904.43021 0
935563.714475 1915904.61977 0
935563.821193 1915904.81708 0
935563.92306 1915905.00834 0
935564.018978 1915905.18973 2
935564.118799 1915905.37803 2
935564.220413 1915905.56794 2
935564.334262 1915905.77988 2
935564.433527 1915905.9645 2
935564.52937 1915906.14346 2
935564.647712 1915906.36475 2
935564.746113 1915906.54875 2
935564.842773 1915906.72955 2
935564.963753 1915906.95576 2
935565.068896 1915907.15183 2
935565.179148 1915907.35713 2
935565.288696 1915907.56449 2
935565.408351 1915907.78861 2
935565.515983 1915907.98862 2
935565.627637 1915908.19614 2
935565.754644 1915908.43307 2
935565.849124 1915908.60944 2
935566.011588 1915908.91234 2
935566.114839 1915909.10825 2
935566.212388 1915909.29041 2
935566.335009 1915909.51799 2
935566.437827 1915909.70962 2
935566.549413 1915909.91934 2
935566.651431 1915910.10974 2
935566.758885 1915910.30987 2
935566.858272 1915910.49498 2
935566.981689 1915910.72478 2
935567.107939 1915910.95962 2
935567.242856 1915911.21095 2
935567.385025 1915911.47582 2
935567.54387 1915911.77219 2
935567.684334 1915912.03398 2
935567.848012 1915912.33873 2
935568.016435 1915912.6521 2
935568.136948 1915912.87647 2
935568.248333 1915913.08387 2
935568.404738 1915913.37495 2
935568.525005 1915913.59945 2
935568.631071 1915913.79748 2
935568.75956 1915914.03712 2
935568.885553 1915914.27183 2
935569.046338 1915914.5719 2
935569.176289 1915914.81339 2
935569.280893 1915915.00737 2
935569.378459 1915915.1883 2
935569.486889 1915915.38943 2
935569.597667 1915915.59522 2
935569.707111 1915915.79831 2
935569.811372 1915915.99082 2
935569.929711 1915916.21041 2
935570.025847 1915916.39107 2
935570.123858 1915916.5747 2
935570.231343 1915916.77312 2
935570.365658 1915917.02127 2
935570.498847 1915917.26806 2
935570.59862 1915917.4533 2
935570.730736 1915917.69824 2
935570.873103 1915917.96214 2
935570.978138 1915918.15735 2
935571.114362 1915918.41016 2
935571.233428 1915918.63269 2
935571.352194 1915918.85374 2
935571.46277 1915919.05929 2
935571.573508 1915919.26472 2
935571.706876 1915919.512 2
935571.830645 1915919.74118 2
935571.936217 1915919.93713 2
935572.047121 1915920.14318 2
935572.171724 1915920.37348 2
935572.279676 1915920.57203 2
935572.413015 1915920.81772 2
935572.516324 1915921.00851 2
935572.615412 1915921.19154 2
935572.718244 1915921.38159 2
935572.820236 1915921.57077 2
935572.921742 1915921.75934 2
935573.020953 1915921.94469 2
935573.120951 1915922.1314 2
935573.223419 1915922.32035 2
935573.323784 1915922.50657 2
935573.436445 1915922.71508 2
935573.535233 1915922.89726 2
935573.645926 1915923.10171 2
935573.746824 1915923.28819 2
935573.852914 1915923.48439 2
935573.956408 1915923.67555 2
935574.051942 1915923.85206 2
935574.149993 1915924.03313 2
935574.28347 1915924.27955 2
935574.379867 1915924.45742 2
935574.49269 1915924.66581 2
935574.588142 1915924.84317 2
935574.688024 1915925.02829 2
935574.79304 1915925.22277 2
935574.905815 1915925.43202 2
935575.008399 1915925.62182 2
935575.124625 1915925.83661 2
935575.243521 1915926.0562 2
935575.358055 1915926.26779 2
935575.470361 1915926.47556 2
935575.573144 1915926.66585 2
935575.684987 1915926.87252 2
935575.814732 1915927.11328 2
935575.930034 1915927.32817 2
935576.034897 1915927.52216 2
935576.137843 1915927.71245 2
935576.241935 1915927.90435 2
935576.365232 1915928.13329 2
935576.46903 1915928.32641 2
935576.56977 1915928.51276 2
935576.676432 1915928.70995 2
935576.775478 1915928.89323 2
935576.903492 1915929.12993 2
935577.013224 1915929.3329 2
935577.152329 1915929.5904 2
935577.298839 1915929.86193 2
935577.490301 1915930.21654 2
935577.561667 1915930.41268 2
935577.663947 1915930.59088 2
935577.771696 1915930.77747 2
935577.873399 1915930.95359 2
935577.996755 1915931.16752 2
935578.100441 1915931.34745 2
935578.206925 1915931.53231 2
935578.307582 1915931.70707 2
935578.412193 1915931.88836 2
935578.548727 1915932.12471 2
935578.669623 1915932.33457 2
935578.79683 1915932.55527 2
935578.936659 1915932.79789 2
935579.070794 1915933.03017 2
935579.200875 1915933.2558 2
935579.334014 1915933.48672 2
935579.45525 1915933.6972 2
935579.573097 1915933.9014 2
935579.678436 1915934.08392 2
935579.780501 1915934.26078 2
935579.908571 1915934.48259 2
935580.024624 1915934.68371 2
935580.147763 1915934.89666 2
935580.249207 1915935.07229 2
935580.364772 1915935.28255 2
935580.473264 1915935.47574 2
935580.579479 1915935.6667 2
935580.677064 1915935.8469 2
935580.772194 1915936.04769 2
935580.87795 1915936.25463 2
935580.968001 1915936.45253 2
935581.050287 1915936.64176 2
935581.142025 1915936.84628 2
935581.226503 1915937.04116 2
935581.298127 1915937.23755 2
935581.372437 1915937.43008 2
935581.447071 1915937.63725 2
935581.511386 1915937.83621 4
935581.577279 1915938.03959 4
935581.637441 1915938.23689 4
935581.693227 1915938.43169 4
935581.75007 1915938.63577 4
935581.797634 1915938.83105 4
935581.847002 1915939.0366 4
935581.892357 1915939.23648 4
935581.934455 1915939.43301 4
935581.97344 1915939.63254 4
935582.010335 1915939.83009 4
935582.042554 1915940.03012 4
935582.073688 1915940.22929 4
935582.101567 1915940.42742 4
935582.123452 1915940.6312 4
935582.141469 1915940.83077 4
935582.153588 1915941.03146 4
935582.161303 1915941.23233 4
935582.164593 1915941.4424 4
935582.164901 1915941.64913 4
935582.159795 1915941.85577 4
935582.148211 1915942.05535 4
935582.129678 1915942.25495 4
935582.103204 1915942.46626 4
935582.07322 1915942.67373 4
935582.036524 1915942.88463 4
935582.001531 1915943.08909 4
935581.958482 1915943.28891 4
935581.916439 1915943.48777 4
935581.863883 1915943.69451 4
935581.814755 1915943.89192 4
935581.756666 1915944.0893 4
935581.688896 1915944.30068 4
935581.617581 1915944.49908 4
935581.53827 1915944.69759 4
935581.462942 1915944.88494 4
935581.378655 1915945.07117 4
935581.274162 1915945.29552 4
935581.184575 1915945.4841 4
935581.086385 1915945.65913 4
935580.985281 1915945.85156 4
935580.880472 1915946.02611 4
935580.767064 1915946.22152 4
935580.660283 1915946.3958 4
935580.549021 1915946.57757 4
935580.434525 1915946.74587 4
935580.322865 1915946.91617 4
935580.210905 1915947.08231 4
935580.092912 1915947.25324 4
935579.9521 1915947.45493 4
935579.829819 1915947.62933 4
935579.692597 1915947.80849 4
935579.557983 1915947.97428 4
935579.427044 1915948.13963 4
935579.295143 1915948.30143 4
935579.152026 1915948.47574 4
935579.012208 1915948.62046 4
935578.873055 1915948.77665 4
935578.734961 1915948.92639 4
935578.581989 1915949.07004 4
935578.438751 1915949.21348 4
935578.29009 1915949.34975 4
935578.13894 1915949.48232 4
935577.979586 1915949.61233 4
935577.811772 1915949.75086 4
935577.64311 1915949.87815 4
935577.480479 1915950.00297 4
935577.317775 1915950.12536 4
935577.154035 1915950.24821 4
935576.983677 1915950.37133 4
935576.816586 1915950.48254 4
935576.646545 1915950.58882 4
935576.460666 1915950.69851 4
935576.275534 1915950.80577 4
935576.093067 1915950.90734 4
935575.909609 1915951.00938 4
935575.696203 1915951.13059 4
935575.520375 1915951.22958 4
935575.28457 1915951.36252 4
935575.089691 1915951.47243 4
935574.898978 1915951.5796 4
935574.684414 1915951.70055 4
935574.466824 1915951.82353 4
935574.279621 1915951.92917 4
935574.078652 1915952.04241 4
935573.885307 1915952.14917 4
935573.703408 1915952.24807 4
935573.513883 1915952.35318 4
935573.330112 1915952.454 4
935573.134203 1915952.56084 4
935572.952983 1915952.6595 4
935572.75706 1915952.76623 4
935572.562998 1915952.872 4
935572.373502 1915952.97554 4
935572.184717 1915953.07798 4
935571.982768 1915953.1879 4
935571.777352 1915953.29972 4
935571.59033 1915953.39732 4
935571.391107 1915953.50338 4
935571.191485 1915953.60821 4
935570.999903 1915953.71098 4
935570.808402 1915953.81423 4
935570.60476 1915953.92437 4
935570.412459 1915954.02847 4
935570.21329 1915954.13575 4
935570.001648 1915954.25016 4
935569.804307 1915954.35637 4
935569.608531 1915954.46054 4
935569.431434 1915954.5556 4
935569.217247 1915954.67034 4
935569.018737 1915954.77641 4
935568.812918 1915954.88651 4
935568.560789 1915955.02005 4
935568.364343 1915955.12493 4
935568.142838 1915955.2437 4
935567.962153 1915955.34042 4
935567.699263 1915955.48135 4
935567.469403 1915955.60474 4
935567.247551 1915955.72374 4
935567.031744 1915955.83918 4
935566.784947 1915955.97146 4
935566.4439 1915956.15423 4
935566.232283 1915956.26754 4
935566.003959 1915956.38998 4
935565.784659 1915956.5078 4
935565.504689 1915956.65737 4
935565.289791 1915956.77246 4
935565.074603 1915956.88754 4
935564.853693 1915957.00559 4
935564.631108 1915957.12446 4
935564.378728 1915957.25896 4
935564.164325 1915957.37308 4
935563.93082 1915957.49715 4
935563.733782 1915957.60203 4
935563.445881 1915957.75537 4
935563.000909 1915957.9919 4
935562.814571 1915958.09084 4
935562.512146 1915958.25177 4
935562.312824 1915958.35807 4
935561.94227 1915958.55539 4
935561.68364 1915958.69321 4
935561.450235 1915958.81765 4
935561.138249 1915958.98367 4
935560.853452 1915959.13536 4
935560.643267 1915959.2471 4
935560.359106 1915959.39477 4
935560.112388 1915959.52473 4
935559.793499 1915959.69345 4
935559.564117 1915959.81551 4
935559.362307 1915959.92263 4
935559.144715 1915960.03804 4
935558.929423 1915960.15227 4
935558.609258 1915960.32207 4
935558.304124 1915960.48356 4
935558.066092 1915960.60975 4
935557.86002 1915960.719 4
935557.654706 1915960.82802 4
935557.467319 1915960.92743 4
935557.198211 1915961.07046 4
935556.926882 1915961.2148 4
935556.700213 1915961.33531 4
935556.471256 1915961.45701 4
935556.230296 1915961.58511 4
935555.991183 1915961.71238 4
935555.78764 1915961.82204 4
935555.601841 1915961.9216 4
935555.3782 1915962.04119 4
935555.174054 1915962.15059 4
935554.932055 1915962.28001 4
935554.690988 1915962.40835 4
935554.455089 1915962.5347 4
935554.241539 1915962.64993 4
935554.039191 1915962.75875 4
935553.825355 1915962.873 4
935553.588931 1915962.99812 4
935553.351098 1915963.12334 4
935553.108435 1915963.253 4
935552.906146 1915963.36194 4
935552.689595 1915963.47859 4
935552.478594 1915963.59178 4
935552.210802 1915963.73544 4
935552.018279 1915963.8399 4
935551.837285 1915963.93637 4
935551.659436 1915964.03044 4
935551.462191 1915964.13446 4
935551.245038 1915964.24964 4
935551.047651 1915964.35463 4
935550.798949 1915964.4859 4
935550.602176 1915964.58992 4
935550.423112 1915964.68496 4
935550.21901 1915964.79277 4
935550.039284 1915964.88743 4
935549.847543 1915964.98946 4
935549.64715 1915965.09648 4
935549.447496 1915965.20278 4
935549.24672 1915965.30991 4
935549.061823 1915965.40839 4
935548.815948 1915965.53934 4
935548.614107 1915965.64695 4
935548.427218 1915965.74649 4
935548.245682 1915965.84319 4
935548.064444 1915965.93966 4
935547.832534 1915966.06314 4
935547.59173 1915966.19185 4
935547.412802 1915966.29103 4
935547.23421 1915966.3851 4
935547.047376 1915966.48245 3
935546.843276 1915966.58611 3
935546.629525 1915966.69402 3
935546.35954 1915966.81202 3
935546.146708 1915966.89785 3
935545.957162 1915966.96892 3
935545.754364 1915967.03685 3
935545.557072 1915967.1045 3
935545.324126 1915967.17842 3
935545.125972 1915967.22983 3
935544.911777 1915967.27268 3
935544.701092 1915967.30998 3
935544.486941 1915967.34124 3
935544.273302 1915967.35775 3
935544.067226 1915967.37315 3
935543.86124 1915967.38648 3
935543.652752 1915967.39733 3
935543.445739 1915967.40931 3
935543.23948 1915967.42007 3
935543.033782 1915967.42657 3
935542.833187 1915967.43316 3
935542.631281 1915967.44021 3
935542.427645 1915967.44662 3
935542.202015 1915967.45085 3
935541.985497 1915967.45486 3
935541.728527 1915967.4503 3
935541.511667 1915967.44296 3
935541.30002 1915967.4274 3
935541.096893 1915967.40881 3
935540.887136 1915967.38766 3
935540.663445 1915967.3552 3
935540.456581 1915967.31726 3
935540.258555 1915967.28251 3
935540.059789 1915967.24214 3
935539.861596 1915967.20166 3
935539.655213 1915967.15226 3
935539.448705 1915967.1042 3
935539.245127 1915967.04947 3
935539.045281 1915966.99456 3
935538.841619 1915966.93178 3
935538.64623 1915966.86071 3
935538.444522 1915966.7893 3
935538.251294 1915966.71265 3
935538.05168 1915966.63029 3
935537.860782 1915966.54965 3
935537.676813 1915966.45875 3
935537.485535 1915966.36785 3
935537.295961 1915966.26807 3
935537.106164 1915966.16866 3
935536.924972 1915966.06645 3
935536.745391 1915965.96219 3
935536.566466 1915965.85722 3
935536.38778 1915965.72832 3
935536.220129 1915965.60986 3
935536.061608 1915965.47994 3
935535.909088 1915965.34963 3
935535.762054 1915965.21258 3
935535.622152 1915965.06673 3
935535.480033 1915964.90913 3
935535.347966 1915964.74155 3
935535.228489 1915964.57357 3
935535.115539 1915964.39008 3
935535.00542 1915964.21394 3
935534.906073 1915964.03652 3
935534.807355 1915963.86033 3
935534.708616 1915963.67974 0
935534.606927 1915963.49129 0
935534.506796 1915963.30849 0
935534.388154 1915963.09122 0
935534.275973 1915962.88613 0
935534.173211 1915962.69767 0
935534.064161 1915962.498 0
935533.961341 1915962.30991 0
935533.86212 1915962.1287 0
935533.749378 1915961.92251 0
935533.630338 1915961.70462 0
935533.510548 1915961.48502 0
935533.381666 1915961.24818 0
935533.251621 1915961.00999 0
935533.147109 1915960.81881 0
935533.02081 1915960.58775 0
935532.882219 1915960.33453 0
935532.775139 1915960.13795 0
935532.628876 1915959.86887 0
935532.516362 1915959.6628 0
935532.414439 1915959.47581 0
935532.316471 1915959.29609 0
935532.196205 1915959.0755 0
935532.069502 1915958.84322 0
935531.967121 1915958.65586 0
935531.857431 1915958.45533 0
935531.760793 1915958.27868 0
935531.645383 1915958.06988 0
935531.546803 1915957.89113 0
935531.447352 1915957.71065 0
935531.325649 1915957.49126 0
935531.203003 1915957.26965 0
935531.091161 1915957.06531 0
935530.993968 1915956.88755 0
935530.876046 1915956.67261 0
935530.7623 1915956.46542 0
935530.651001 1915956.26243 0
935530.539553 1915956.05906 0
935530.423894 1915955.84782 0
935530.319999 1915955.658 0
935530.211025 1915955.45894 0
935530.107328 1915955.26949 0
935530.000699 1915955.07474 0
935529.892952 1915954.87778 0
935529.79018 1915954.68993 0
935529.685599 1915954.499 0
935529.587629 1915954.32025 0
935529.487748 1915954.13757 0
935529.383219 1915953.94261 0
935529.276801 1915953.74873 0
935529.168894 1915953.55201 0
935529.062265 1915953.35763 0
935528.952039 1915953.15635 0
935528.823705 1915952.92197 0
935528.705806 1915952.7063 0
935528.60532 1915952.5219 0
935528.503589 1915952.33577 0
935528.397409 1915952.14189 0
935528.287831 1915951.94172 0
935528.139473 1915951.67102 0
935528.025643 1915951.46274 0
935527.926812 1915951.28227 0
935527.809557 1915951.06795 0
935527.696142 1915950.86077 0
935527.580626 1915950.65014 0
935527.479655 1915950.46634 0
935527.359145 1915950.24648 0
935527.243969 1915950.03635 0
935527.110969 1915949.79383 0
935527.000884 1915949.59244 0
935526.899662 1915949.40669 0
935526.786407 1915949.20061 0
935526.666464 1915948.98198 0
935526.54724 1915948.76531 0
935526.450198 1915948.58865 0
935526.326155 1915948.363 0
935526.203534 1915948.14115 0
935526.098311 1915947.94972 0
935525.995473 1915947.76224 0
935525.898528 1915947.58522 0
935525.790337 1915947.38812 0
935525.678054 1915947.18292 0
935525.545342 1915946.93955 0
935525.43127 1915946.732 0
935525.297923 1915946.4896 0
935525.165987 1915946.2493 0
935525.03455 1915946.00974 0
935524.922954 1915945.8043 0
935524.815379 1915945.60795 0
935524.680821 1915945.3626 0
935524.577196 1915945.17401 0
935524.462939 1915944.96608 0
935524.344688 1915944.75028 0
935524.212588 1915944.50925 0
935524.095128 1915944.29529 0
935523.976305 1915944.07777 0
935523.873483 1915943.88931 0
935523.769728 1915943.69974 0
935523.615134 1915943.4182 0
935523.490363 1915943.19119 0
935523.363297 1915942.96024 0
935523.241398 1915942.7384 0
935523.116766 1915942.5114 0
935523.008361 1915942.30698 0
935522.887588 1915942.08236 0
935522.778586 1915941.87989 0
935522.675035 1915941.68775 0
935522.576508 1915941.50411 0
935522.477452 1915941.31901 0
935522.375915 1915941.12971 0
935522.277876 1915940.94706 0
935522.182253 1915940.76896 0
935522.074494 1915940.56773 0
935521.923391 1915940.28502 0
935521.811082 1915940.07518 0
935521.71441 1915939.89181 3
935521.606794 1915939.69119 3
935521.494876 1915939.48294 3
935521.382321 1915939.26809 3
935521.278076 1915939.0713 3
935521.161125 1915938.846 3
935521.068284 1915938.66344 3
935520.984584 1915938.47759 3
935520.885165 1915938.27271 3
935520.78685 1915938.06467 3
935520.689428 1915937.85592 3
935520.601324 1915937.66756 3
935520.50788 1915937.45631 3
935520.424961 1915937.27194 3
935520.338512 1915937.07349 3
935520.251985 1915936.85197 3
935520.176023 1915936.65722 3
935520.109544 1915936.4686 3
935520.03864 1915936.26551 3
935519.982585 1915936.07255 3
935519.927434 1915935.86751 3
935519.868959 1915935.65742 3
935519.799102 1915935.38588 3
935519.743967 1915935.17609 3
935519.698062 1915934.95094 3
935519.650858 1915934.73871 3
935519.606222 1915934.52335 3
935519.563523 1915934.29764 3
935519.526379 1915934.09863 3
935519.481942 1915933.85678 3
935519.443052 1915933.60136 3
935519.412118 1915933.38853 3
935519.38003 1915933.16422 3
935519.353908 1915932.96379 3
935519.32682 1915932.73467 3
935519.300088 1915932.52044 3
935519.287019 1915932.29875 3
935519.270873 1915932.09409 3
935519.257516 1915931.87824 3
935519.248972 1915931.65723 3
935519.239722 1915931.42875 3
935519.242879 1915931.21683 3
935519.241048 1915930.99739 3
935519.255642 1915930.78931 3
935519.265027 1915930.5798 3
935519.279266 1915930.32901 3
935519.290142 1915930.12856 3
935519.309035 1915929.90285 3
935519.326232 1915929.68822 3
935519.344634 1915929.48606 3
935519.363688 1915929.28306 3
935519.384775 1915929.06276 3
935519.411387 1915928.79983 3
935519.440199 1915928.59161 3
935519.466901 1915928.37311 3
935519.494142 1915928.16999 3
935519.533165 1915927.97169 3
935519.567076 1915927.76624 3
935519.614068 1915927.55025 3
935519.653918 1915927.35258 3
935519.697157 1915927.14959 3
935519.74677 1915926.91741 3
935519.797896 1915926.71284 3
935519.855876 1915926.48532 3
935519.931186 1915926.21059 3
935519.99733 1915925.99161 3
935520.066858 1915925.78453 3
935520.128612 1915925.59013 3
935520.204536 1915925.3624 3
935520.281237 1915925.14127 3
935520.351732 1915924.93774 3
935520.426758 1915924.74392 3
935520.502381 1915924.55731 3
935520.583985 1915924.35334 3
935520.660602 1915924.16626 3
935520.747856 1915923.97386 3
935520.850346 1915923.7413 3
935520.941656 1915923.55006 3
935521.041936 1915923.35786 3
935521.139984 1915923.16611 3
935521.23482 1915922.98578 3
935521.339118 1915922.78706 3
935521.447365 1915922.60548 3
935521.549712 1915922.42417 3
935521.650923 1915922.25127 3
935521.756189 1915922.07294 3
935521.870194 1915921.8939 3
935521.985437 1915921.71792 3
935522.109189 1915921.55941 3
935522.235476 1915921.39459 3
935522.360734 1915921.23683 5
935522.49336 1915921.07285 5
935522.646537 1915920.89015 5
935522.791121 1915920.71769 5
935522.937162 1915920.54599 5
935523.084745 1915920.37382 5
935523.255669 1915920.1742 5
935523.389778 1915920.02268 5
935523.523614 1915919.86982 5
935523.662686 1915919.71107 5
935523.82406 1915919.52801 5
935523.980664 1915919.3627 5
935524.190986 1915919.13966 5
935524.33823 1915918.99067 5
935524.571371 1915918.75799 5
935524.718838 1915918.6134 5
935524.916432 1915918.44422 5
935525.078767 1915918.29938 5
935525.235104 1915918.16701 5
935525.429749 1915918.00682 5
935525.611842 1915917.85936 5
935525.774587 1915917.72758 5
935525.973794 1915917.56599 5
935526.13917 1915917.43218 5
935526.314037 1915917.30413 5
935526.487551 1915917.17094 5
935526.676075 1915917.02944 5
935526.844048 1915916.90543 5
935527.03095 1915916.76696 5
935527.201443 1915916.64018 5
935527.392484 1915916.49872 5
935527.590948 1915916.36727 5
935527.769406 1915916.25124 5
935527.964697 1915916.13376 5
935528.179619 1915916.00794 5
935528.355341 1915915.90797 5
935528.537752 1915915.80384 5
935528.724719 1915915.69856 5
935528.921577 1915915.58819 5
935529.112434 1915915.4837 5
935529.296999 1915915.38314 5
935529.495377 1915915.2728 5
935529.708277 1915915.15609 5
935529.934369 1915915.03264 5
935530.168797 1915914.90309 5
935530.358134 1915914.79895 5
935530.536299 1915914.7011 5
935530.765355 1915914.57525 5
935530.944648 1915914.47668 5
935531.172891 1915914.35119 5
935531.388746 1915914.23368 5
935531.611046 1915914.11126 5
935531.789522 1915914.01305 5
935531.975795 1915913.9113 5
935532.170596 1915913.8048 5
935532.392628 1915913.68226 5
935532.625555 1915913.55354 5
935532.837268 1915913.43731 5
935533.057146 1915913.31632 5
935533.251428 1915913.20945 5
935533.45431 1915913.09954 5
935533.660341 1915912.98699 5
935533.851196 1915912.88178 5
935534.046102 1915912.77418 5
935534.253449 1915912.65995 5
935534.441547 1915912.55676 5
935534.619732 1915912.45879 5
935534.798035 1915912.36106 5
935534.989952 1915912.25574 5
935535.186321 1915912.14804 5
935535.367271 1915912.04901 5
935535.544033 1915911.95187 5
935535.752379 1915911.83765 5
935535.932707 1915911.73874 5
935536.175608 1915911.60579 5
935536.365106 1915911.50213 5
935536.580861 1915911.38352 5
935536.809743 1915911.25767 5
935537.047939 1915911.1266 5
935537.302502 1915910.98615 5
935537.568656 1915910.83905 5
935537.782018 1915910.72125 5
935538.042135 1915910.57771 5
935538.344454 1915910.41154 5
935538.527546 1915910.31108 5
935538.773855 1915910.17489 5
935538.973852 1915910.06469 5
935539.15851 1915909.96267 5
935539.384476 1915909.83799 5
935539.617701 1915909.7094 5
935539.80979 1915909.60323 5
935540.005513 1915909.49479 5
935540.183795 1915909.39609 5
935540.40069 1915909.27603 5
935540.605921 1915909.16274 5
935540.804331 1915909.05313 5
935540.999861 1915908.94493 5
935541.219667 1915908.82577 5
935541.440905 1915908.70529 5
935541.64632 1915908.59408 5
935541.830211 1915908.49547 5
935542.045988 1915908.37978 5
935542.250727 1915908.27173 5
935542.429832 1915908.17573 5
935542.632619 1915908.06618 5
935542.838312 1915907.95656 5
935543.039029 1915907.84881 5
935543.235539 1915907.74381 5
935543.424117 1915907.64429 5
935543.660676 1915907.5171 5
935543.841268 1915907.41965 5
935544.099515 1915907.28096 5
935544.303275 1915907.17143 5
935544.528051 1915907.05162 5
935544.726772 1915906.94494 5
935544.921398 1915906.84039 5
935545.132491 1915906.72683 5
935545.333571 1915906.61873 5
935545.526881 1915906.51489 5
935545.714673 1915906.41377 5
935545.897789 1915906.31551 5
935546.079475 1915906.21796 5
935546.264565 1915906.11838 5
935546.468022 1915906.00885 5
935546.652508 1915905.91012 5
935546.850895 1915905.8038 5
935547.039535 1915905.70245 5
935547.219355 1915905.60658 5
935547.429286 1915905.49397 5
935547.613587 1915905.39463 5
935547.808907 1915905.2896 5
935548.004757 1915905.18447 5
935548.189659 1915905.07317 5
935548.367194 1915904.97348 5
935548.560069 1915904.86402 5
935548.748655 1915904.76219 5
935548.931599 1915904.66014 5
935549.115877 1915904.5586 5
935549.30727 1915904.45351 5
935549.491277 1915904.35245 5
935549.690909 1915904.24274 3
935549.874941 1915904.14229 3
935550.052709 1915904.04724 3
935550.227846 1915903.94836 3
935550.410878 1915903.84412 3
935550.610295 1915903.72964 3
935550.78897 1915903.61129 3
935550.978018 1915903.47493 3
935551.149393 1915903.34707 3
935551.339895 1915903.20218 3
935551.49712 1915903.07276 3
935551.65319 1915902.91439 3
935551.82099 1915902.75316 3
935551.967013 1915902.60623 3
935552.106985 1915902.45273 3
935552.233542 1915902.29634 3
935552.390362 1915902.11492 3
935552.522911 1915901.95655 3
935552.671419 1915901.7534 3
935552.805266 1915901.56942 3
935552.943298 1915901.37855 3
935553.052252 1915901.20333 3
935553.180804 1915900.98742 3
935553.283988 1915900.80332 3
935553.398899 1915900.58097 3
935553.496823 1915900.35505 3
935553.591418 1915900.13396 3
935553.663234 1915899.92398 3
935553.716678 1915899.72274 3
935553.774895 1915899.51804 3
935553.810987 1915899.30896 3
935553.849158 1915899.1104 3
935553.874062 1915898.89834 3
935553.880848 1915898.69087 3
935553.877464 1915898.47994 3
935553.87177 1915898.25214 3
935553.856743 1915898.04005 3
935553.838587 1915897.81729 3
935553.806214 1915897.60774 3
935553.774278 1915897.40453 3
935553.740218 1915897.19312 3
935553.683857 1915896.93937 3
935553.634648 1915896.71869 3
935553.586653 1915896.5167 3
935553.528496 1915896.32284 3
935553.473764 1915896.12965 3
935553.412664 1915895.92488 3
935553.348369 1915895.72751 3
935553.277599 1915895.52943 3
935553.205355 1915895.33913 3
935553.122635 1915895.14599 3
935553.03469 1915894.96105 3
935552.940628 1915894.78432 3
935552.847302 1915894.6059 3
935552.754687 1915894.42516 3
935552.663637 1915894.24628 6
935552.565475 1915894.06302 6
935552.460419 1915893.87257 6
935552.34689 1915893.66831 6
935552.235896 1915893.46288 6
935552.133932 1915893.27724 6
935551.989098 1915893.00684 6
935551.890906 1915892.82186 6
935551.793031 1915892.63763 6
935551.683805 1915892.43186 6
935551.571572 1915892.22043 6
935551.45972 1915892.00924 6
935551.336117 1915891.77579 6
935551.236651 1915891.58799 6
935551.104269 1915891.33841 6
935550.962842 1915891.07294 6
935550.827718 1915890.81977 6
935550.684319 1915890.55171 6
935550.548907 1915890.29842 6
935550.413905 1915890.04575 6
935550.261122 1915889.75643 6
935550.125726 1915889.49777 6
935549.993124 1915889.24696 6
935549.873668 1915889.02516 6
935549.765299 1915888.82209 6
935549.662476 1915888.62838 6
935549.565879 1915888.44722 6
935549.43863 1915888.20943 6
935549.316684 1915887.9821 6
935549.222368 1915887.80573 6
935549.119663 1915887.613 6
935549.015261 1915887.41524 6
935548.901119 1915887.20109 6
935548.781235 1915886.97672 6
935548.644095 1915886.7195 6
935548.53997 1915886.52394 6
935548.425631 1915886.30894 6
935548.280467 1915886.03621 6
935548.109278 1915885.71499 6
935548.002493 1915885.51475 6
935547.896818 1915885.31648 6
935547.783867 1915885.10455 6
935547.671479 1915884.89384 6
935547.567478 1915884.69853 6
935547.435785 1915884.45152 6
935547.312375 1915884.22002 6
935547.204728 1915884.01806 6
935547.064596 1915883.75554 6
935546.931925 1915883.50705 6
935546.798333 1915883.25696 6
935546.663615 1915883.00441 6
935546.530694 1915882.75543 6
935546.375049 1915882.46387 6
935546.154802 1915882.05132 6
935545.985194 1915881.73367 6
935545.849066 1915881.4789 6
935545.69608 1915881.19263 6
935545.543006 1915880.90635 6
935545.37058 1915880.58413 6
935545.223293 1915880.30881 6
935545.078139 1915880.03779 6
935544.912626 1915879.72862 6
935544.793708 1915879.50671 6
935544.666017 1915879.26831 6
935544.542366 1915879.03766 6
935544.338928 1915878.65808 6
935544.163746 1915878.33131 6
935544.03927 1915878.09918 6
935543.906436 1915877.85154 6
935543.750563 1915877.56107 6
935543.643114 1915877.3607 6
935543.411785 1915876.9298 6
935543.284828 1915876.69348 6
935543.108629 1915876.36547 6
935542.88396 1915875.94711 6
935542.70627 1915875.61627 6
935542.608065 1915875.43337 6
935542.47456 1915875.18487 6
935542.229565 1915874.72898 6
935542.125108 1915874.53451 6
935542.00566 1915874.3121 6
935541.778161 1915873.8887 6
935541.67265 1915873.69202 6
935541.442293 1915873.26321 6
935541.298669 1915872.99575 6
935541.181955 1915872.77851 6
935540.985928 1915872.41333 6
935540.759572 1915871.99202 6
935540.564545 1915871.62894 6
935540.369079 1915871.26535 6
935540.170757 1915870.89635 6
935540.061757 1915870.69363 6
935539.88047 1915870.35651 6
935539.732104 1915870.08068 6
935539.589871 1915869.81618 6
935539.48504 1915869.62122 6
935539.187889 1915869.06882 6
935539.091426 1915868.88937 6
935538.896023 1915868.52615 6
935538.799849 1915868.34756 6
935538.65138 1915868.0716 6
935538.41543 1915867.63318 6
935538.212775 1915867.25679 6
935538.049914 1915866.95437 6
935537.874046 1915866.62783 6
935537.654956 1915866.22141 6
935537.550731 1915866.02804 6
935537.356553 1915865.6674 6
935537.14345 1915865.27145 6
935536.960344 1915864.93124 6
935536.773382 1915864.58366 6
935536.666989 1915864.38599 6
935536.47921 1915864.03717 6
935536.330322 1915863.76048 6
935536.209283 1915863.5356 6
935535.988162 1915863.12487 6
935535.838643 1915862.8472 6
935535.733807 1915862.65248 6
935535.548478 1915862.30821 6
935535.44367 1915862.11362 6
935535.222937 1915861.70375 6
935535.002835 1915861.29499 6
935534.738259 1915860.80364 6
935534.542612 1915860.44005 6
935534.395443 1915860.16631 6
935534.276266 1915859.94452 6
935534.094061 1915859.60543 6
935533.930808 1915859.30142 6
935533.803936 1915859.06535 6
935533.640856 1915858.76208 6
935533.512992 1915858.5244 6
935533.270035 1915858.07281 6
935533.076094 1915857.71218 6
935532.934939 1915857.44977 6
935532.8302 1915857.25505 6
935532.63804 1915856.89762 6
935532.532764 1915856.7018 6
935532.292762 1915856.25513 6
935532.197846 1915856.07863 6
935532.049843 1915855.8033 6
935531.890747 1915855.50729 6
935531.783657 1915855.30814 6
935531.591014 1915854.94997 6
935531.467525 1915854.72054 6
935531.154206 1915854.13494 6
935531.037583 1915853.91807 6
935530.839495 1915853.5492 6
935530.608016 1915853.11866 6
935530.48326 1915852.8836 6
935530.350987 1915852.63353 6
935530.192531 1915852.33411 6
935530.069988 1915852.10311 6
935529.967027 1915851.90903 6
935529.835164 1915851.66117 6
935529.702688 1915851.41207 6
935529.603453 1915851.22513 6
935529.439216 1915850.91476 6
935529.330379 1915850.70936 6
935529.156976 1915850.38212 6
935529.001373 1915850.08861 6
935528.839902 1915849.78402 6
935528.70998 1915849.53923 6
935528.602284 1915849.33629 6
935528.489268 1915849.12326 6
935528.363519 1915848.88599 6
935528.239279 1915848.65191 6
935528.097967 1915848.38535 6
935527.981321 1915848.1653 6
935527.884517 1915847.98279 6
935527.775849 1915847.77776 6
935527.514582 1915847.28488 6
935527.377355 1915847.02631 6
935527.275759 1915846.8347 6
935527.089681 1915846.48395 6
935526.986267 1915846.28926 6
935526.803873 1915845.94577 6
935526.683801 1915845.71981 6
935526.516559 1915845.40512 6
935526.366336 1915845.12256 6
935526.218147 1915844.8438 6
935526.026057 1915844.48271 6
935525.88898 1915844.22512 6
935525.740929 1915843.94686 6
935525.508162 1915843.5091 6
935525.40182 1915843.30898 6
935525.103815 1915842.74852 6
935524.95209 1915842.46312 6
935524.782338 1915842.144 6
935524.677489 1915841.94684 6
935524.556882 1915841.72026 6
935524.366555 1915841.36274 6
935524.16854 1915840.99143 6
935523.992386 1915840.6611 6
935523.848538 1915840.39157 6
935523.716487 1915840.14406 6
935523.57273 1915839.87465 6
935523.336793 1915839.43233 6
935523.159866 1915839.1004 6
935523.014725 1915838.82828 6
935522.79542 1915838.41685 6
935522.57989 1915838.01292 6
935522.453581 1915837.77613 6
935522.359077 1915837.59902 6
935522.17268 1915837.24986 6
935521.987868 1915836.90389 6
935521.77468 1915836.50488 6
935521.632748 1915836.23941 6
935521.487263 1915835.96704 6
935521.30016 1915835.61689 6
935521.103377 1915835.24865 6
935520.959514 1915834.97936 6
935520.814185 1915834.70736 6
935520.61803 1915834.34011 6
935520.47671 1915834.07574 6
935520.373717 1915833.883 6
935520.220461 1915833.59611 6
935520.039558 1915833.25753 6
935519.887784 1915832.97347 6
935519.639839 1915832.50924 6
935519.462047 1915832.17632 6
935519.347016 1915831.96106 6
935519.167416 1915831.62494 6
935518.988832 1915831.29091 6
935518.803787 1915830.94482 6
935518.703583 1915830.75762 6
935518.566274 1915830.50064 6
935518.411331 1915830.21067 6
935518.200194 1915829.8156 6
935518.021755 1915829.48157 6
935517.839144 1915829.13942 6
935517.635599 1915828.75789 6
935517.522506 1915828.54608 6
935517.336925 1915828.19864 6
935517.172833 1915827.89157 6
935517.053638 1915827.66843 6
935516.959432 1915827.49206 6
935516.662701 1915826.93626 6
935516.470912 1915826.57712 6
935516.242458 1915826.14944 6
935516.058957 1915825.80581 6
935515.954431 1915825.61012 6
935515.822678 1915825.36348 6
935515.716391 1915825.16447 6
935515.528324 1915824.81247 6
935515.428282 1915824.62515 6
935515.240124 1915824.27303 6
935515.131638 1915824.0702 6
935514.922095 1915823.67894 6
935514.696366 1915823.25898 6
935514.505234 1915822.90413 6
935514.359552 1915822.63335 6
935514.264102 1915822.45611 6
935514.070593 1915822.09585 6
935513.825749 1915821.6369 6
935513.607748 1915821.22757 6
935513.483453 1915820.99422 6
935513.263223 1915820.58119 6
935513.088227 1915820.25356 6
935512.871819 1915819.84901 6
935512.720763 1915819.56716 6
935512.471379 1915819.10119 6
935512.291539 1915818.76409 6
935512.192397 1915818.57824 6
935512.003738 1915818.2227 6
935511.801889 1915817.84437 6
935511.655461 1915817.57101 6
935511.55578 1915817.38529 6
935511.442178 1915817.17383 6
935511.096952 1915816.53354 6
935510.974794 1915816.30731 6
935510.829225 1915816.04043 6
935510.63072 1915815.6779 6
935510.446777 1915815.34171 6
935510.333363 1915815.13575 6
935510.189744 1915814.87489 6
935510.011951 1915814.55356 6
935509.798864 1915814.17029 6
935509.623124 1915813.85535 6
935509.429518 1915813.50912 6
935509.323119 1915813.31902 6
935509.125566 1915812.97614 6
935508.920521 1915812.63303 6
935508.717383 1915812.2941 6
935508.479634 1915811.91251 6
935508.279557 1915811.60048 6
935508.104991 1915811.33278 6
935507.848208 1915810.94442 6
935507.614862 1915810.59476 6
935507.372689 1915810.23263 6
935507.156515 1915809.90899 6
935507.021774 1915809.70733 6
935506.81436 1915809.39603 6
935506.563379 1915809.01924 6
935506.297352 1915808.62061 6
935506.081124 1915808.29758 6
935505.855473 1915807.96158 6
935505.626095 1915807.61967 6
935505.496148 1915807.4259 6
935505.270157 1915807.08868 6
935505.085977 1915806.81387 6
935504.905813 1915806.55303 6
935504.754848 1915806.33306 6
935504.558501 1915806.04817 6
935504.404059 1915805.82765 6
935504.22992 1915805.58265 6
935504.055545 1915805.33985 6
935503.878895 1915805.09493 6
935503.638936 1915804.76286 6
935503.500306 1915804.57139 6
935503.279096 1915804.26634 6
935503.090846 1915804.00672 6
935502.916587 1915803.76672 6
935502.778627 1915803.58051 6
935502.425212 1915803.12546 6
935502.298999 1915802.96482 6
935502.019714 1915802.61528 6
935501.787097 1915802.33263 6
935501.546237 1915802.04593 6
935501.410941 1915801.88698 6
935501.12368 1915801.55208 6
935500.872323 1915801.2612 6
935500.659028 1915801.01521 6
935500.490372 1915800.82131 6
935500.197681 1915800.48487 6
935500.01472 1915800.27463 6
935499.828191 1915800.06031 6
935499.551795 1915799.75182 6
935499.250756 1915799.43465 6
935499.074235 1915799.24648 6
935498.842936 1915799.00265 6
935498.582883 1915798.73396 6
935498.180091 1915798.32572 6
935498.029217 1915798.1747 6
935497.735519 1915797.88192 6
935497.58902 1915797.73609 6
935497.302665 1915797.45185 6
935496.982361 1915797.13461 6
935496.802397 1915796.95664 6
935496.656352 1915796.8124 6
935496.438894 1915796.59783 6
935496.157654 1915796.32222 6
935495.936933 1915796.11334 6
935495.713892 1915795.91174 6
935495.424821 1915795.65345 6
935495.129678 1915795.39348 6
935494.828013 1915795.13646 6
935494.606435 1915794.95197 6
935494.346809 1915794.73906 6
935494.149223 1915794.57887 6
935493.973498 1915794.43733 6
935493.710797 1915794.22717 6
935493.509056 1915794.06631 6
935493.034289 1915793.68866 6
935492.766179 1915793.47756 6
935492.508481 1915793.28127 6
935492.216738 1915793.06992 6
935492.034497 1915792.93878 6
935491.747963 1915792.73593 6
935491.469464 1915792.54554 6
935491.181939 1915792.35391 6
935490.972363 1915792.21525 6
935490.769635 1915792.08402 6
935490.505864 1915791.91876 6
935490.255596 1915791.75981 6
935490.037655 1915791.622 6
935489.866168 1915791.51482 6
935489.630393 1915791.37428 6
935489.435255 1915791.26453 6
935489.228494 1915791.15289 6
935488.994118 1915791.02287 6
935488.706906 1915790.86956 6
935488.525786 1915790.78029 6
935488.342677 1915790.69464 6
935488.14534 1915790.60036 6
935487.946093 1915790.50958 6
935487.759967 1915790.43048 6
935487.552008 1915790.35824 6
935487.32395 1915790.28396 6
935487.095068 1915790.21737 6
935486.853355 1915790.15313 6
935486.613777 1915790.09259 6
935486.362408 1915790.03039 6
935486.140932 1915789.97538 6
935485.913119 1915789.91881 6