935575.825678 1915951.59124 4
935575.62106 1915951.69771 4
935575.411218 1915951.80995 4
935575.233462 1915951.90207 4
935575.026583 1915952.01167 4
935574.830409 1915952.1068 4
935574.644235 1915952.19732 4
935574.457287 1915952.28467 4
935574.266465 1915952.35999 4
935574.057856 1915952.43051 4
935573.864448 1915952.48785 4
935573.661579 1915952.53857 4
935573.44823 1915952.59035 4
935573.223326 1915952.64719 4
935572.997655 1915952.69438 4
935572.795547 1915952.73706 4
935572.572099 1915952.77708 4
935572.369554 1915952.81488 4
935572.148904 1915952.84006 4
935571.940549 1915952.86934 4
935571.730812 1915952.89432 4
935571.520984 1915952.9198 4
935571.317272 1915952.94488 4
935571.110613 1915952.97346 4
935570.908846 1915953.00235 4
935570.693233 1915953.03359 4
935570.494031 1915953.06497 4
935570.298466 1915953.10751 4
935570.099747 1915953.15171 4
935569.892195 1915953.20394 4
935569.693798 1915953.25767 4
935569.485686 1915953.31514 4
935569.288396 1915953.37217 4
935569.090329 1915953.44531 4
935568.894475 1915953.51469 4
935568.710886 1915953.59732 4
935568.523681 1915953.68307 4
935568.338097 1915953.77129 4
935568.155983 1915953.85969 4
935567.972075 1915953.95037 4
935567.782254 1915954.04389 4
935567.597011 1915954.13553 4
935567.389137 1915954.23913 4
935567.184892 1915954.3478 4
935566.985747 1915954.44898 4
935566.784903 1915954.5527 4
935566.589723 1915954.65419 4
935566.411427 1915954.74594 4
935566.22083 1915954.84384 4
935566.01632 1915954.95079 4
935565.811134 1915955.05847 4
935565.624338 1915955.1557 4
935565.437642 1915955.25293 4
935565.217037 1915955.36817 4
935565.00008 1915955.48152 4
935564.77568 1915955.5984 4
935564.58136 1915955.6993 4
935564.377357 1915955.80406 4
935564.174463 1915955.90909 4
935563.994163 1915956.00605 4
935563.776181 1915956.12341 4
935563.58362 1915956.22519 4
935563.403816 1915956.32045 4
935563.170587 1915956.4444 4
935562.976367 1915956.54737 4
935562.795361 1915956.6431 4
935562.5891 1915956.75223 4
935562.386778 1915956.85921 4
935562.208409 1915956.95389 4
935562.024149 1915957.05116 4
935561.835361 1915957.15141 4
935561.625322 1915957.26328 4
935561.42517 1915957.36957 4
935561.199685 1915957.48949 4
935561.016315 1915957.5869 4
935560.826511 1915957.68798 4
935560.645985 1915957.78372 4
935560.467321 1915957.87876 4
935560.240995 1915957.99879 4
935560.044985 1915958.10259 4
935559.862681 1915958.19916 4
935559.660395 1915958.30602 4
935559.465419 1915958.40934 4
935559.274005 1915958.51065 4
935559.097148 1915958.60425 4
935558.913777 1915958.70153 4
935558.721816 1915958.80344 4
935558.53808 1915958.90108 4
935558.358131 1915958.99683 4
935558.164275 1915959.09993 4
