935641.238198 1916218.02239 7
935641.236497 1916217.8005 7
935641.234881 1916217.58972 7
935641.241965 1916217.35668 7
935641.239924 1916217.09042 7
935641.246583 1916216.80191 7
935641.253751 1916216.57996 7
935641.252136 1916216.36917 7
935641.259134 1916216.12504 7
935641.266133 1916215.8809 7
935641.255223 1916215.61471 7
935641.270921 1916215.34832 7
935641.277664 1916215.0709 7
935641.284408 1916214.79348 7
935641.282197 1916214.50504 7
935641.297725 1916214.21646 7
935641.28673 1916213.93917 7
935641.284689 1916213.67292 7
935641.282478 1916213.38447 7
935641.280437 1916213.11822 7
935641.269612 1916212.86312 7
935641.249832 1916212.597 7
935641.247791 1916212.33074 7
935641.246006 1916212.09777 7
935641.226311 1916211.84274 7
935641.206701 1916211.59881 7
935641.213615 1916211.34358 7
935641.220443 1916211.07726 7
935641.218573 1916210.83319 7
935641.216447 1916210.55584 7
935641.23223 1916210.30054 7
935641.239143 1916210.04531 7
935641.245972 1916209.77898 7
935641.261585 1916209.5015 7
935641.268329 1916209.22408 7
935641.274987 1916208.93557 7
935641.290855 1916208.69136 7
935641.306894 1916208.46935 7
935641.314062 1916208.2474 7
935641.320806 1916207.96998 7
935641.31902 1916207.737 7
935641.326189 1916207.51506 7
935641.333358 1916207.29311 7
935641.349566 1916207.09328 7
935641.35665 1916206.86024 7
935641.363648 1916206.6161 7
935641.361523 1916206.33875 7
935641.351037 1916206.12803 7
935641.349422 1916205.91725 7
935641.329897 1916205.68441 7
935641.310287 1916205.44047 7
935641.281808 1916205.19661 7
935641.235335 1916204.9196 7
935641.180077 1916204.65375 7
935641.107081 1916204.38804 7
935641.01626 1916204.11137 7
935640.916485 1916203.82367 7
935640.816795 1916203.54707 7
935640.690582 1916203.28176 7
935640.555499 1916203.01653 7
935640.411547 1916202.75136 7
935640.276549 1916202.49722 7
935640.141551 1916202.24307 7
935639.997599 1916201.9779 7
935639.871385 1916201.7126 7
935639.754041 1916201.44723 7
935639.627743 1916201.17083 7
935639.528053 1916200.89422 7
935639.437232 1916200.61755 7
935639.355196 1916200.32972 7
935639.291069 1916200.06394 7
935639.235811 1916199.79809 7
935639.198633 1916199.57648 7
935639.161369 1916199.34378 7
935639.133145 1916199.1332 7
935639.11328 1916198.85598 7
935639.09367 1916198.61205 7
935639.082845 1916198.35696 7
935639.089758 1916198.10173 7
935639.087718 1916197.83547 7
935639.077232 1916197.62475 7
935639.075447 1916197.39178 7
935639.091145 1916197.12539 7
935639.097888 1916196.84797 7
935639.095592 1916196.54843 7
935639.102761 1916196.32648 7
935639.127583 1916196.0933 7
935639.125628 1916195.83814 7
935639.132626 1916195.594 7
935639.166063 1916195.32747 7
935639.181676 1916195.04999 7
935639.197459 1916194.79469 7
935639.212987 1916194.50611 7
935639.237385 1916194.21746 7
935639.244043 1916193.92895 7
935639.268611 1916193.66249 7
935639.275184 1916193.36288 7
935639.273058 1916193.08553 7
935639.270932 1916192.80818 7
935639.277676 1916192.53076 7
935639.257811 1916192.25355 7
935639.26464 1916191.98722 7
935639.262599 1916191.72097 7
935639.260558 1916191.45471 7
935639.240778 1916191.18859 7
935639.256391 1916190.9111 7
935639.254435 1916190.65594 7
935639.270133 1916190.38955 7
935639.259138 1916190.11226 7
935639.248312 1916189.85717 7
935639.255141 1916189.59085 7
935639.261885 1916189.31343 7
935639.250889 1916189.03615 7
935639.248763 1916188.75879 7
935639.255422 1916188.47028 7
935639.261995 1916188.17068 7
935639.259869 1916187.89333 7
935639.257488 1916187.58269 7
935639.255107 1916187.27206 7
935639.261766 1916186.98355 7
935639.268254 1916186.67285 7
935639.274573 1916186.33996 7
935639.281061 1916186.02926 7
935639.287549 1916185.71856 7
935639.293953 1916185.39676 7
935639.291317 1916185.05285 7
935639.306505 1916184.71989 7
935639.321692 1916184.38693 7
935639.34575 1916184.05391 7
935639.369807 1916183.72089 7
935639.38491 1916183.37684 7
935639.382274 1916183.03292 7
935639.406331 1916182.6999 7
935639.421519 1916182.36694 7
935639.418883 1916182.02302 7
935639.433986 1916181.67897 7
935639.440389 1916181.35718 7
935639.437923 1916181.03545 7
935639.444242 1916180.70256 7
935639.44169 1916180.36974 7
935639.439309 1916180.05911 7
935639.436928 1916179.74848 7
935639.434632 1916179.44894 7
935639.44999 1916179.13817 7
935639.438825 1916178.8387 7
935639.454438 1916178.56121 7
935639.443272 1916178.26174 7
935639.450016 1916177.98433 7
935639.447805 1916177.69588 7
935639.454379 1916177.39627 7
935639.460952 1916177.09667 7
935639.449787 1916176.7972 7
935639.45653 1916176.51978 7
935639.44528 1916176.20921 7
935639.451853 1916175.90961 7
935639.449557 1916175.61007 7
935639.456131 1916175.31046 7
935639.462619 1916174.99976 7
935639.460238 1916174.68913 7
935639.466727 1916174.37843 7
935639.473045 1916174.04554 7
935639.488403 1916173.73477 7
935639.494806 1916173.41298 7
935639.501125 1916173.08009 7
935639.516398 1916172.75823 7
935639.522716 1916172.42534 7
935639.546774 1916172.09231 7
935639.544222 1916171.75949 7
935639.559495 1916171.43763 7
935639.574768 1916171.11577 7
935639.581087 1916170.78288 7
935639.59636 1916170.46102 7
935639.611633 1916170.13915 7
935639.618036 1916169.81736 7
935639.633309 1916169.4955 7
935639.666406 1916169.18459 7
935639.672895 1916168.87389 7
935639.697037 1916168.55196 7
935639.703526 1916168.24126 7
935639.709929 1916167.91947 7
935639.725287 1916167.6087 7
935639.73169 1916167.2869 7
935639.738094 1916166.96511 7
935639.744497 1916166.64331 7
935639.750901 1916166.32152 7
935639.74852 1916166.01089 7
935639.763793 1916165.68902 7
935639.761242 1916165.3562 7
935639.76756 1916165.02332 7
935639.765179 1916164.71268 7
935639.771413 1916164.3687 7
935639.777816 1916164.04691 7
935639.784219 1916163.72511 7
935639.781668 1916163.39229 7
935639.779287 1916163.08166 7
935639.785776 1916162.77096 7
935639.78331 1916162.44923 7
935639.780929 1916162.1386 7
935639.796202 1916161.81674 7
935639.793736 1916161.49501 7
935639.809009 1916161.17315 7
935639.806543 1916160.85142 7
935639.821901 1916160.54065 7
935639.828304 1916160.21886 7
935639.834708 1916159.89706 7
935639.841281 1916159.59746 7
935639.847685 1916159.27566 7
935639.862958 1916158.9538 7
935639.869446 1916158.6431 7
935639.87602 1916158.34349 7
935639.873809 1916158.05505 7
935639.871513 1916157.75551 7
935639.878086 1916157.4559 7
935639.88483 1916157.17848 7
935639.882704 1916156.90113 7
935639.898062 1916156.59036 7
935639.913505 1916156.29069 7
935639.919994 1916155.97999 7
935639.926567 1916155.68038 7
935639.941925 1916155.36961 7
935639.948329 1916155.04782 7
935639.972557 1916154.73698 7
935639.987915 1916154.42621 7
935639.994488 1916154.12661 7
935640.009846 1916153.81584 7
935640.025374 1916153.52726 7
935640.040817 1916153.22758 7
935640.047646 1916152.96126 7
935640.04552 1916152.68391 7
935640.070003 1916152.40636 7
935640.067962 1916152.1401 7
935640.074706 1916151.86268 7
935640.081364 1916151.57417 7
935640.105507 1916151.25224 7
935640.111825 1916150.91935 7
935640.109359 1916150.59762 7
935640.106808 1916150.2648 7
935640.113127 1916149.93191 7
935640.11953 1916149.61012 7
935640.117149 1916149.29949 7
935640.132507 1916148.98872 7
935640.103603 1916148.68938 7
935640.119131 1916148.4008 7
935640.116835 1916148.10126 7
935640.105755 1916147.81289 7
935640.103459 1916147.51335 7
935640.110117 1916147.22484 7
935640.107906 1916146.93639 7
935640.114565 1916146.64788 7
935640.112184 1916146.33725 7
935640.109888 1916146.03771 7
935640.116547 1916145.7492 7
935640.114251 1916145.44966 7
935640.11204 1916145.16121 7
935640.118613 1916144.86161 7
935640.107448 1916144.56214 7
935640.114107 1916144.27362 7
935640.12068 1916143.97402 7
935640.118639 1916143.70776 7
935640.125383 1916143.43034 7
935640.141081 1916143.16395 7
935640.147825 1916142.88653 7
935640.154568 1916142.60911 7
935640.169842 1916142.28725 7
935640.176245 1916141.96546 7
935640.191433 1916141.6325 7
935640.206791 1916141.32173 7
935640.21311 1916140.98884 7
935640.228128 1916140.6337 7
935640.225492 1916140.28978 7
935640.249379 1916139.93457 7
935640.246743 1916139.59066 7
935640.253146 1916139.26886 7
935640.259465 1916138.93597 7
935640.274823 1916138.6252 7
935640.272357 1916138.30348 7
935640.287715 1916137.99271 7
935640.294204 1916137.68201 7
935640.300692 1916137.37131 7
935640.307096 1916137.04951 7
935640.322624 1916136.76093 7
935640.320243 1916136.4503 7
935640.317862 1916136.13967 7
935640.324351 1916135.82897 7
935640.331009 1916135.54045 7
935640.337498 1916135.22975 7
935640.335202 1916134.93022 7
935640.350475 1916134.60835 7
935640.357134 1916134.31984 7
935640.345968 1916134.02037 7
935640.352372 1916133.69858 7
935640.35886 1916133.38788 7
935640.365434 1916133.08827 7
935640.380707 1916132.76641 7
935640.369287 1916132.43365 7
935640.375605 1916132.10077 7
935640.390963 1916131.79 7
935640.388667 1916131.49046 7
935640.40411 1916131.19078 7
935640.410769 1916130.90227 7
935640.417428 1916130.61376 7
935640.424086 1916130.32525 7
935640.430745 1916130.03673 7
935640.446443 1916129.77034 7
935640.444317 1916129.49299 7
935640.459846 1916129.20441 7
935640.466674 1916128.93809 7
935640.464719 1916128.68292 7
935640.489371 1916128.42756 7
935640.496115 1916128.15014 7
935640.511899 1916127.89484 7
935640.536296 1916127.60619 7
935640.55191 1916127.32871 7
935640.567608 1916127.06231 7
935640.583476 1916126.81811 7
935640.599344 1916126.5739 7
935640.606598 1916126.36305 7
935640.631676 1916126.16315 7
935640.63859 1916125.90792 7
935640.663413 1916125.67474 7
935640.679452 1916125.45273 7