935613.815373 1915997.98593 0
935613.855922 1915998.0598 0
935613.892287 1915998.12432 0
935613.930253 1915998.19131 0
935613.972733 1915998.26605 0
935614.021344 1915998.35152 0
935614.076749 1915998.44904 0
935614.115075 1915998.5164 0
935614.180736 1915998.6324 0
935614.218427 1915998.6989 0
935614.25347 1915998.76071 0
935614.29398 1915998.83226 0
935614.329147 1915998.89444 0
935614.373688 1915998.97337 0
935614.413688 1915999.04393 0
935614.450819 1915999.10968 0
935614.506885 1915999.20881 0
935614.563087 1915999.30806 0
935614.601274 1915999.37554 0
935614.668408 1915999.49388 0
935614.70468 1915999.55803 0
935614.748808 1915999.6361 0
935614.817125 1915999.75677 0
935614.859468 1915999.83152 0
935614.895637 1915999.89543 0
935614.941732 1915999.97694 0
935615.023958 1916000.12237 0
935615.064547 1916000.19416 0
935615.166526 1916000.3748 0
935615.245676 1916000.51505 0
935615.302569 1916000.61589 0
935615.338119 1916000.67894 0
935615.386754 1916000.76526 0
935615.447313 1916000.87251 0
935615.485862 1916000.94072 0
935615.534785 1916001.02717 0
935615.585989 1916001.11792 0
935615.638374 1916001.21064 0
935615.689983 1916001.30176 0
935615.741625 1916001.39325 0
935615.890079 1916001.6559 0
935615.993148 1916001.83851 0
935616.064489 1916001.96472 0
935616.107099 1916002.03996 0
935616.167944 1916002.14746 0
935616.243224 1916002.2807 0
935616.282175 1916002.34953 0
935616.351577 1916002.47205 0
935616.424982 1916002.60184 0
935616.468163 1916002.67806 0
935616.537728 1916002.80083 0
935616.593286 1916002.89885 0
935616.645519 1916002.99108 0
935616.725892 1916003.13306 0
935616.797365 1916003.25916 0
935616.839493 1916003.33353 0
935616.927755 1916003.4893 0
935616.996461 1916003.61047 0
935617.031134 1916003.67155 0
935617.096477 1916003.78693 0
935617.170612 1916003.91783 0
935617.240371 1916004.04085 0
935617.29894 1916004.14184 0
935617.387592 1916004.28993 0
935617.45857 1916004.41211 0
935617.517461 1916004.51348 0
935617.608309 1916004.66685 0
935617.689951 1916004.80238 0
935617.782788 1916004.95444 0
935617.864683 1916005.08754 0
935617.95105 1916005.22717 0
935618.015709 1916005.33131 0
935618.100855 1916005.46812 0
935618.143987 1916005.53739 0
935618.289068 1916005.76984 0
935618.348184 1916005.86474 0
935618.430849 1916005.99687 0
935618.478684 1916006.07354 0
935618.565833 1916006.21294 0
935618.649121 1916006.34618 0
935618.741357 1916006.49042 0
935618.833502 1916006.63075 0
935618.918563 1916006.75706 0
935618.965011 1916006.82687 0
935619.1004 1916007.03037 0
935619.194008 1916007.16694 0
935619.289607 1916007.30306 0
935619.367948 1916007.41255 0
935619.487172 1916007.57723 0
935619.583412 1916007.70896 0
935619.66459 1916007.81947 0
935619.786588 1916007.98481 0
935619.890592 1916008.12521 0
935619.968239 1916008.22992 0
935620.095185 1916008.39827 0
935620.322179 1916008.69865 0
935620.510323 1916008.94558 0
935620.604525 1916009.06776 0
935620.691778 1916009.18044 0
935620.818822 1916009.34402 0
935620.929864 1916009.48649 0
935621.047629 1916009.63736 0
935621.277056 1916009.93058 0
935621.374697 1916010.05526 0
935621.488643 1916010.2007 0
935621.605948 1916010.35034 0
935621.742936 1916010.52128 0
935621.825589 1916010.62242 0
935621.943811 1916010.76658 0
935622.067764 1916010.91926 0
935622.154624 1916011.02497 0
935622.280626 1916011.17585 0
935622.406601 1916011.32417 0
935622.549419 1916011.48959 0
935622.634199 1916011.58697 0
935622.758438 1916011.72928 0
935622.89842 1916011.88843 0
935622.998631 1916012.00205 0
935623.126905 1916012.14723 0
935623.249654 1916012.28585 0
935623.312971 1916012.35727 0
935623.445524 1916012.50679 0
935623.49606 1916012.5636 0
935623.631651 1916012.71634 0
935623.912617 1916013.03246 0
935623.967491 1916013.09423 0
935624.153756 1916013.30378 0
935624.266294 1916013.43029 0
935624.371464 1916013.54862 0
935624.525479 1916013.72178 0
935624.655188 1916013.86784 0
935624.758935 1916013.98456 0
935624.920708 1916014.16676 0
935625.059561 1916014.32296 0
935625.150442 1916014.4252 0
935625.303381 1916014.59738 0
935625.454355 1916014.77037 0
935625.532519 1916014.86167 0
935625.691293 1916015.05212 0
935625.823917 1916015.21116 0
935625.872813 1916015.26941 0
935626.059124 1916015.49337 0
935626.18897 1916015.65151 0
935626.261177 1916015.74039 0
935626.424225 1916015.94226 0
935626.554828 1916016.10553 0
935626.625398 1916016.19427 0
935626.785516 1916016.39621 0
935626.920622 1916016.56749 0
935626.982662 1916016.64633 0
935627.15801 1916016.8695 0
935627.222611 1916016.9518 0
935627.399106 1916017.1767 0
935627.474261 1916017.27259 0
935627.647035 1916017.49548 0
935627.769106 1916017.65715 0
935627.836218 1916017.74706 0
935627.995055 1916017.9624 0
935628.120646 1916018.13158 0
935628.183212 1916018.21665 0
935628.339266 1916018.43195 0
935628.467344 1916018.61166 0
935628.517204 1916018.68225 0
935628.717884 1916018.96928 0
935628.801552 1916019.09008 0
935628.856411 1916019.16966 0
935629.048876 1916019.45095 0
935629.131751 1916019.57417 0
935629.187805 1916019.65914 0
935629.352603 1916019.91705 0
935629.478716 1916020.12114 0
935629.656503 1916020.405 0
935629.762763 1916020.57728 0
935629.840132 1916020.70481 0
935629.962134 1916020.90835 0
935630.066325 1916021.08463 0
935630.139691 1916021.21014 0
935630.267365 1916021.43024 0
935630.361055 1916021.59293 0
935630.488151 1916021.81534 0
935630.685061 1916022.16979 0
935630.805871 1916022.39613 0
935630.964039 1916022.68932 0
935631.084046 1916022.91479 0
935631.196111 1916023.1289 0
935631.291033 1916023.31199 0
935631.391878 1916023.50835 0
935631.482865 1916023.68662 0
935631.571443 1916023.86095 0
935631.671266 1916024.05827 0
935631.75879 1916024.23173 0
935631.848813 1916024.41071 0
935631.936613 1916024.58551 0
935632.03409 1916024.77975 0
935632.119623 1916024.95036 0
935632.231682 1916025.174 0
935632.305925 1916025.3221 0
935632.39356 1916025.49727 0
935632.492545 1916025.69494 0
935632.570895 1916025.85153 0
935632.665518 1916026.04243 0
935632.758444 1916026.23549 0
935632.859797 1916026.44456 0
935632.92097 1916026.56988 0
935633.015533 1916026.76553 0
935633.171405 1916027.09334 0
935633.23849 1916027.23645 0
935633.326053 1916027.42431 0
935633.408849 1916027.60355 0
935633.515848 1916027.83601 0
935633.579371 1916027.9743 0
935633.676077 1916028.18585 0
935633.766227 1916028.38327 0
935633.83138 1916028.52598 0
935633.921217 1916028.7229 0
935634.020537 1916028.94084 0
935634.086039 1916029.08466 0
935634.17729 1916029.28478 0
935634.278712 1916029.50726 0
935634.341335 1916029.64457 0
935634.434061 1916029.84788 0
935634.533187 1916030.06509 0
935634.595951 1916030.20264 0
935634.687831 1916030.40398 0
935634.764622 1916030.57226 0
935634.853989 1916030.76808 0
935634.941555 1916030.96008 0
935635.0314 1916031.157 0
935635.104289 1916031.31693 0
935635.153352 1916031.42436 0
935635.283758 1916031.71028 0
935635.384318 1916031.9308 0
935635.452013 1916032.07917 0
935635.58023 1916032.36029 0
935635.672344 1916032.56225 0
935635.760055 1916032.75426 0
935635.845634 1916032.94171 0
935635.925626 1916033.11688 0
935635.972029 1916033.21939 0
935636.092429 1916033.49709 0
935636.192336 1916033.72615 0
935636.251709 1916033.86108 0
935636.338081 1916034.0577 0
935636.437176 1916034.28455 0
935636.495242 1916034.41824 0
935636.581849 1916034.6178 0
935636.660511 1916034.7999 0
935636.737009 1916034.97708 0
935636.825466 1916035.18216 0
935636.912961 1916035.38539 0
935636.977943 1916035.53652 0
935637.063026 1916035.73458 0
935637.15386 1916035.94604 0
935637.243531 1916036.15492 0
935637.305518 1916036.29966 0
935637.389579 1916036.49576 0
935637.483399 1916036.71471 0
935637.548533 1916036.86682 0
935637.632869 1916037.06389 0
935637.709433 1916037.24267 0
935637.785873 1916037.42107 0
935637.829584 1916037.52305 0
935637.950361 1916037.80491 0
935637.996888 1916037.91352 0
935638.155183 1916038.28335 0
935638.231863 1916038.46249 0
935638.35227 1916038.7441 0
935638.439837 1916038.94904 0
935638.485175 1916039.0552 0
935638.594936 1916039.31211 0
935638.679533 1916039.51005 0
935638.72726 1916039.62185 0
935638.858618 1916039.92902 0
935638.924677 1916040.08346 0
935638.961451 1916040.16935 0
935639.103682 1916040.5017 0
935639.163055 1916040.64054 0
935639.200894 1916040.729 0
935639.342369 1916041.05952 0
935639.407025 1916041.21052 0
935639.448242 1916041.30672 0
935639.58455 1916041.62544 0
935639.648282 1916041.7746 0
935639.691812 1916041.87645 0
935639.810094 1916042.15303 0
935639.886058 1916042.33069 0
935639.934363 1916042.4436 0
935640.064414 1916042.74758 0
935640.131796 1916042.90509 0
935640.212272 1916043.09308 0
935640.256488 1916043.19641 0
935640.434842 1916043.61293 0
935640.500778 1916043.76688 0
935640.592559 1916043.98116 0
935640.667691 1916044.15649 0
935640.74174 1916044.32937 0
935640.829015 1916044.53296 0
935640.909912 1916044.72181 0
935641.009014 1916044.95305 0
935641.067634 1916045.0898 0
935641.154271 1916045.29228 0
935641.24973 1916045.51516 0
935641.313282 1916045.66359 0
935641.395435 1916045.85551 0
935641.472601 1916046.03575 0
935641.549428 1916046.21526 0
935641.639281 1916046.42512 0
935641.725663 1916046.62687 0
935641.786676 1916046.76951 0
935641.8922 1916047.01611 0
935641.977683 1916047.21589 0
935642.040904 1916047.36358 0
935642.130578 1916047.57319 0
935642.222844 1916047.78869 0
935642.285364 1916047.9349 0
935642.377702 1916048.15066 0
935642.463141 1916048.35032 0
935642.497091 1916048.43152 0
935642.688704 1916048.89206 0
935642.738312 1916049.01036 0
935642.849503 1916049.27767 0
935642.930944 1916049.47495 0
935643.072675 1916049.82108 0
935643.157698 1916050.03013 0
935643.202727 1916050.14092 0
935643.32537 1916050.44307 0
935643.384105 1916050.588 0
935643.42625 1916050.69203 0
935643.537887 1916050.96776 0
935643.609509 1916051.14462 0
935643.651812 1916051.24927 0
935643.779198 1916051.56406 0
935643.84586 1916051.72852 0
935643.883761 1916051.82223 0
935644.00996 1916052.13871 0
935644.067262 1916052.28838 0
935644.106296 1916052.39333 0
935644.222549 1916052.70026 0
935644.30119 1916052.90774 0
935644.431067 1916053.25686 0
935644.511156 1916053.47596 0
935644.636003 1916053.82195 0
935644.671672 1916053.92173 0
935644.747902 1916054.13601 0
935644.835008 1916054.38207 0
935644.905632 1916054.58235 0
935644.966267 1916054.75464 0
935645.030594 1916054.93749 0
935645.105291 1916055.15028 0
935645.164588 1916055.31938 0
935645.253822 1916055.57365 0
935645.303534 1916055.71514 0
935645.375723 1916055.92069 0
935645.454437 1916056.14477 0
935645.505087 1916056.28872 0
935645.543739 1916056.39855 0
935645.658262 1916056.72412 0
935645.710476 1916056.87237 0
935645.750017 1916056.98478 0
935645.845974 1916057.25758 0
935645.914343 1916057.45196 0
935645.946672 1916057.544 0
935646.058894 1916057.86368 0
935646.117987 1916058.03216 0
935646.150053 1916058.12346 0
935646.263743 1916058.44768 0
935646.318049 1916058.60255 0
935646.392482 1916058.81472 0
935646.467982 1916059.02984 0
935646.540986 1916059.23785 0
935646.595937 1916059.39431 0
935646.665209 1916059.59139 0
935646.703859 1916059.70135 0
935646.826649 1916060.05109 0
935646.914807 1916060.30192 0
935646.978372 1916060.48281 0
935647.050079 1916060.68701 0
935647.118091 1916060.88078 0
935647.200613 1916061.11578 0
935647.252119 1916061.26255 0
935647.327458 1916061.47718 0
935647.404215 1916061.69573 0
935647.455881 1916061.84299 0
935647.526869 1916062.04535 0
935647.608444 1916062.27753 0
935647.65757 1916062.41755 0
935647.733028 1916062.63243 0
935647.800459 1916062.82436 0
935647.861877 1916062.99923 0
935647.935098 1916063.20797 0
935648.004643 1916063.41384 0
935648.059896 1916063.58495 0
935648.127194 1916063.79494 0
935648.19098 1916063.98974 0
935648.246716 1916064.16123 0
935648.310663 1916064.3603 0
935648.372276 1916064.55458 0
935648.446559 1916064.79165 0
935648.493623 1916064.94335 0
935648.55118 1916065.12987 0
935648.616917 1916065.34398 0
935648.709439 1916065.64675 0
935648.77331 1916065.85644 0
935648.847219 1916066.09973 0
935648.887334 1916066.23179 0
935648.950758 1916066.44074 0
935649.020747 1916066.67152 0
935649.066628 1916066.82283 0
935649.131727 1916067.03779 0
935649.19065 1916067.23239 0
935649.245991 1916067.41534 0
935649.312217 1916067.63422 0
935649.369167 1916067.82244 0
935649.41829 1916067.9848 0
935649.490414 1916068.22329 0
935649.551158 1916068.42427 0
935649.617034 1916068.64217 0
935649.67891 1916068.84682 0
935649.74099 1916069.05209 0
935649.797793 1916069.23994 0
935649.859026 1916069.44276 0
935649.918595 1916069.63993 0
935649.990973 1916069.87978 0
935650.034727 1916070.02471 0
935650.095034 1916070.22446 0
935650.16183 1916070.44591 0
935650.213206 1916070.61623 0
935650.274449 1916070.81941 0
935650.305653 1916070.92278 0
935650.33381 1916071.01622 0
935650.447395 1916071.3962 0
935650.47938 1916071.508 0
935650.566352 1916071.82886 0
935650.625515 1916072.04201 0
935650.722169 1916072.39207 0
935650.786219 1916072.628 0
935650.882319 1916072.98794 0
935650.939914 1916073.2057 0
935651.035145 1916073.56855 0
935651.094623 1916073.79648 0
935651.187965 1916074.15527 0
935651.238987 1916074.35182 0
935651.274695 1916074.48955 0
935651.340987 1916074.74761 0
935651.392249 1916074.95783 0
935651.420393 1916075.07811 0
935651.474871 1916075.3289 0
935651.520684 1916075.54318 0
935651.545604 1916075.65707 0
935651.598791 1916075.90564 0
935651.644141 1916076.12602 0
935651.666376 1916076.23705 0
935651.715057 1916076.48787 0
935651.756928 1916076.71027 0
935651.832854 1916077.12846 0
935651.857443 1916077.26712 0
935651.902448 1916077.52373 0
935651.925809 1916077.65797 0
935651.963601 1916077.87689 0
935652.003305 1916078.10804 0
935652.027808 1916078.25109 0
935652.065671 1916078.47232 0
935652.098193 1916078.66284 0
935652.123195 1916078.80907 0
935652.168824 1916079.07631 0
935652.203126 1916079.27675 0
935652.225016 1916079.40474 0
935652.268674 1916079.66646 0
935652.298696 1916079.8617 0
935652.316472 1916079.98548 0
935652.357133 1916080.25729 0
935652.386718 1916080.45508 0
935652.405233 1916080.58229 0
935652.443387 1916080.85442 0
935652.469048 1916081.04471 0
935652.483658 1916081.15563 0
935652.520561 1916081.44213 0
935652.546986 1916081.65355 0
935652.560652 1916081.76433 0
935652.595227 1916082.0486 0
935652.620854 1916082.2622 0
935652.632849 1916082.36295 0
935652.667964 1916082.65931 0
935652.728681 1916083.17574 0
935652.736904 1916083.24592 0
935652.77226 1916083.54729 0
935652.793451 1916083.72799 0
935652.810333 1916083.87165 0
935652.842343 1916084.14454 0
935652.86815 1916084.36412 0
935652.882328 1916084.48491 0
935652.912903 1916084.74533 0
935652.939006 1916084.96748 0
935652.948564 1916085.04866 0
935652.985276 1916085.36079 0
935653.012203 1916085.58954 0
935653.020716 1916085.66168 0
935653.057303 1916085.97393 0
935653.080942 1916086.19848 0
935653.088642 1916086.27853 0
935653.11249 1916086.56972 0
935653.131759 1916086.78993 0
935653.13868 1916086.86814 0
935653.163284 1916087.15689 0
935653.180346 1916087.37096 0
935653.189549 1916087.49192 0
935653.208366 1916087.75118 0
935653.22381 1916087.97596 0
935653.230347 1916088.07455 0
935653.248936 1916088.36357 0
935653.262612 1916088.58345 0
935653.287179 1916088.98996 0
935653.291627 1916089.06447 0
935653.31127 1916089.39867 0
935653.321351 1916089.57102 0
935653.329841 1916089.71674 0
935653.344983 1916089.97691 0
935653.356652 1916090.17711 0
935653.371791 1916090.4374 0
935653.379966 1916090.58568 0
935653.39065 1916090.81527 0
935653.394865 1916090.89869 0
935653.409468 1916091.18899 0
935653.41855 1916091.40709 0
935653.421222 1916091.47717 0
935653.43117 1916091.74068 0
935653.439053 1916091.94009 0
935653.443364 1916092.04828 0
935653.452712 1916092.2765 0
935653.459901 1916092.45137 0
935653.463753 1916092.54418 0
935653.474894 1916092.81331 0
935653.441895 1916092.94154 0
935653.414834 1916093.07913 0
935653.410588 1916093.16704 0
935653.417522 1916093.26564 0
935653.427199 1916093.34706 0
935653.438862 1916093.42059 0
935653.451212 1916093.50658 0
935653.464481 1916093.61259 0
935653.47724 1916093.72286 0
935653.484951 1916093.81952 0
935653.486408 1916093.90472 0
935653.492783 1916093.9856 0
935653.499951 1916094.06846 0
935653.507521 1916094.16157 0
935653.515055 1916094.26078 0
935653.521812 1916094.34545 0
935653.52716 1916094.42571 0
935653.532416 1916094.50988 0
935653.538847 1916094.6142 0
935653.544992 1916094.71253 0
935653.55228 1916094.82626 0
935653.559262 1916094.93242 0
935653.566806 1916095.04542 0
935653.574908 1916095.16941 0
935653.578705 1916095.29846 0
935653.587107 1916095.4382 0
935653.592941 1916095.56569 0
935653.597481 1916095.68157 0
935653.600938 1916095.77523 0
935653.604551 1916095.87548 0
935653.609585 1916096.0198 0
935653.612221 1916096.09697 0
935653.615468 1916096.19428 0
935653.618484 1916096.285 0
935653.620955 1916096.36106 0
935653.624277 1916096.46521 0
935653.626699 1916096.54237 0
935653.630092 1916096.65555 0
935653.632416 1916096.73796 0
935653.635776 1916096.84736 0
935653.638174 1916096.92415 0
935653.641211 1916097.02512 0
935653.643514 1916097.10021 0
935653.646576 1916097.19764 0
935653.648865 1916097.26882 0
935653.65154 1916097.35124 0
935653.654013 1916097.42901 0
935653.6565 1916097.50984 0
935653.661012 1916097.66404 0
935653.663476 1916097.74913 0
935653.665803 1916097.82947 0
935653.668436 1916097.91933 0
935653.670676 1916097.99356 0
935653.675 1916098.1336 0
935653.677754 1916098.22163 0
935653.681123 1916098.32858 0
935653.683632 1916098.40892 0
935653.686318 1916098.49451 0
935653.689382 1916098.59182 0
935653.691867 1916098.67179 0
935653.695736 1916098.79815 0
935653.699575 1916098.92647 0
935653.703244 1916099.04917 0
935653.706956 1916099.17297 0
935653.71052 1916099.29165 0
935653.714486 1916099.42253 0
