935614.333513 1915998.68058 7
935614.380892 1915998.77201 7
935614.431029 1915998.86652 7
935614.479191 1915998.95674 7
935614.542123 1915999.07452 7
935614.594949 1915999.17359 7
935614.654074 1915999.28473 7
935614.704215 1915999.379 7
935614.776928 1915999.51585 7
935614.824882 1915999.60619 7
935614.875484 1915999.7012 7
935614.939962 1915999.82254 7
935614.992117 1915999.92063 7
935615.04765 1916000.025 7
935615.120238 1916000.1616 7
935615.189428 1916000.29218 7
935615.265296 1916000.43543 7
935615.336632 1916000.57018 7
935615.41916 1916000.72586 7
935615.49169 1916000.86272 7
935615.571791 1916001.01372 7
935615.638106 1916001.13851 7
935615.706164 1916001.26687 7
935615.769803 1916001.38674 7
935615.844582 1916001.52753 7
935615.925325 1916001.67989 7
935615.978273 1916001.77945 7
935616.074134 1916001.96012 7
935616.186298 1916002.17131 7
935616.277016 1916002.342 7
935616.342525 1916002.4652 7
935616.440073 1916002.6487 7
935616.504596 1916002.77004 7
935616.604541 1916002.95773 7
935616.661452 1916003.06468 7
935616.781852 1916003.29088 7
935616.838601 1916003.39746 7
935616.886964 1916003.48841 7
935616.963121 1916003.6313 7
935617.02399 1916003.74551 7
935617.113586 1916003.91387 7
935617.212627 1916004.09984 7
935617.340167 1916004.33946 7
935617.402745 1916004.45699 7
935617.521015 1916004.6795 7
935617.605698 1916004.83875 7
935617.680006 1916004.97844 7
935617.739033 1916005.08957 7
935617.808489 1916005.22015 7
935617.884602 1916005.3634 7
935617.947317 1916005.48143 7
935618.021425 1916005.62074 7
935618.097778 1916005.76425 7
935618.238464 1916006.0286 7
935618.315749 1916006.17395 7
935618.482447 1916006.48277 7
935618.536328 1916006.57881 7
935618.700479 1916006.87222 7
935618.76384 1916006.98464 7
935618.92239 1916007.25709 7
935619.029519 1916007.43659 7
935619.177915 1916007.68179 7
935619.282455 1916007.85332 7
935619.422265 1916008.08154 7
935619.615096 1916008.39603 7
935619.690212 1916008.5184 7
935619.786185 1916008.67466 7
935619.868025 1916008.80787 7
935619.955642 1916008.95045 7
935620.048851 1916009.10215 7
935620.140506 1916009.25127 7
935620.223708 1916009.38658 7
935620.322311 1916009.54678 7
935620.421843 1916009.70761 7
935620.509017 1916009.84494 7
935620.600422 1916009.98575 7
935620.709506 1916010.15601 7
935620.789592 1916010.28102 7
935620.887991 1916010.43146 7
935620.997446 1916010.59562 7
935621.126248 1916010.78547 7
935621.199938 1916010.89293 7
935621.302909 1916011.04222 7
935621.430883 1916011.22657 7
935621.508914 1916011.33874 7
935621.607922 1916011.48064 7
935621.740528 1916011.66628 7
935621.822105 1916011.77802 7
935621.929643 1916011.92165 7
935622.044314 1916012.07527 7
935622.142209 1916012.20655 7
935622.315671 1916012.42981 7
935622.385664 1916012.515 7
935622.567879 1916012.72693 7
935622.688552 1916012.8676 7
935622.8239 1916013.02314 7
935622.91023 1916013.12043 7
935623.028795 1916013.25166 7
935623.164482 1916013.39927 7
935623.27502 1916013.51769 7
935623.402556 1916013.65126 7
935623.684118 1916013.93506 7
935623.774986 1916014.02705 7
935623.895288 1916014.14684 7
935624.039343 1916014.28763 7
935624.15436 1916014.39782 7
935624.279924 1916014.51623 7
935624.424669 1916014.65105 7
935624.579982 1916014.79471 7
935624.682804 1916014.88945 7
935624.828761 1916015.02332 7
935624.965506 1916015.14849 7
935625.075429 1916015.24896 7
935625.242628 1916015.40159 7
935625.374974 1916015.5223 7
935625.461803 1916015.60154 7
935625.651781 1916015.77552 7
935625.799932 1916015.91442 7
935626.0222 1916016.12565 7
935626.346508 1916016.4338 7
935626.454768 1916016.53912 7
935626.62864 1916016.71345 7
935626.751654 1916016.84207 7
935626.834432 1916016.93149 7
935626.997861 1916017.10786 7
935627.118609 1916017.23754 7
935627.366616 1916017.50909 7
935627.49582 1916017.65331 7
935627.571106 1916017.7381 7
935627.733583 1916017.92299 7
935627.864455 1916018.07321 7
935627.935419 1916018.15488 7
935628.104278 1916018.35 7
935628.239102 1916018.50834 7
935628.461553 1916018.77875 7
935628.589647 1916018.93821 7
935628.65462 1916019.01819 7
935628.844157 1916019.25416 7
935628.943003 1916019.37935 7
935629.207723 1916019.72096 7
935629.29233 1916019.83214 7
935629.402261 1916019.98068 7
935629.547711 1916020.18361 7
935629.690505 1916020.39248 7
935629.90011 1916020.69576 7
935630.005887 1916020.85132 7
935630.207724 1916021.15484 7
935630.318792 1916021.32501 7
935630.541717 1916021.67622 7
935630.619177 1916021.80326 7
935630.825007 1916022.157 7
935630.998908 1916022.45898 7
935631.103401 1916022.64455 7
935631.174734 1916022.7732 7
935631.270313 1916022.94764 7
935631.350818 1916023.09621 7
935631.421032 1916023.22668 7
935631.533982 1916023.43788 7
935631.620612 1916023.60082 7
935631.714042 1916023.77705 7
935631.80705 1916023.95291 7
935631.891513 1916024.11314 7
935631.954994 1916024.23386 7
935632.074779 1916024.46176 7
935632.163357 1916024.63035 7
935632.256991 1916024.81342 7
935632.429577 1916025.15358 7
935632.518796 1916025.32889 7
935632.701157 1916025.69373 7
935632.773933 1916025.84206 7
935632.955335 1916026.21641 7
935633.047646 1916026.40836 7
935633.205893 1916026.7389 7
935633.30841 1916026.95335 7
935633.367681 1916027.07742 7
935633.466588 1916027.28437 7
935633.568253 1916027.49734 7
935633.629471 1916027.62559 7
935633.722323 1916027.82 7
935633.823421 1916028.03162 7
935633.885617 1916028.16172 7
935633.980829 1916028.36068 7
935634.060943 1916028.52816 7
935634.13488 1916028.6826 7
935634.244825 1916028.91255 7
935634.333061 1916029.10224 7
935634.392622 1916029.23303 7
935634.495391 1916029.45957 7
935634.586829 1916029.65896 7
935634.639102 1916029.77462 7
935634.698952 1916029.90883 7
935634.920986 1916030.42159 7
935635.063466 1916030.75944 7
935635.135039 1916030.93118 7
935635.193121 1916031.07158 7
935635.29413 1916031.31676 7
935635.36567 1916031.49106 7
935635.405541 1916031.58847 7
935635.515473 1916031.85722 7
935635.604307 1916032.07462 7
935635.745805 1916032.42149 7
935635.828723 1916032.62477 7
935635.874212 1916032.7363 7
935635.980808 1916032.99755 7
935636.064298 1916033.2023 7
935636.106541 1916033.30597 7
935636.208947 1916033.55678 7
935636.292004 1916033.76043 7
935636.338568 1916033.87442 7
935636.440882 1916034.12535 7
935636.523254 1916034.3274 7
935636.566279 1916034.43279 7
935636.676773 1916034.70362 7
935636.759788 1916034.90703 7
935636.800865 1916035.00775 7
935636.930671 1916035.32575 7
935636.987889 1916035.46577 7
935637.115563 1916035.77825 7
935637.17493 1916035.92368 7
935637.252961 1916036.1148 7
935637.322761 1916036.28578 7
935637.429176 1916036.54642 7
935637.484249 1916036.68128 7
935637.525042 1916036.78114 7
935637.659646 1916037.11118 7
935637.720989 1916037.2614 7
935637.760295 1916037.35782 7
935637.875256 1916037.63946 7
935637.947112 1916037.81548 7
935637.992014 1916037.92553 7
935638.118088 1916038.23456 7
935638.182386 1916038.39227 7
935638.223996 1916038.49446 7
935638.346289 1916038.79465 7
935638.441593 1916039.02876 7
935638.575066 1916039.35695 7
935638.669295 1916039.5886 7
935638.808793 1916039.93128 7
935638.885018 1916040.11847 7
935638.95016 1916040.27826 7
935639.00552 1916040.41423 7
935639.088398 1916040.61763 7
935639.178014 1916040.83762 7
935639.235154 1916040.97776 7
935639.323765 1916041.19529 7
935639.432251 1916041.46145 7
935639.487995 1916041.59828 7
935639.528218 1916041.69703 7
935639.660666 1916042.02203 7
935639.723251 1916042.17569 7
935639.805257 1916042.37688 7
935639.879826 1916042.55977 7
935639.949834 1916042.7316 7
935639.993831 1916042.83957 7
935640.121151 1916043.1518 7
935640.184162 1916043.30643 7
935640.223016 1916043.40163 7
935640.350415 1916043.7141 7
935640.44064 1916043.93519 7
935640.495777 1916044.0703 7
935640.582816 1916044.28353 7
935640.679221 1916044.51985 7
935640.81461 1916044.85136 7
935640.912668 1916045.09161 7
935641.04895 1916045.42546 7
935641.125484 1916045.6129 7
935641.182603 1916045.75292 7
935641.285259 1916046.00484 7
935641.365989 1916046.20271 7
935641.413144 1916046.31842 7
935641.519391 1916046.57905 7
935641.557862 1916046.67339 7
935641.600781 1916046.77865 7
935641.756533 1916047.16076 7
935641.839969 1916047.36552 7
935641.917428 1916047.55565 7
935641.993816 1916047.74308 7
935642.07469 1916047.94157 7
935642.144486 1916048.11279 7
935642.189277 1916048.22272 7
935642.309872 1916048.51837 7
935642.381216 1916048.69352 7
935642.46103 1916048.88955 7
935642.545337 1916049.09663 7
935642.613937 1916049.26491 7
935642.69316 1916049.45971 7
935642.780812 1916049.67514 7
935642.847793 1916049.83973 7
935642.926519 1916050.03318 7
935643.011045 1916050.24088 7
935643.106596 1916050.47572 7
935643.157958 1916050.60174 7
935643.240576 1916050.80465 7
935643.341066 1916051.05128 7
935643.392866 1916051.17853 7
935643.47524 1916051.38046 7
935643.577138 1916051.63066 7
935643.715157 1916051.96941 7
935643.80879 1916052.19922 7
935643.883525 1916052.38272 7
935643.923802 1916052.48148 7
935644.000242 1916052.66903 7
935644.079265 1916052.86298 7
935644.159228 1916053.05925 7
935644.231907 1916053.23772 7
935644.341399 1916053.50634 7
935644.396649 1916053.64207 7
935644.438071 1916053.74364 7
935644.573769 1916054.07675 7
935644.626657 1916054.20658 7
935644.671409 1916054.31651 7
935644.786096 1916054.59802 7
935644.876483 1916054.81997 7
935644.95289 1916055.00765 7
935645.025306 1916055.18538 7
935645.116607 1916055.40929 7
935645.182666 1916055.57142 7
935645.259342 1916055.75947 7
935645.34969 1916055.98093 7
935645.424019 1916056.16308 7
935645.507648 1916056.36772 7
935645.58232 1916056.55036 7
935645.660442 1916056.74149 7
935645.838129 1916057.17606 7
935645.891342 1916057.3065 7
935645.973509 1916057.50806 7
935646.067514 1916057.73848 7
935646.198718 1916058.06066 7
935646.354589 1916058.44338 7
935646.427211 1916058.62161 7
935646.468 1916058.72171 7
935646.591336 1916059.02448 7
935646.672476 1916059.22346 7
935646.750076 1916059.41384 7
935646.822128 1916059.59046 7
935646.906353 1916059.79694 7
935646.986202 1916059.99272 7
935647.059342 1916060.17193 7
935647.142932 1916060.37705 7
935647.216286 1916060.56297 7
935647.300635 1916060.78665 7
935647.358872 1916060.94085 7
935647.428403 1916061.12159 7
935647.467731 1916061.22435 7
935647.56795 1916061.48904 7
935647.64543 1916061.69663 7
935647.797566 1916062.11005 7
935647.848583 1916062.2501 7
935647.919729 1916062.44636 7
935647.999092 1916062.66605 7
935648.054557 1916062.81996 7
935648.090159 1916062.91913 7
935648.198818 1916063.22203 7
935648.281484 1916063.45276 7
935648.333412 1916063.59783 7
935648.509597 1916064.09254 7
935648.548558 1916064.20592 7
935648.617563 1916064.40446 7
935648.72602 1916064.71431 7
935648.775525 1916064.85739 7
935648.811951 1916064.96328 7
935648.920425 1916065.28168 7
935649.007968 1916065.54153 7
935649.103009 1916065.82493 7
935649.200003 1916066.11508 7
935649.292413 1916066.39893 7
935649.367859 1916066.64627 7
935649.472081 1916066.99816 7
935649.534339 1916067.20562 7
935649.609223 1916067.46052 7
935649.687988 1916067.73622 7
935649.728367 1916067.88049 7
935649.767153 1916068.02035 7
935649.8495 1916068.32222 7
935649.891534 1916068.47848 7
935649.928169 1916068.61549 7
935649.984856 1916068.82897 7
935650.044776 1916069.05593 7
935650.143388 1916069.43165 7
935650.215989 1916069.70932 7
935650.256946 1916069.86618 7
935650.313817 1916070.08442 7
935650.358375 1916070.25853 7
935650.404286 1916070.44646 7
935650.454364 1916070.65923 7
935650.500784 1916070.85155 7
935650.544345 1916071.03371 7
935650.591635 1916071.23667 7
935650.635413 1916071.43017 7
935650.720821 1916071.82179 7
935650.768121 1916072.04525 7
935650.815077 1916072.27115 7
935650.845908 1916072.42113 7
935650.890222 1916072.63856 7
935650.926873 1916072.81975 7
935650.965006 1916073.00853 7
935651.006545 1916073.2153 7
935651.048107 1916073.42256 7
935651.085506 1916073.6095 7
935651.129579 1916073.82962 7
935651.167125 1916074.01692 7
935651.21548 1916074.25846 7
935651.24608 1916074.41149 7
935651.291398 1916074.63772 7
935651.326509 1916074.81315 7
935651.393893 1916075.14957 7
935651.437838 1916075.36907 7
935651.460128 1916075.48047 7
935651.51551 1916075.75703 7
935651.560699 1916075.98277 7
935651.594751 1916076.15281 7
935651.636705 1916076.36228 7
935651.677855 1916076.56758 7
935651.701874 1916076.68731 7
935651.756298 1916076.95884 7
935651.799811 1916077.17578 7
935651.822303 1916077.28791 7
935651.888843 1916077.6198 7
935651.919972 1916077.77503 7
935651.942607 1916077.88778 7
935652.01021 1916078.22481 7
935652.041539 1916078.3809 7
935652.086495 1916078.60494 7
935652.131281 1916078.82824 7
935652.161113 1916078.97673 7
935652.207742 1916079.20885 7
935652.255475 1916079.44635 7
935652.283045 1916079.58359 7
935652.304531 1916079.69278 7
935652.360518 1916079.99851 7
935652.391199 1916080.1868 7
935652.40758 1916080.28701 7
935652.45919 1916080.58791 7
935652.502092 1916080.84241 7
935652.565351 1916081.23405 7
935652.602303 1916081.47138 7
935652.635982 1916081.69279 7
935652.661399 1916081.86294 7
935652.698988 1916082.11871 7
935652.721582 1916082.27442 7
935652.754214 1916082.5013 7
935652.787807 1916082.73687 7
935652.808526 1916082.88291 7
935652.840194 1916083.1071 7
935652.873434 1916083.34278 7
935652.894112 1916083.49138 7
935652.921349 1916083.70354 7
935652.947568 1916083.92886 7
935652.966943 1916084.09038 7
935652.992084 1916084.29713 7
935653.013209 1916084.4782 7
935653.035785 1916084.68126 7
935653.056395 1916084.87647 7
935653.079908 1916085.10993 7
935653.095191 1916085.26686 7
935653.115905 1916085.48636 7
935653.136487 1916085.71123 7
935653.157088 1916085.94073 7
935653.169406 1916086.0798 7
935653.189028 1916086.30368 7
935653.208298 1916086.53145 7
935653.219378 1916086.68124 7
935653.245285 1916087.17357 7
935653.250515 1916087.33632 7
935653.259072 1916087.55099 7
935653.265166 1916087.71888 7
935653.270848 1916087.91569 7
935653.275031 1916088.12334 7
935653.276872 1916088.28335 7
935653.276871 1916088.51631 7
935653.275774 1916088.65187 7
935653.27404 1916088.84405 7
935653.272608 1916088.99791 7
935653.271242 1916089.15336 7
935653.269813 1916089.3243 7
935653.268535 1916089.47902 7
935653.266827 1916089.68303 7
935653.265919 1916089.7865 7
935653.263207 1916090.11058 7
935653.263884 1916090.22372 7
935653.26607 1916090.52176 7
935653.265948 1916090.69016 7
935653.26587 1916090.86442 7
935653.266053 1916090.98951 7
935653.266545 1916091.21064 7
935653.266903 1916091.53062 7
935653.266832 1916091.7266 7
935653.266419 1916091.93259 7
935653.270945 1916092.09936 7
935653.272885 1916092.26084 7
935653.275025 1916092.43758 7
935653.276957 1916092.57172 7
935653.279458 1916092.72284 7
935653.282368 1916092.88568 7
935653.285682 1916093.06341 7
935653.289078 1916093.22736 7
935653.29158 1916093.32746 7
935653.295364 1916093.52754 7
935653.298294 1916093.70258 7
935653.300081 1916093.80731 7
935653.303349 1916093.9909 7
935653.307692 1916094.23467 7
935653.311165 1916094.42937 7
935653.314176 1916094.59831 7
935653.31671 1916094.73966 7
935653.319049 1916094.86637 7
935653.321935 1916095.0192 7
935653.325258 1916095.19352 7
935653.328161 1916095.3433 7
935653.333184 1916095.56438 7
935653.338522 1916095.69724 7
935653.344042 1916095.91674 7
935653.347415 1916096.03016 7
935653.356062 1916096.27571 7
935653.360291 1916096.38707 7
935653.36945 1916096.61664 7
935653.375437 1916096.74804 7
935653.380275 1916096.85563 7
935653.388737 1916097.05224 7
935653.39545 1916097.21282 7
935653.400105 1916097.32333 7
935653.40922 1916097.53642 7
935653.413907 1916097.64303 7
935653.4195 1916097.76943 7
935653.425007 1916097.89448 7
935653.43019 1916098.01305 7
935653.436716 1916098.16814 7
935653.443506 1916098.33165 7
935653.448955 1916098.46329 7
935653.454404 1916098.59395 7
935653.459837 1916098.72461 7
935653.464322 1916098.83817 7